Notes: Fitted parabola on 29-08-2024 19-09-52 
Numbers: ['00022', '00023', '00024', '00025', '00026', '00027', '00028', '00029', '00030', '00031', '00032', '00033', '00034', '00035', '00036', '00037', '00038', '00039', '00040', '00041']
As: [5.975184829270662, 6.8113151363559, 7.744601936429347, 0.7654989888903531, 1.5675290824702834, 2.3005219400175956, 2.8834556241489215, 0.669321987677353, 3.711584344230906, 0.9368391972735806, 1.2354653985190638, 1.1582660392499493, 3.4264319230369646, 0.4047560959100225, 2.5188655649295506, 1.9369632470522582, 1.3279218445387375, 0.5015072724400776, -94.31486345420154, 7.2048531061375956]
Errors on As: [0.04847063136614428, 0.08059615188260275, 0.05914088307229484, 0.01142997117777863, 0.008955627576328703, 0.013367471722547162, 0.018256725600991848, 0.009897223267756038, 0.01437195307676173, 0.01675644234967153, 0.018800995549396377, 0.00976700738752288, 0.022776408457659544, 0.01591502560720487, 0.021104610232717265, 0.014784884201760827, 0.014708953077892493, 0.015431872468755796, 3187.690956735187, 0.07615815712360083]
FWHMS: [2.9560204956457112, 3.625117988505033, 3.0691951785935325, 1.44110728801954, 1.352463594941098, 1.4427791100896397, 1.5949693875550266, 0.73631788361788, 1.5085203539719734, 0.6216791140197409, 1.2121342107137576, 0.9689474655274612, 1.7383443673633294, 1.0780489070811716, 1.9014557916452492, 1.5879346902252627, 1.2463209381100695, 1.0324469584001144, 37.10700809417225, 3.8865666999945567]
Errors on FWHMS: [0.13938923478487186, 0.26102337853525065, 0.1704701036112071, 0.03010202600347976, 0.021151514573469338, 0.03149430789130865, 0.04316714927765715, 0.023857700858495163, 0.03420964525158402, 0.039462622990529474, 0.04474108282949467, 0.023044028903728035, 0.054014592697242535, 0.039649333902032284, 0.050663163695158726, 0.03499112932888211, 0.034882500618093816, 0.04049449583693668, 577.9704277710968, 0.2694378425580611]
Centers: [0.07361130346345243, 0.058525579385764415, 0.07070436455183826, 0.15590142227285375, 0.16909510008929254, 0.14904380550181992, 0.1400156313755394, 0.3993504748217024, 0.146743611614594, 0.2549123116768426, 0.27137184334408687, 0.29005256270962854, 0.12630794458100233, 0.32172712743711335, 0.10543849311836463, 0.11712353848053504, 0.11745155641562291, 0.10480491877131938, 34272987.49828027, 0.04950583929912687]
Errors on Centers: [0.0022415362551476176, 0.0021634019060603723, 0.0023861722572415087, 0.0022301704108090856, 0.0022845198278571943, 0.002816686560851487, 0.003270417430612317, 0.010953141202870127, 0.002853860667366314, 0.014011721415987057, 0.00859201330147945, 0.005964718452257478, 0.003378394345664052, 0.006583401242973162, 0.0023907428892498655, 0.002225738470142325, 0.002829127672882222, 0.0026828268196206592, 22412126102.935963, 0.0016383594957154286]
Integrals: [2.0139021229587376e-11, 1.780464229371356e-11, 1.9562029379296742e-11, 2.138342323571157e-11, 2.4259002410376213e-11, 2.2861237683102906e-11, 2.3663445621055706e-11, 3.0792736119903843e-11, 2.3366414779292293e-11, 1.68644463921352e-11, 3.472419330258475e-11, 2.9841164893558254e-11, 2.3202783245667338e-11, 2.996532428796057e-11, 2.102666293702978e-11, 1.9684665949567437e-11, 1.5484942679794225e-11, 1.0062204878820457e-11, 7.467057489143206e-12, 1.565157950048145e-11]
Integral Errors: [2.2358805062502735e-25, 1.9767123819695654e-25, 2.1718215425289003e-25, 8.69353477362245e-22, 1.039094782789627e-19, 1.4618448786683765e-16, 3.889112335446377e-18, 6.166384720053095e-15, 4.07374610009168e-17, 3.2659669172591008e-12, 1.6016904167764803e-16, 4.166326171271363e-15, 1.2979839322875842e-18, 1.6254315500378954e-19, 8.949408214865136e-20, 2.3479250397574385e-18, 2.3156581061679848e-17, 3.2466174952454436e-19, 8.290099150646498e-26, 1.7376743933185614e-25]
