Experiment	Z spectroscopy	
Saved Date	29.08.2024 16:24:32	
User		
Date		
X (m)	379.778E-9	
Y (m)	-209.886E-9	
Z (m)	-78.8045E-9	
Z offset (m)	1E-9	
Z sweep distance (m)	1E-9	
Settling time (s)	50E-3	
Integration time (s)	400E-3	
Final Z (m)	N/A	
Start time	29.08.2024 16:21:30	
Filter type	None	
Order		
Cutoff frq		

[DATA]
Z rel (m)	Current (A)	Bias (V)	OC D1 Phase (deg)	OC D1 Amplitude (m)	OC M1 Freq. Shift (Hz)	OC M1 Excitation (V)	LI Demod 1 X (A)	LI Demod 1 Y (A)
999.99997E-12	1.7565243E-12	500.00000E-3	411.95226E-3	80.074843E-12	-96.191764E-3	357.74903E-6	-2.3733186E-12	25.548413E-15
997.49997E-12	1.7303729E-12	500.00000E-3	222.97658E-3	79.888256E-12	-76.513782E-3	377.24461E-6	-2.3726234E-12	2.7207880E-15
994.99997E-12	1.7126178E-12	500.00000E-3	31.811409E-3	80.163737E-12	-92.311598E-3	319.24108E-6	-2.3875422E-12	-22.635710E-15
992.49997E-12	1.6853415E-12	500.00000E-3	-244.00426E-3	80.027852E-12	-95.401861E-3	336.65876E-6	-2.3833175E-12	13.181845E-15
989.99997E-12	1.6675680E-12	500.00000E-3	-404.57842E-3	79.838039E-12	-145.83907E-3	360.10248E-6	-2.3319625E-12	21.470417E-15
987.49997E-12	1.6498115E-12	500.00000E-3	255.15246E-3	80.044922E-12	-97.127490E-3	345.23036E-6	-2.3888079E-12	26.336928E-15
984.99997E-12	1.6369223E-12	500.00000E-3	-66.942826E-3	80.080761E-12	-122.57181E-3	339.44249E-6	-2.3978777E-12	-1.5589243E-15
982.49997E-12	1.6149140E-12	500.00000E-3	273.93031E-3	79.938681E-12	-110.12369E-3	362.68454E-6	-2.3910704E-12	24.881733E-15
979.99997E-12	1.6041145E-12	500.00000E-3	-396.11349E-3	80.022780E-12	-176.54049E-3	355.72259E-6	-2.3749236E-12	5.5013270E-15
977.49997E-12	1.5896269E-12	500.00000E-3	157.92945E-3	79.846491E-12	-102.21655E-3	389.40742E-6	-2.3774674E-12	29.195210E-15
974.99997E-12	1.5792586E-12	500.00000E-3	483.84382E-6	80.077951E-12	-106.13375E-3	368.85749E-6	-2.3933711E-12	20.628715E-15
972.49997E-12	1.5705756E-12	500.00000E-3	-225.00592E-3	80.119619E-12	-155.72989E-3	346.19457E-6	-2.4036040E-12	7.4692966E-15
969.99997E-12	1.5570811E-12	500.00000E-3	287.11128E-3	79.810859E-12	-82.634516E-3	336.92355E-6	-2.3789252E-12	7.3628805E-15
967.49997E-12	1.5486404E-12	500.00000E-3	175.45934E-3	79.913652E-12	-77.443771E-3	383.34422E-6	-2.3930228E-12	10.732959E-15
964.99997E-12	1.5417139E-12	500.00000E-3	-131.41173E-3	79.990375E-12	-117.31167E-3	336.07573E-6	-2.4021939E-12	11.167143E-15
962.49997E-12	1.5259452E-12	500.00000E-3	183.53407E-3	80.076980E-12	-82.426123E-3	338.52551E-6	-2.3921809E-12	11.633681E-15
959.99997E-12	1.5228364E-12	500.00000E-3	-234.16311E-3	79.900662E-12	-125.54108E-3	360.93788E-6	-2.3694189E-12	34.529589E-15
957.49997E-12	1.5140826E-12	500.00000E-3	81.248164E-3	79.976248E-12	-112.52420E-3	361.12641E-6	-2.3886327E-12	42.436266E-15
954.99997E-12	1.5012423E-12	500.00000E-3	210.97335E-3	80.181861E-12	-79.328239E-3	336.33644E-6	-2.3758892E-12	18.374179E-15
952.49997E-12	1.4921107E-12	500.00000E-3	-256.38849E-3	79.813677E-12	-96.918151E-3	374.30489E-6	-2.3799723E-12	25.684209E-15
949.99997E-12	1.4914247E-12	500.00000E-3	21.174403E-3	79.920369E-12	-125.64491E-3	351.00803E-6	-2.3862694E-12	47.447987E-15
947.49997E-12	1.4737081E-12	500.00000E-3	1.5936983E-3	79.918537E-12	-110.16893E-3	360.94716E-6	-2.3701119E-12	26.006492E-15
944.99997E-12	1.4664597E-12	500.00000E-3	-138.94638E-3	80.028831E-12	-140.22073E-3	359.42008E-6	-2.3961978E-12	13.949327E-15
942.49997E-12	1.4605972E-12	500.00000E-3	178.80139E-3	79.942115E-12	-98.364621E-3	351.15582E-6	-2.3773691E-12	27.326377E-15
939.99997E-12	1.4588036E-12	500.00000E-3	-233.49097E-3	79.943115E-12	-149.18499E-3	360.55472E-6	-2.4302962E-12	33.468931E-15
937.49997E-12	1.4517970E-12	500.00000E-3	-164.74088E-3	80.137084E-12	-160.00256E-3	330.21369E-6	-2.3908319E-12	23.479228E-15
934.99997E-12	1.4403756E-12	500.00000E-3	121.89429E-3	79.878958E-12	-134.85765E-3	391.93750E-6	-2.3782814E-12	16.679954E-15
932.49997E-12	1.4403100E-12	500.00000E-3	-223.71063E-3	79.976921E-12	-154.22644E-3	378.76095E-6	-2.3789295E-12	8.7337610E-15
929.99997E-12	1.4340172E-12	500.00000E-3	276.29462E-3	79.977518E-12	-108.46074E-3	376.36425E-6	-2.3682057E-12	29.992413E-15
927.49997E-12	1.4246591E-12	500.00000E-3	-111.35868E-3	80.000180E-12	-136.83708E-3	355.90556E-6	-2.3778726E-12	28.556313E-15
924.99997E-12	1.4188141E-12	500.00000E-3	124.98368E-3	79.991062E-12	-67.820422E-3	362.09277E-6	-2.3751836E-12	33.855849E-15
922.49997E-12	1.4109119E-12	500.00000E-3	-201.72653E-3	79.972542E-12	-143.58965E-3	353.03456E-6	-2.4225357E-12	13.786235E-15
919.99997E-12	1.4051377E-12	500.00000E-3	125.51492E-3	79.947576E-12	-103.30481E-3	363.29508E-6	-2.3637299E-12	24.186526E-15
917.49996E-12	1.4047845E-12	500.00000E-3	-236.06043E-3	79.844471E-12	-162.91641E-3	393.59118E-6	-2.3662610E-12	42.354036E-15
914.99996E-12	1.3959054E-12	500.00000E-3	167.65499E-3	80.093793E-12	-124.91118E-3	361.47636E-6	-2.3447266E-12	19.740784E-15
912.49996E-12	1.3880355E-12	500.00000E-3	-131.32721E-3	79.981397E-12	-144.37220E-3	354.60771E-6	-2.3807267E-12	17.412729E-15
909.99996E-12	1.3866662E-12	500.00000E-3	222.57371E-3	79.903889E-12	-102.94859E-3	362.30325E-6	-2.3547000E-12	7.9289856E-15
907.49996E-12	1.3801515E-12	500.00000E-3	4.3865526E-3	79.980036E-12	-137.76590E-3	367.52949E-6	-2.3915943E-12	15.336641E-15
904.99996E-12	1.3743576E-12	500.00000E-3	2.1827042E-3	79.960032E-12	-121.65878E-3	353.63829E-6	-2.3875478E-12	23.057724E-15
902.49996E-12	1.3650782E-12	500.00000E-3	16.812619E-3	79.962849E-12	-144.81297E-3	363.84453E-6	-2.3907055E-12	22.501762E-15
899.99996E-12	1.3626230E-12	500.00000E-3	167.82713E-3	80.023731E-12	-92.010833E-3	353.99513E-6	-2.3974186E-12	24.333979E-15
897.49996E-12	1.3586366E-12	500.00000E-3	-51.939826E-3	79.986059E-12	-122.56687E-3	370.93338E-6	-2.3688395E-12	4.3004663E-15
894.99996E-12	1.3524537E-12	500.00000E-3	-116.22004E-3	79.889040E-12	-152.99186E-3	392.87569E-6	-2.4057143E-12	37.655436E-15
892.49996E-12	1.3455281E-12	500.00000E-3	-65.960929E-3	80.360767E-12	-149.38809E-3	300.90465E-6	-2.3684418E-12	40.627959E-15
889.99996E-12	1.3379380E-12	500.00000E-3	-71.780875E-3	79.936904E-12	-153.87894E-3	322.47673E-6	-2.3673838E-12	19.329790E-15
887.49996E-12	1.3292127E-12	500.00000E-3	45.717634E-3	79.805690E-12	-130.11852E-3	383.50202E-6	-2.3786945E-12	37.029970E-15
884.99996E-12	1.3339137E-12	500.00000E-3	-100.18250E-3	79.999597E-12	-159.51632E-3	371.84465E-6	-2.3733153E-12	15.359008E-15
882.49996E-12	1.3255458E-12	500.00000E-3	191.81904E-3	79.969732E-12	-133.67239E-3	362.49062E-6	-2.3876975E-12	53.632029E-15
879.99996E-12	1.3221733E-12	500.00000E-3	-54.831054E-3	80.065725E-12	-168.19637E-3	335.20279E-6	-2.4087091E-12	35.819204E-15
877.49996E-12	1.3169717E-12	500.00000E-3	198.07902E-3	79.881469E-12	-146.35928E-3	386.35943E-6	-2.3482210E-12	11.020664E-15
874.99996E-12	1.3140872E-12	500.00000E-3	-89.490488E-3	80.071075E-12	-194.39788E-3	356.08109E-6	-2.3790011E-12	8.1478090E-15
872.49996E-12	1.3117956E-12	500.00000E-3	38.795445E-3	79.919342E-12	-152.03109E-3	362.79726E-6	-2.3969726E-12	12.354378E-15
869.99996E-12	1.3104908E-12	500.00000E-3	-2.2025816E-3	79.930507E-12	-132.75640E-3	371.11150E-6	-2.3686448E-12	20.840907E-15
867.49996E-12	1.3012217E-12	500.00000E-3	115.63474E-3	80.119238E-12	-148.65072E-3	356.14456E-6	-2.3813870E-12	32.533279E-15
864.99996E-12	1.3030921E-12	500.00000E-3	-784.00498E-6	79.984665E-12	-126.61955E-3	361.10028E-6	-2.3717996E-12	19.800327E-15
862.49996E-12	1.2922029E-12	500.00000E-3	-125.53208E-3	79.879194E-12	-143.97892E-3	388.45584E-6	-2.3674751E-12	6.0077997E-15
859.99996E-12	1.2926956E-12	500.00000E-3	-59.264749E-3	80.189716E-12	-169.04032E-3	352.91884E-6	-2.3676074E-12	25.098430E-15
857.49996E-12	1.2881171E-12	500.00000E-3	13.937810E-3	79.957159E-12	-138.92846E-3	337.40781E-6	-2.3673975E-12	-4.5700134E-15
854.99996E-12	1.2821690E-12	500.00000E-3	-162.79596E-3	79.805884E-12	-139.71120E-3	379.63159E-6	-2.3773572E-12	5.4665990E-15
852.49996E-12	1.2818484E-12	500.00000E-3	64.435117E-3	80.176359E-12	-141.66695E-3	357.26625E-6	-2.3932232E-12	883.16589E-18
849.99996E-12	1.2781913E-12	500.00000E-3	225.97232E-3	79.918176E-12	-85.743278E-3	377.61463E-6	-2.3661335E-12	9.2277243E-15
847.49996E-12	1.2808866E-12	500.00000E-3	-42.951360E-3	80.003469E-12	-104.94591E-3	369.60791E-6	-2.3865983E-12	25.608547E-15
844.99996E-12	1.2736019E-12	500.00000E-3	-16.476806E-3	79.868737E-12	-132.80270E-3	391.12027E-6	-2.3621250E-12	26.461401E-15
842.49996E-12	1.2789488E-12	500.00000E-3	-202.02193E-3	79.956770E-12	-168.26591E-3	383.97603E-6	-2.3647033E-12	25.854541E-15
839.99996E-12	1.2647109E-12	500.00000E-3	279.48791E-3	80.229101E-12	-97.329445E-3	319.00970E-6	-2.3710831E-12	5.1619035E-15
837.49996E-12	1.2670483E-12	500.00000E-3	-113.33796E-3	80.051167E-12	-133.65081E-3	363.68967E-6	-2.3684299E-12	25.249292E-15
834.99996E-12	1.2608697E-12	500.00000E-3	-77.091612E-3	79.952073E-12	-136.56871E-3	357.16427E-6	-2.3964958E-12	46.003677E-15
832.49996E-12	1.2623484E-12	500.00000E-3	41.844908E-3	80.168899E-12	-141.77622E-3	336.79837E-6	-2.4058245E-12	-3.0475644E-15
829.99996E-12	1.2532948E-12	500.00000E-3	37.773773E-3	80.003504E-12	-128.05165E-3	345.71372E-6	-2.3667463E-12	4.5735497E-15
827.49996E-12	1.2495643E-12	500.00000E-3	-261.58628E-3	79.875696E-12	-187.29398E-3	366.41918E-6	-2.3987381E-12	13.341981E-15
824.99996E-12	1.2476086E-12	500.00000E-3	23.303265E-3	79.877431E-12	-153.59722E-3	382.21473E-6	-2.3841098E-12	36.052517E-15
822.49996E-12	1.2448164E-12	500.00000E-3	139.96445E-3	80.158415E-12	-124.33272E-3	318.15431E-6	-2.3949597E-12	18.004177E-15
819.99996E-12	1.2348762E-12	500.00000E-3	65.311372E-3	79.992526E-12	-146.03986E-3	349.22492E-6	-2.3910565E-12	839.01747E-18
817.49996E-12	1.2296008E-12	500.00000E-3	267.63692E-3	80.041133E-12	-104.62111E-3	356.23804E-6	-2.4028490E-12	16.090917E-15
814.99996E-12	1.2353649E-12	500.00000E-3	-29.842474E-3	79.974131E-12	-113.06525E-3	359.16944E-6	-2.3785039E-12	26.425451E-15
812.49996E-12	1.2338556E-12	500.00000E-3	-41.377079E-3	79.901752E-12	-125.43298E-3	380.51530E-6	-2.3766156E-12	33.272755E-15
809.99996E-12	1.2230267E-12	500.00000E-3	-146.00660E-3	80.308579E-12	-160.07733E-3	284.17850E-6	-2.3818775E-12	27.332810E-15
807.49996E-12	1.2313546E-12	500.00000E-3	-97.593032E-3	79.874725E-12	-167.76611E-3	358.80844E-6	-2.3894647E-12	12.542420E-15
804.99996E-12	1.2221101E-12	500.00000E-3	-117.70760E-3	79.954814E-12	-167.89709E-3	363.76170E-6	-2.3743156E-12	-10.870288E-15
802.49996E-12	1.2193320E-12	500.00000E-3	119.39420E-3	79.929181E-12	-149.64062E-3	365.82764E-6	-2.3647096E-12	-450.15656E-18
799.99996E-12	1.2151704E-12	500.00000E-3	-15.171565E-3	80.051743E-12	-157.83641E-3	384.97508E-6	-2.3719566E-12	30.389225E-15
797.49995E-12	1.2158688E-12	500.00000E-3	-7.8771682E-3	79.995788E-12	-156.35142E-3	370.30398E-6	-2.3769834E-12	25.829460E-15
794.99995E-12	1.2071531E-12	500.00000E-3	-96.742801E-3	80.113589E-12	-180.11440E-3	360.15423E-6	-2.3606035E-12	10.030074E-15
792.49995E-12	1.2107973E-12	500.00000E-3	-27.403211E-3	79.980814E-12	-175.30428E-3	344.54445E-6	-2.3703242E-12	15.102096E-15
789.99995E-12	1.1990956E-12	500.00000E-3	60.755804E-3	79.855615E-12	-154.93536E-3	351.51449E-6	-2.3865692E-12	29.872839E-15
787.49995E-12	1.2054548E-12	500.00000E-3	53.978935E-3	79.842979E-12	-118.54823E-3	396.25805E-6	-2.3997854E-12	5.6101271E-15
784.99995E-12	1.1994639E-12	500.00000E-3	98.433420E-3	80.190979E-12	-121.44816E-3	334.25356E-6	-2.3729575E-12	15.376665E-15
782.49995E-12	1.1981478E-12	500.00000E-3	-110.35600E-3	79.960059E-12	-117.82889E-3	355.26365E-6	-2.3765094E-12	22.449043E-15
779.99995E-12	1.1917170E-12	500.00000E-3	-145.33553E-3	80.019172E-12	-160.66693E-3	347.36053E-6	-2.3906619E-12	15.398488E-15
777.49995E-12	1.1888960E-12	500.00000E-3	-46.748016E-3	79.846796E-12	-182.42440E-3	346.75718E-6	-2.3520194E-12	20.327081E-15
774.99995E-12	1.1901019E-12	500.00000E-3	-83.014823E-3	80.018124E-12	-186.97588E-3	370.21059E-6	-2.3800779E-12	31.796455E-15
772.49995E-12	1.1872127E-12	500.00000E-3	-16.376670E-3	80.040835E-12	-172.67016E-3	370.92142E-6	-2.3766540E-12	10.917735E-15
769.99995E-12	1.1750413E-12	500.00000E-3	182.43749E-3	79.945529E-12	-159.56429E-3	384.32583E-6	-2.3702518E-12	-15.272321E-15
767.49995E-12	1.1770512E-12	500.00000E-3	88.282056E-3	80.043278E-12	-145.46907E-3	352.54343E-6	-2.4066972E-12	35.134219E-15
764.99995E-12	1.1736658E-12	500.00000E-3	-155.74476E-3	79.958394E-12	-179.81048E-3	395.84827E-6	-2.3880912E-12	20.542577E-15
762.49995E-12	1.1773481E-12	500.00000E-3	-180.60640E-3	79.991139E-12	-176.39090E-3	383.08132E-6	-2.3887190E-12	-3.1402578E-15
759.99995E-12	1.1719378E-12	500.00000E-3	123.07040E-3	79.967595E-12	-150.63664E-3	344.52855E-6	-2.3862847E-12	23.870422E-15
757.49995E-12	1.1666673E-12	500.00000E-3	85.310504E-3	80.130340E-12	-155.44951E-3	332.04787E-6	-2.3942196E-12	1.8954658E-15
754.99995E-12	1.1697946E-12	500.00000E-3	-50.250582E-3	79.826153E-12	-138.46195E-3	397.47427E-6	-2.3684707E-12	12.826763E-15
752.49995E-12	1.1609588E-12	500.00000E-3	160.12956E-3	80.003108E-12	-132.94543E-3	378.80187E-6	-2.3697331E-12	30.413961E-15
749.99995E-12	1.1616304E-12	500.00000E-3	-96.190982E-3	79.989113E-12	-116.46681E-3	390.79279E-6	-2.4086304E-12	-1.5222354E-15
747.49995E-12	1.1571146E-12	500.00000E-3	62.391210E-3	80.023314E-12	-163.78780E-3	362.50451E-6	-2.3772551E-12	20.698416E-15
744.99995E-12	1.1609411E-12	500.00000E-3	43.620043E-3	80.147319E-12	-165.34208E-3	346.18835E-6	-2.3438434E-12	22.371721E-15
742.49995E-12	1.1555559E-12	500.00000E-3	-172.09065E-3	79.885487E-12	-207.87250E-3	366.37098E-6	-2.3795633E-12	21.604053E-15
739.99995E-12	1.1550445E-12	500.00000E-3	-112.68909E-3	80.168074E-12	-204.69600E-3	301.74988E-6	-2.3812530E-12	5.4789826E-15
737.49995E-12	1.1503322E-12	500.00000E-3	123.78429E-3	79.720341E-12	-178.88659E-3	409.48618E-6	-2.3559223E-12	-5.3527383E-15
734.99995E-12	1.1459711E-12	500.00000E-3	254.91884E-3	80.166734E-12	-146.33770E-3	356.77827E-6	-2.3891258E-12	19.376134E-15
732.49995E-12	1.1526797E-12	500.00000E-3	-110.17832E-3	80.016493E-12	-163.42174E-3	360.59623E-6	-2.3775224E-12	2.1414431E-15
729.99995E-12	1.1436432E-12	500.00000E-3	239.65001E-3	80.014766E-12	-156.18184E-3	351.53606E-6	-2.4028323E-12	17.708139E-15
727.49995E-12	1.1425971E-12	500.00000E-3	15.366226E-3	79.985761E-12	-183.47089E-3	366.67011E-6	-2.3977328E-12	7.8451582E-15
724.99995E-12	1.1389172E-12	500.00000E-3	-62.048990E-3	79.883378E-12	-200.17743E-3	378.39412E-6	-2.3819844E-12	35.106172E-15
722.49995E-12	1.1369654E-12	500.00000E-3	-11.547604E-3	79.836623E-12	-184.70693E-3	408.29985E-6	-2.3911784E-12	-4.8899098E-15
719.99995E-12	1.1383186E-12	500.00000E-3	-262.71424E-3	80.078458E-12	-183.31784E-3	361.24268E-6	-2.3754375E-12	20.343873E-15
717.49995E-12	1.1354723E-12	500.00000E-3	30.441856E-3	80.301751E-12	-171.79708E-3	287.27177E-6	-2.3703246E-12	27.277405E-15
714.99995E-12	1.1309676E-12	500.00000E-3	160.46637E-3	79.866891E-12	-154.29580E-3	377.29731E-6	-2.3987086E-12	20.176037E-15
712.49995E-12	1.1275849E-12	500.00000E-3	-417.68751E-3	80.051660E-12	-240.24154E-3	349.92170E-6	-2.3692261E-12	-9.9684555E-15
709.99995E-12	1.1342042E-12	500.00000E-3	254.78619E-3	80.064212E-12	-154.61707E-3	348.11717E-6	-2.3765395E-12	20.666772E-15
707.49995E-12	1.1210349E-12	500.00000E-3	74.066743E-3	79.930507E-12	-156.41661E-3	350.04571E-6	-2.3867852E-12	10.633486E-15
704.99995E-12	1.1214880E-12	500.00000E-3	-159.61806E-3	79.947847E-12	-186.09218E-3	344.05850E-6	-2.3987975E-12	5.0576151E-15
702.49995E-12	1.1237372E-12	500.00000E-3	-242.19346E-3	79.926829E-12	-204.41353E-3	385.94697E-6	-2.3902759E-12	21.033021E-15
699.99995E-12	1.1217243E-12	500.00000E-3	-116.38434E-3	79.933719E-12	-231.19934E-3	374.36569E-6	-2.3702574E-12	42.075792E-15
697.49995E-12	1.1202152E-12	500.00000E-3	259.12610E-3	80.086604E-12	-179.29320E-3	361.56346E-6	-2.4051126E-12	19.332973E-15
694.99995E-12	1.1129070E-12	500.00000E-3	39.258391E-3	79.850286E-12	-167.93309E-3	381.04074E-6	-2.3751866E-12	24.995822E-15
692.49995E-12	1.1100410E-12	500.00000E-3	-209.60853E-3	79.959740E-12	-225.67892E-3	357.53430E-6	-2.4009787E-12	29.685821E-15
689.99995E-12	1.1103826E-12	500.00000E-3	230.21784E-3	80.071311E-12	-159.27219E-3	358.38678E-6	-2.3811155E-12	-128.15770E-18
687.49995E-12	1.1083263E-12	500.00000E-3	18.654009E-3	79.893585E-12	-160.36066E-3	379.49032E-6	-2.3680593E-12	13.321393E-15
684.99995E-12	1.1076304E-12	500.00000E-3	-81.172496E-3	80.127190E-12	-188.29116E-3	347.25317E-6	-2.3963869E-12	34.260270E-15
682.49995E-12	1.1082106E-12	500.00000E-3	8.9640943E-3	79.940443E-12	-208.47027E-3	374.23649E-6	-2.3755284E-12	28.477783E-15
679.99995E-12	1.1072226E-12	500.00000E-3	-3.5402675E-3	80.003643E-12	-202.22008E-3	331.00066E-6	-2.3982073E-12	2.8660853E-15
677.49995E-12	1.1048400E-12	500.00000E-3	2.6242917E-3	79.798126E-12	-173.62013E-3	390.99168E-6	-2.3779438E-12	19.646690E-15
674.99994E-12	1.0998674E-12	500.00000E-3	-98.989494E-3	80.019109E-12	-209.16280E-3	403.75578E-6	-2.3907445E-12	18.150417E-15
672.49994E-12	1.0944090E-12	500.00000E-3	70.700467E-3	80.009804E-12	-175.95306E-3	394.70574E-6	-2.3591578E-12	33.256784E-15
669.99994E-12	1.1025575E-12	500.00000E-3	-28.661584E-3	80.009811E-12	-196.03728E-3	377.34868E-6	-2.3733131E-12	28.473426E-15
667.49994E-12	1.0935610E-12	500.00000E-3	68.758801E-3	80.137327E-12	-183.56040E-3	346.49856E-6	-2.4142745E-12	43.124748E-15
664.99994E-12	1.0952233E-12	500.00000E-3	90.733722E-3	80.009763E-12	-178.98826E-3	343.24950E-6	-2.3870931E-12	14.876997E-15
662.49994E-12	1.0960219E-12	500.00000E-3	-141.87884E-3	79.844333E-12	-188.30563E-3	377.72456E-6	-2.4024602E-12	44.502745E-15
659.99994E-12	1.0891470E-12	500.00000E-3	-154.90814E-3	79.929487E-12	-230.11190E-3	369.14789E-6	-2.3594857E-12	14.075544E-15
657.49994E-12	1.0860050E-12	500.00000E-3	-73.430978E-3	79.943017E-12	-202.51204E-3	407.17318E-6	-2.3922906E-12	23.985908E-15
654.99994E-12	1.0890841E-12	500.00000E-3	370.38895E-3	79.995212E-12	-154.24599E-3	382.70964E-6	-2.3991939E-12	-4.8469563E-15
652.49994E-12	1.0876082E-12	500.00000E-3	-53.022627E-3	80.049141E-12	-163.52637E-3	356.53060E-6	-2.3561433E-12	11.496181E-15
649.99994E-12	1.0860833E-12	500.00000E-3	-187.25644E-3	80.074038E-12	-198.36845E-3	353.82184E-6	-2.4072036E-12	24.099592E-15
647.49994E-12	1.0883564E-12	500.00000E-3	53.223457E-3	79.880311E-12	-180.57775E-3	363.38746E-6	-2.3848063E-12	7.2559578E-15
644.99994E-12	1.0859925E-12	500.00000E-3	72.623335E-3	80.076286E-12	-165.78420E-3	335.35663E-6	-2.3919770E-12	22.083477E-15
642.49994E-12	1.0801949E-12	500.00000E-3	-237.51505E-3	80.029317E-12	-207.37273E-3	343.83513E-6	-2.3910171E-12	23.185135E-15
639.99994E-12	1.0768739E-12	500.00000E-3	-150.93572E-3	79.981279E-12	-199.71958E-3	347.24237E-6	-2.4016457E-12	9.7158838E-15
637.49994E-12	1.0775455E-12	500.00000E-3	-19.421834E-3	79.897554E-12	-189.00779E-3	378.30573E-6	-2.3483188E-12	19.966520E-15
634.99994E-12	1.0708227E-12	500.00000E-3	46.223387E-3	79.965916E-12	-205.74808E-3	345.20176E-6	-2.3952511E-12	15.806050E-15
632.49994E-12	1.0659740E-12	500.00000E-3	-105.44532E-3	79.917135E-12	-231.11233E-3	384.58739E-6	-2.3934953E-12	10.026711E-15
629.99994E-12	1.0714745E-12	500.00000E-3	-129.21154E-3	80.071741E-12	-233.18914E-3	371.14607E-6	-2.3781374E-12	31.899349E-15
627.49994E-12	1.0662012E-12	500.00000E-3	215.88999E-3	80.199632E-12	-200.98159E-3	300.80925E-6	-2.3682467E-12	20.492204E-15
624.99994E-12	1.0605374E-12	500.00000E-3	-243.06630E-3	79.922548E-12	-231.02100E-3	341.51235E-6	-2.3814653E-12	574.98561E-18
622.49994E-12	1.0625183E-12	500.00000E-3	369.94204E-3	79.938868E-12	-187.39890E-3	331.23052E-6	-2.3626116E-12	17.115869E-15
619.99994E-12	1.0618409E-12	500.00000E-3	-305.43941E-3	80.183332E-12	-230.68693E-3	292.15764E-6	-2.3797182E-12	9.7832094E-15
617.49994E-12	1.0637325E-12	500.00000E-3	112.84969E-3	79.883385E-12	-213.75503E-3	351.33859E-6	-2.3853237E-12	27.457578E-15
614.99994E-12	1.0596505E-12	500.00000E-3	-84.878683E-3	79.869618E-12	-254.17206E-3	390.25489E-6	-2.3980241E-12	-12.763003E-15
612.49994E-12	1.0602976E-12	500.00000E-3	40.459086E-6	80.106720E-12	-226.43366E-3	316.98027E-6	-2.3866276E-12	23.439958E-15
609.99994E-12	1.0549846E-12	500.00000E-3	38.095750E-3	79.894119E-12	-224.35808E-3	355.16600E-6	-2.3821789E-12	48.223558E-15
607.49994E-12	1.0585798E-12	500.00000E-3	-245.26182E-3	80.008146E-12	-278.69609E-3	382.34281E-6	-2.3854117E-12	34.862704E-15
604.99994E-12	1.0583113E-12	500.00000E-3	98.897658E-3	80.077896E-12	-207.45201E-3	354.16594E-6	-2.3966629E-12	13.102938E-15
602.49994E-12	1.0535504E-12	500.00000E-3	164.23319E-3	79.929868E-12	-198.13667E-3	375.50196E-6	-2.3714216E-12	30.884546E-15
599.99994E-12	1.0474908E-12	500.00000E-3	-152.04114E-3	80.068389E-12	-235.29185E-3	357.83011E-6	-2.3984571E-12	16.806399E-15
597.49994E-12	1.0555619E-12	500.00000E-3	-20.013200E-3	80.016438E-12	-227.20221E-3	364.06281E-6	-2.3974113E-12	16.641443E-15
594.99994E-12	1.0476098E-12	500.00000E-3	25.124995E-3	80.017638E-12	-236.27442E-3	386.12846E-6	-2.3617352E-12	14.104002E-15
592.49994E-12	1.0450837E-12	500.00000E-3	30.708181E-3	79.962523E-12	-231.08251E-3	368.46151E-6	-2.3716543E-12	42.722895E-15
589.99994E-12	1.0433131E-12	500.00000E-3	39.355241E-3	80.068459E-12	-210.92014E-3	345.69981E-6	-2.3682460E-12	31.675112E-15
587.49994E-12	1.0458292E-12	500.00000E-3	205.52211E-3	80.025146E-12	-197.41672E-3	321.59238E-6	-2.3877590E-12	10.808095E-15
584.99994E-12	1.0341115E-12	500.00000E-3	-276.92929E-3	79.985060E-12	-258.30555E-3	344.62300E-6	-2.3998884E-12	6.9021983E-15
582.49994E-12	1.0380234E-12	500.00000E-3	94.704092E-3	79.839912E-12	-212.38846E-3	363.44177E-6	-2.3957884E-12	39.322800E-15
579.99994E-12	1.0355263E-12	500.00000E-3	-71.463935E-3	79.950706E-12	-245.63797E-3	368.69646E-6	-2.3817151E-12	7.8605064E-15
577.49994E-12	1.0319387E-12	500.00000E-3	96.342996E-3	79.987933E-12	-200.88050E-3	347.14880E-6	-2.3763673E-12	6.1427397E-15
574.99994E-12	1.0326540E-12	500.00000E-3	33.669867E-3	79.959844E-12	-222.11111E-3	366.13198E-6	-2.3746129E-12	1.7646291E-15
572.49994E-12	1.0277702E-12	500.00000E-3	-33.042166E-3	80.058675E-12	-236.18430E-3	363.31615E-6	-2.3808954E-12	19.371466E-15
569.99994E-12	1.0297837E-12	500.00000E-3	-145.15865E-3	79.832849E-12	-254.91908E-3	373.73177E-6	-2.3696984E-12	25.675281E-15
567.49994E-12	1.0277963E-12	500.00000E-3	164.33354E-3	79.966547E-12	-209.45440E-3	356.79879E-6	-2.3725371E-12	34.969030E-15
564.99994E-12	1.0321198E-12	500.00000E-3	-84.012084E-3	79.910502E-12	-232.21219E-3	379.22975E-6	-2.3942328E-12	15.225807E-15
562.49994E-12	1.0227305E-12	500.00000E-3	145.70487E-3	80.109412E-12	-225.37056E-3	355.74508E-6	-2.3801618E-12	25.032605E-15
559.99994E-12	1.0211811E-12	500.00000E-3	-23.511194E-3	79.921597E-12	-234.01374E-3	406.84332E-6	-2.3777261E-12	9.4868978E-15
557.49994E-12	1.0226873E-12	500.00000E-3	191.31456E-3	79.872310E-12	-229.57931E-3	393.03242E-6	-2.3837312E-12	21.303199E-15
554.99993E-12	1.0265428E-12	500.00000E-3	151.71136E-3	80.195323E-12	-230.66972E-3	334.32181E-6	-2.3844134E-12	9.1115249E-15
552.49993E-12	1.0260525E-12	500.00000E-3	-141.96664E-3	80.090490E-12	-263.59504E-3	347.87742E-6	-2.3555496E-12	7.0127230E-15
549.99993E-12	1.0258242E-12	500.00000E-3	133.51852E-3	79.846948E-12	-205.20028E-3	376.61480E-6	-2.3930025E-12	2.5081762E-15
547.49993E-12	1.0158057E-12	500.00000E-3	-158.30271E-3	80.056350E-12	-254.04012E-3	374.64229E-6	-2.3951611E-12	10.545013E-15
544.99993E-12	1.0168928E-12	500.00000E-3	-42.187255E-3	79.993782E-12	-251.80998E-3	351.62270E-6	-2.3659798E-12	24.254682E-15
542.49993E-12	1.0247864E-12	500.00000E-3	83.480865E-3	80.025431E-12	-242.32884E-3	357.71419E-6	-2.4165314E-12	50.013958E-15
539.99993E-12	1.0201542E-12	500.00000E-3	-85.305467E-3	79.952697E-12	-261.76715E-3	358.70849E-6	-2.3802217E-12	31.131951E-15
537.49993E-12	1.0230394E-12	500.00000E-3	141.02413E-3	79.931693E-12	-221.84612E-3	351.44552E-6	-2.3715546E-12	21.267256E-15
534.99993E-12	1.0163233E-12	500.00000E-3	-197.18905E-3	80.050168E-12	-285.93323E-3	359.80606E-6	-2.3970962E-12	44.951164E-15
532.49999E-12	1.0161524E-12	500.00000E-3	24.440331E-3	80.064032E-12	-248.66313E-3	341.22053E-6	-2.3960450E-12	-19.135308E-15
529.99999E-12	1.0143239E-12	500.00000E-3	-35.505001E-3	80.013378E-12	-225.57569E-3	353.62958E-6	-2.3890226E-12	-12.239215E-15
527.49999E-12	1.0138186E-12	500.00000E-3	150.66634E-3	79.952912E-12	-198.62686E-3	372.27408E-6	-2.3946587E-12	7.5484214E-15
524.99999E-12	1.0141124E-12	500.00000E-3	-198.35208E-3	79.964278E-12	-255.43171E-3	376.76626E-6	-2.3760182E-12	7.4693398E-15
522.49999E-12	1.0139245E-12	500.00000E-3	-60.847405E-3	80.021850E-12	-280.42874E-3	369.77787E-6	-2.3908987E-12	16.050861E-15
519.99999E-12	1.0082214E-12	500.00000E-3	144.94491E-3	80.178558E-12	-236.14472E-3	313.86051E-6	-2.3932618E-12	12.030573E-15
517.49999E-12	1.0119969E-12	500.00000E-3	24.003897E-3	79.882739E-12	-253.04270E-3	341.96003E-6	-2.3856860E-12	27.172070E-15
514.99999E-12	1.0072595E-12	500.00000E-3	135.94708E-3	79.899122E-12	-251.81240E-3	374.25617E-6	-2.3891147E-12	4.9982499E-15
512.49999E-12	1.0153924E-12	500.00000E-3	-13.740882E-3	80.181986E-12	-252.27857E-3	331.23035E-6	-2.3919434E-12	27.254679E-15
509.99999E-12	1.0075186E-12	500.00000E-3	40.108874E-3	79.783763E-12	-258.60363E-3	357.22015E-6	-2.4132092E-12	31.909130E-15
507.49999E-12	1.0091316E-12	500.00000E-3	-744.02482E-6	80.058321E-12	-240.92026E-3	356.21537E-6	-2.3723374E-12	29.557432E-15
504.99999E-12	1.0060244E-12	500.00000E-3	-374.48975E-3	80.054900E-12	-290.73706E-3	349.21480E-6	-2.3903999E-12	17.378998E-15
502.49999E-12	1.0033141E-12	500.00000E-3	376.81672E-3	79.995122E-12	-211.36291E-3	357.26023E-6	-2.3963661E-12	46.770161E-15
499.99999E-12	996.96542E-15	500.00000E-3	-195.94529E-3	79.986566E-12	-264.04175E-3	367.76037E-6	-2.3799485E-12	35.919313E-15
497.49999E-12	998.98703E-15	500.00000E-3	56.553319E-3	79.945800E-12	-275.01097E-3	373.44042E-6	-2.3931820E-12	28.043982E-15
494.99999E-12	989.57062E-15	500.00000E-3	109.89345E-3	80.067647E-12	-252.28336E-3	354.41967E-6	-2.3972996E-12	18.360838E-15
492.49999E-12	996.78349E-15	500.00000E-3	-83.914742E-3	80.127890E-12	-286.75392E-3	342.21355E-6	-2.3838362E-12	29.154129E-15
489.99999E-12	993.27296E-15	500.00000E-3	226.54059E-6	80.038830E-12	-272.97732E-3	337.57824E-6	-2.3824107E-12	-15.018977E-15
487.49998E-12	991.62952E-15	500.00000E-3	143.62808E-3	79.797516E-12	-221.02152E-3	369.69251E-6	-2.3764595E-12	34.551890E-15
484.99998E-12	994.76276E-15	500.00000E-3	60.411878E-3	80.088991E-12	-230.19128E-3	346.58040E-6	-2.3779665E-12	13.311227E-15
482.49998E-12	988.95382E-15	500.00000E-3	-268.29770E-3	80.007563E-12	-281.03006E-3	340.27317E-6	-2.4005340E-12	-8.9799875E-15
479.99998E-12	993.14404E-15	500.00000E-3	179.93015E-3	79.877008E-12	-265.57320E-3	353.09218E-6	-2.3668359E-12	5.0243593E-15
477.49998E-12	993.13494E-15	500.00000E-3	69.878608E-3	79.969795E-12	-272.77207E-3	382.47637E-6	-2.4012506E-12	17.435648E-15
474.99998E-12	980.45931E-15	500.00000E-3	-147.75400E-3	80.112243E-12	-271.55772E-3	344.98103E-6	-2.3833795E-12	18.847535E-15
472.49998E-12	986.27432E-15	500.00000E-3	-124.68060E-3	79.938542E-12	-269.11914E-3	370.97203E-6	-2.3437680E-12	14.657963E-15
469.99998E-12	988.67366E-15	500.00000E-3	-205.99855E-3	80.080199E-12	-289.72897E-3	324.97698E-6	-2.4010642E-12	17.265167E-15
467.49998E-12	983.19399E-15	500.00000E-3	161.60718E-3	79.958692E-12	-290.80501E-3	341.47277E-6	-2.3899520E-12	35.097444E-15
464.99998E-12	985.18188E-15	500.00000E-3	-165.74091E-3	79.918593E-12	-298.46323E-3	366.77244E-6	-2.3786463E-12	11.116402E-15
462.49998E-12	985.37010E-15	500.00000E-3	100.92552E-3	79.859973E-12	-269.27650E-3	372.95077E-6	-2.3871020E-12	33.202224E-15
459.99998E-12	977.99470E-15	500.00000E-3	-105.41260E-3	79.996350E-12	-303.25142E-3	366.58836E-6	-2.3855278E-12	22.218289E-15
457.49998E-12	978.19734E-15	500.00000E-3	215.61170E-3	79.882864E-12	-256.80068E-3	356.17349E-6	-2.3762385E-12	9.2333325E-15
454.99998E-12	977.48480E-15	500.00000E-3	211.66526E-3	79.975387E-12	-258.72827E-3	336.71418E-6	-2.3813323E-12	16.140635E-15
452.49998E-12	979.29163E-15	500.00000E-3	-72.704591E-3	79.785012E-12	-272.37543E-3	381.58984E-6	-2.3701132E-12	4.5617849E-15
449.99998E-12	977.72734E-15	500.00000E-3	-381.71104E-3	80.139610E-12	-345.28705E-3	346.01020E-6	-2.4047745E-12	18.947780E-15
447.49998E-12	965.88156E-15	500.00000E-3	109.29148E-3	79.991319E-12	-276.09050E-3	381.56653E-6	-2.3843546E-12	51.110947E-15
444.99998E-12	972.16690E-15	500.00000E-3	-110.92784E-3	79.930902E-12	-314.79219E-3	392.59344E-6	-2.3589481E-12	22.400240E-15
442.49998E-12	972.91825E-15	500.00000E-3	224.42295E-3	80.115796E-12	-258.87418E-3	349.69582E-6	-2.3890737E-12	1.5024216E-15
439.99998E-12	975.33266E-15	500.00000E-3	-67.601994E-3	80.177115E-12	-244.49576E-3	315.58590E-6	-2.3690891E-12	26.382618E-18
437.49998E-12	972.92140E-15	500.00000E-3	41.231696E-3	79.891663E-12	-290.96070E-3	389.20029E-6	-2.3828357E-12	32.299006E-15
434.99998E-12	967.72482E-15	500.00000E-3	53.760264E-3	80.040155E-12	-254.32703E-3	351.95277E-6	-2.3778037E-12	11.950701E-15
432.49998E-12	968.60053E-15	500.00000E-3	-378.64801E-3	79.839753E-12	-341.61744E-3	340.09721E-6	-2.3821312E-12	12.921299E-15
429.99998E-12	969.16594E-15	500.00000E-3	61.301280E-3	80.136182E-12	-261.70892E-3	338.77077E-6	-2.3623865E-12	9.8871657E-15
427.49998E-12	970.10117E-15	500.00000E-3	-40.854223E-3	79.856684E-12	-294.25284E-3	363.35364E-6	-2.3795076E-12	19.392940E-15
424.99998E-12	965.97795E-15	500.00000E-3	197.30134E-3	80.025139E-12	-282.71535E-3	337.61031E-6	-2.3838086E-12	21.750661E-15
422.49998E-12	968.59435E-15	500.00000E-3	-164.46297E-3	79.988641E-12	-296.73678E-3	357.56189E-6	-2.3820113E-12	19.763550E-15
419.99998E-12	962.18107E-15	500.00000E-3	-210.30013E-3	79.832647E-12	-332.63785E-3	385.04688E-6	-2.3933117E-12	14.859535E-15
417.49998E-12	958.57599E-15	500.00000E-3	125.46314E-3	80.079214E-12	-276.63606E-3	377.66775E-6	-2.3710142E-12	12.081977E-15
414.99998E-12	957.89197E-15	500.00000E-3	27.783779E-3	80.129313E-12	-292.03963E-3	332.11056E-6	-2.3670775E-12	32.443222E-15
412.49998E-12	960.35875E-15	500.00000E-3	-43.861784E-3	79.728703E-12	-322.32144E-3	375.35364E-6	-2.3491946E-12	18.808751E-15
409.99998E-12	958.79793E-15	500.00000E-3	-176.58418E-3	80.101883E-12	-291.43751E-3	333.00463E-6	-2.3508851E-12	22.566218E-15
407.49998E-12	954.60684E-15	500.00000E-3	234.45122E-3	79.993658E-12	-257.05639E-3	358.98696E-6	-2.3619041E-12	7.1576190E-15
404.99998E-12	955.51973E-15	500.00000E-3	-104.30145E-3	80.016452E-12	-317.94447E-3	346.72953E-6	-2.3873902E-12	17.502000E-15
402.49998E-12	958.28662E-15	500.00000E-3	92.369981E-3	79.947098E-12	-317.66924E-3	357.52048E-6	-2.3943107E-12	23.069581E-15
399.99998E-12	954.38663E-15	500.00000E-3	-28.951628E-3	80.001540E-12	-303.55835E-3	374.44770E-6	-2.3670477E-12	12.621957E-15
397.49998E-12	953.78241E-15	500.00000E-3	-91.765471E-3	80.075745E-12	-302.26719E-3	347.56708E-6	-2.4016813E-12	20.659151E-15
394.99998E-12	949.94802E-15	500.00000E-3	-84.293500E-3	80.069312E-12	-340.40722E-3	362.26911E-6	-2.3875526E-12	10.972435E-15
392.49998E-12	948.99793E-15	500.00000E-3	110.48478E-3	80.034888E-12	-289.09954E-3	353.22606E-6	-2.3664989E-12	14.061465E-15
389.99998E-12	945.05794E-15	500.00000E-3	97.265951E-3	80.174686E-12	-299.94985E-3	333.01330E-6	-2.3916589E-12	-7.1658657E-15
387.49998E-12	943.28993E-15	500.00000E-3	-143.58000E-3	79.869659E-12	-324.59784E-3	363.90853E-6	-2.3802143E-12	-10.588409E-15
384.99998E-12	948.69728E-15	500.00000E-3	-222.68033E-3	80.009020E-12	-360.68350E-3	332.83827E-6	-2.3987539E-12	11.480700E-15
382.49998E-12	944.87927E-15	500.00000E-3	-14.539377E-3	79.801228E-12	-326.93985E-3	375.13991E-6	-2.4152061E-12	25.785131E-15
379.99998E-12	946.75613E-15	500.00000E-3	-48.749115E-3	80.010172E-12	-342.39537E-3	357.17682E-6	-2.3733671E-12	28.116198E-15
377.49998E-12	939.27427E-15	500.00000E-3	301.67544E-3	79.882018E-12	-310.74032E-3	379.90886E-6	-2.3785637E-12	29.800212E-15
374.99998E-12	939.11001E-15	500.00000E-3	66.163942E-3	80.029532E-12	-316.69140E-3	369.03651E-6	-2.3586161E-12	29.184849E-15
372.49998E-12	942.65654E-15	500.00000E-3	-14.427545E-3	79.953183E-12	-316.59731E-3	377.34362E-6	-2.4241793E-12	23.629554E-15
369.99998E-12	941.14668E-15	500.00000E-3	-143.23720E-3	80.026090E-12	-344.70236E-3	373.66382E-6	-2.3580452E-12	17.166610E-15
367.49997E-12	940.63386E-15	500.00000E-3	-52.149318E-3	80.124060E-12	-370.77099E-3	347.36595E-6	-2.3797212E-12	21.363353E-15
364.99997E-12	939.38507E-15	500.00000E-3	253.03575E-3	79.754453E-12	-343.90515E-3	380.13107E-6	-2.3771252E-12	17.716319E-15
362.49997E-12	938.12816E-15	500.00000E-3	-119.42039E-3	80.052118E-12	-358.74563E-3	349.58767E-6	-2.4106747E-12	34.628225E-15
359.99997E-12	946.56206E-15	500.00000E-3	-130.07638E-3	79.880047E-12	-373.96005E-3	347.57570E-6	-2.3770280E-12	-7.1363847E-15
357.49997E-12	943.99944E-15	500.00000E-3	135.43922E-3	80.028074E-12	-351.38074E-3	359.88251E-6	-2.3756934E-12	11.760962E-15
354.99997E-12	936.81595E-15	500.00000E-3	247.26841E-3	79.939777E-12	-329.62471E-3	387.10490E-6	-2.4029398E-12	21.119713E-15
352.49997E-12	940.03462E-15	500.00000E-3	-286.20607E-3	80.105374E-12	-389.82436E-3	359.88796E-6	-2.3770218E-12	11.195146E-15
349.99997E-12	941.48723E-15	500.00000E-3	210.89843E-3	79.895736E-12	-340.97746E-3	360.76613E-6	-2.4020337E-12	18.979635E-15
347.49997E-12	941.20718E-15	500.00000E-3	275.94724E-3	79.895542E-12	-291.40177E-3	357.96472E-6	-2.3742265E-12	-12.744078E-15
344.99997E-12	938.12512E-15	500.00000E-3	-54.646518E-3	80.109280E-12	-340.38123E-3	346.24361E-6	-2.3937462E-12	39.109856E-15
342.49997E-12	931.12594E-15	500.00000E-3	64.901799E-3	80.009353E-12	-343.29152E-3	373.65354E-6	-2.3846934E-12	30.098269E-15
339.99997E-12	936.18245E-15	500.00000E-3	-324.16865E-3	80.084731E-12	-385.70130E-3	356.89183E-6	-2.3955850E-12	30.939471E-15
337.49997E-12	933.71849E-15	500.00000E-3	56.291405E-3	79.802491E-12	-351.90338E-3	356.59430E-6	-2.3811298E-12	11.803626E-15
334.99997E-12	936.70959E-15	500.00000E-3	146.45325E-3	80.128570E-12	-325.54570E-3	345.07475E-6	-2.3658547E-12	47.328312E-15
332.49997E-12	933.56941E-15	500.00000E-3	-258.84858E-3	80.070443E-12	-386.70889E-3	339.69467E-6	-2.3810825E-12	17.896993E-15
329.99997E-12	928.39408E-15	500.00000E-3	71.128763E-3	79.999757E-12	-312.73091E-3	322.62516E-6	-2.3881554E-12	10.296109E-15
327.49997E-12	929.38374E-15	500.00000E-3	-114.51941E-3	79.929535E-12	-344.50436E-3	321.20320E-6	-2.3922897E-12	33.909873E-15
324.99997E-12	932.53356E-15	500.00000E-3	-136.57738E-3	79.953981E-12	-382.89529E-3	348.16502E-6	-2.3751931E-12	12.325789E-15
322.49997E-12	929.46918E-15	500.00000E-3	-302.44112E-3	80.069222E-12	-421.19083E-3	333.82038E-6	-2.3819072E-12	9.4472719E-15
319.99997E-12	933.16490E-15	500.00000E-3	190.03350E-3	79.892572E-12	-366.65395E-3	351.68559E-6	-2.3749017E-12	5.0941705E-15
317.49997E-12	936.27146E-15	500.00000E-3	42.878840E-3	79.943843E-12	-338.53737E-3	347.34941E-6	-2.3849345E-12	40.679875E-15
314.99997E-12	924.15734E-15	500.00000E-3	-37.301809E-3	79.985026E-12	-373.37235E-3	357.56023E-6	-2.3924591E-12	23.178874E-15
312.49997E-12	926.14306E-15	500.00000E-3	99.377453E-3	79.814884E-12	-336.78371E-3	388.78398E-6	-2.3753510E-12	10.350394E-15
309.99997E-12	924.84831E-15	500.00000E-3	-207.55525E-3	80.201304E-12	-394.00285E-3	324.04071E-6	-2.4091588E-12	127.86344E-18
307.49997E-12	920.88934E-15	500.00000E-3	-267.00148E-3	79.802123E-12	-419.15086E-3	380.93416E-6	-2.3879947E-12	2.1193531E-15
304.99997E-12	921.51287E-15	500.00000E-3	-6.3502314E-3	79.989536E-12	-437.13889E-3	383.50874E-6	-2.3511286E-12	14.722586E-15
302.49997E-12	923.12280E-15	500.00000E-3	173.41225E-3	79.843243E-12	-398.64677E-3	386.30579E-6	-2.3682892E-12	19.128970E-15
299.99997E-12	920.39549E-15	500.00000E-3	206.78617E-3	80.090642E-12	-372.21968E-3	347.34490E-6	-2.3824430E-12	16.646323E-15
297.49997E-12	923.15543E-15	500.00000E-3	-314.47780E-3	80.055615E-12	-423.99934E-3	345.10458E-6	-2.3878104E-12	16.560255E-15
294.99997E-12	918.18306E-15	500.00000E-3	24.561606E-3	79.880311E-12	-394.43755E-3	393.26661E-6	-2.3903377E-12	19.504812E-15
292.49997E-12	921.15410E-15	500.00000E-3	-36.637563E-3	80.158713E-12	-380.16728E-3	372.84786E-6	-2.3816361E-12	28.471169E-15
289.99997E-12	916.07180E-15	500.00000E-3	55.721294E-3	80.040162E-12	-379.79129E-3	357.09201E-6	-2.3832115E-12	13.646696E-15
287.49997E-12	915.32348E-15	500.00000E-3	122.00470E-3	79.938077E-12	-366.82314E-3	348.77358E-6	-2.4101970E-12	25.214185E-15
284.99997E-12	916.54343E-15	500.00000E-3	35.808992E-3	80.099823E-12	-370.60535E-3	355.94899E-6	-2.3861013E-12	-1.7613547E-15
282.49997E-12	914.15688E-15	500.00000E-3	-137.96541E-3	80.097512E-12	-421.22233E-3	309.15375E-6	-2.3772425E-12	22.784253E-15
279.99997E-12	921.81156E-15	500.00000E-3	-5.5974382E-3	79.862790E-12	-423.73276E-3	364.12038E-6	-2.3927013E-12	32.891289E-15
277.49997E-12	917.50826E-15	500.00000E-3	-65.509468E-3	79.844256E-12	-432.09377E-3	377.07869E-6	-2.4006667E-12	36.948817E-15
274.99997E-12	918.46333E-15	500.00000E-3	55.647317E-3	80.123685E-12	-406.93712E-3	351.65079E-6	-2.3917843E-12	5.3688544E-15
272.49997E-12	909.98942E-15	500.00000E-3	57.520792E-3	79.854255E-12	-395.42419E-3	378.17785E-6	-2.3577388E-12	36.626728E-15
269.99997E-12	909.87320E-15	500.00000E-3	-128.76847E-3	80.110633E-12	-446.43733E-3	343.12115E-6	-2.4235978E-12	40.465871E-15
267.49997E-12	907.55094E-15	500.00000E-3	105.91495E-3	79.961128E-12	-447.52654E-3	368.54748E-6	-2.3685726E-12	32.469283E-15
264.99997E-12	914.61810E-15	500.00000E-3	74.025370E-3	80.084071E-12	-437.10813E-3	336.62064E-6	-2.4121566E-12	7.1291307E-15
262.49997E-12	909.57938E-15	500.00000E-3	11.550513E-3	80.015577E-12	-479.68802E-3	332.05442E-6	-2.3861735E-12	-6.2972656E-15
259.99997E-12	913.45052E-15	500.00000E-3	92.226386E-3	79.924373E-12	-421.40615E-3	373.99615E-6	-2.3717176E-12	19.174131E-15
257.49997E-12	914.31799E-15	500.00000E-3	105.67085E-3	79.898893E-12	-432.37072E-3	373.03043E-6	-2.3758914E-12	4.0399147E-15
254.99997E-12	908.70172E-15	500.00000E-3	12.488735E-3	79.955167E-12	-415.88610E-3	392.82750E-6	-2.3891028E-12	14.481622E-15
252.49997E-12	911.11721E-15	500.00000E-3	-136.27633E-3	80.098095E-12	-424.72970E-3	357.20607E-6	-2.3918925E-12	-5.2759751E-15
249.99997E-12	909.62199E-15	500.00000E-3	-208.06992E-3	80.110883E-12	-469.33460E-3	357.99405E-6	-2.3880804E-12	8.6609881E-15
247.49996E-12	913.57683E-15	500.00000E-3	-13.222955E-3	79.995240E-12	-444.09817E-3	370.74205E-6	-2.3991276E-12	35.774741E-15
244.99996E-12	912.71988E-15	500.00000E-3	120.36480E-3	80.002852E-12	-437.81605E-3	362.88321E-6	-2.3982290E-12	11.909637E-15
242.49996E-12	907.17565E-15	500.00000E-3	-41.162413E-3	79.947798E-12	-463.75704E-3	360.47961E-6	-2.4029984E-12	23.373403E-15
239.99996E-12	907.36132E-15	500.00000E-3	-234.09179E-3	80.035742E-12	-476.58733E-3	371.58959E-6	-2.3974568E-12	-8.4893496E-15
237.49996E-12	906.90595E-15	500.00000E-3	200.13270E-3	80.131506E-12	-455.68404E-3	348.78694E-6	-2.3777161E-12	15.491543E-15
234.99996E-12	910.60492E-15	500.00000E-3	-115.07180E-3	79.825091E-12	-498.31867E-3	403.62851E-6	-2.3953762E-12	-1.5617008E-15
232.49996E-12	908.65027E-15	500.00000E-3	63.855186E-3	79.901148E-12	-453.73663E-3	382.64767E-6	-2.3698424E-12	19.623651E-15
229.99996E-12	904.35705E-15	500.00000E-3	-178.56760E-3	80.150137E-12	-474.35600E-3	339.96403E-6	-2.3871809E-12	29.950153E-15
227.49996E-12	907.38506E-15	500.00000E-3	-64.286307E-3	79.827499E-12	-497.79838E-3	396.06460E-6	-2.4124648E-12	24.545163E-15
224.99996E-12	900.82569E-15	500.00000E-3	288.56942E-3	80.284938E-12	-447.36382E-3	334.64134E-6	-2.3784978E-12	27.759416E-15
222.49996E-12	902.45655E-15	500.00000E-3	-130.72422E-3	79.787059E-12	-473.64414E-3	377.91362E-6	-2.3952351E-12	37.676666E-15
219.99996E-12	903.96283E-15	500.00000E-3	59.368432E-3	80.047087E-12	-484.25516E-3	362.75751E-6	-2.3977263E-12	21.923102E-15
217.49996E-12	916.10801E-15	500.00000E-3	99.994361E-3	80.085619E-12	-478.18023E-3	318.85767E-6	-2.3890531E-12	13.669652E-15
214.99996E-12	909.47329E-15	500.00000E-3	-95.946603E-3	79.972237E-12	-480.73861E-3	340.43446E-6	-2.3844579E-12	29.335668E-15
212.49996E-12	903.15407E-15	500.00000E-3	-94.779059E-3	79.975492E-12	-495.23112E-3	371.38994E-6	-2.4074015E-12	32.137097E-15
209.99996E-12	904.07868E-15	500.00000E-3	-214.94257E-3	79.906699E-12	-529.51485E-3	372.64163E-6	-2.3775836E-12	8.5635251E-15
207.49996E-12	901.75176E-15	500.00000E-3	149.54235E-3	79.887284E-12	-460.26087E-3	367.92393E-6	-2.3848768E-12	31.740171E-15
204.99996E-12	901.87975E-15	500.00000E-3	-97.139962E-3	79.862734E-12	-527.38613E-3	379.10993E-6	-2.3704983E-12	29.526085E-15
202.49996E-12	900.39418E-15	500.00000E-3	90.613782E-3	80.114734E-12	-489.30252E-3	358.53358E-6	-2.3676276E-12	32.241750E-15
199.99996E-12	905.21362E-15	500.00000E-3	161.71834E-3	80.000756E-12	-478.36667E-3	342.97089E-6	-2.3771818E-12	-4.5417055E-15
197.49996E-12	902.23803E-15	500.00000E-3	162.37161E-3	80.052458E-12	-460.17894E-3	339.47037E-6	-2.3797468E-12	22.032767E-15
194.99996E-12	904.86668E-15	500.00000E-3	-560.70614E-3	80.006571E-12	-556.97161E-3	362.65043E-6	-2.3879863E-12	24.347960E-15
192.49996E-12	903.75325E-15	500.00000E-3	-278.25549E-3	79.924033E-12	-585.03067E-3	366.16105E-6	-2.3714561E-12	39.134969E-15
189.99996E-12	899.27230E-15	500.00000E-3	113.06852E-3	80.113645E-12	-534.81644E-3	342.27237E-6	-2.3826295E-12	1.6788446E-15
187.49996E-12	897.99560E-15	500.00000E-3	-152.56785E-3	79.797773E-12	-564.49002E-3	389.83510E-6	-2.3909785E-12	15.365615E-15
184.99996E-12	907.42875E-15	500.00000E-3	-137.63627E-3	79.932970E-12	-589.85478E-3	383.51797E-6	-2.4004774E-12	17.180938E-15
182.49996E-12	902.35783E-15	500.00000E-3	239.78151E-3	80.073066E-12	-522.27288E-3	332.98397E-6	-2.3781613E-12	13.050741E-15
179.99996E-12	904.28018E-15	500.00000E-3	40.436983E-3	79.915151E-12	-548.10995E-3	375.14392E-6	-2.3727095E-12	-23.671835E-15
177.49996E-12	904.98491E-15	500.00000E-3	22.123069E-3	80.166783E-12	-542.27477E-3	321.45649E-6	-2.3953476E-12	10.738246E-15
174.99996E-12	911.46914E-15	500.00000E-3	921.51033E-6	79.954689E-12	-568.60822E-3	363.79075E-6	-2.3577251E-12	-13.954082E-15
172.49996E-12	907.28672E-15	500.00000E-3	70.839956E-3	79.981639E-12	-552.34927E-3	360.32844E-6	-2.3818345E-12	37.409986E-15
169.99996E-12	911.64565E-15	500.00000E-3	-142.68284E-3	79.905770E-12	-566.47575E-3	343.99374E-6	-2.3699100E-12	31.929913E-15
167.49996E-12	913.55601E-15	500.00000E-3	88.167630E-3	79.976699E-12	-558.46804E-3	368.05824E-6	-2.3862089E-12	-2.3704160E-15
164.99996E-12	910.30699E-15	500.00000E-3	166.67047E-3	80.094570E-12	-533.87666E-3	335.92628E-6	-2.3747467E-12	38.842549E-15
162.49996E-12	908.41728E-15	500.00000E-3	-30.076159E-3	80.126288E-12	-570.57512E-3	322.31180E-6	-2.3913089E-12	6.5513056E-15
159.99996E-12	913.85981E-15	500.00000E-3	-187.11412E-3	80.000034E-12	-596.08263E-3	349.41212E-6	-2.3845210E-12	5.1602560E-15
157.49996E-12	912.70849E-15	500.00000E-3	-109.14088E-3	80.035076E-12	-605.53974E-3	353.33016E-6	-2.3649797E-12	20.014430E-15
154.99996E-12	917.68964E-15	500.00000E-3	259.85020E-3	80.098067E-12	-562.29091E-3	324.89293E-6	-2.3948541E-12	-4.7777757E-15
152.49996E-12	915.32944E-15	500.00000E-3	210.66451E-3	79.826090E-12	-505.94431E-3	386.65006E-6	-2.3763407E-12	19.768810E-15
149.99996E-12	925.11394E-15	500.00000E-3	-391.65321E-3	80.172834E-12	-624.96632E-3	358.23297E-6	-2.3839561E-12	13.247419E-15
147.49996E-12	922.29674E-15	500.00000E-3	-177.77842E-3	79.793235E-12	-609.76613E-3	381.40980E-6	-2.3845817E-12	8.1485112E-15
144.99996E-12	933.61083E-15	500.00000E-3	-283.81386E-3	79.995982E-12	-628.81625E-3	340.75443E-6	-2.3678186E-12	33.185423E-15
142.49996E-12	926.89474E-15	500.00000E-3	44.899721E-3	80.008659E-12	-621.10275E-3	393.04426E-6	-2.3867690E-12	20.752329E-15
139.99996E-12	931.73765E-15	500.00000E-3	24.708578E-3	79.921597E-12	-595.69818E-3	392.43596E-6	-2.3970869E-12	2.2819400E-15
137.49996E-12	930.74637E-15	500.00000E-3	-95.412061E-3	80.182624E-12	-642.59022E-3	327.99318E-6	-2.3701230E-12	15.655598E-15
134.99996E-12	935.18346E-15	500.00000E-3	172.90305E-3	79.771183E-12	-589.42717E-3	371.31924E-6	-2.3932893E-12	38.009089E-15
132.49996E-12	936.59260E-15	500.00000E-3	-174.64744E-3	80.119716E-12	-627.06667E-3	314.29765E-6	-2.3697426E-12	16.295061E-15
129.99996E-12	940.88658E-15	500.00000E-3	-100.09269E-3	79.869313E-12	-614.09587E-3	387.92504E-6	-2.3836256E-12	34.636028E-15
127.49996E-12	950.24954E-15	500.00000E-3	178.67836E-3	80.186115E-12	-582.47280E-3	323.73014E-6	-2.3957023E-12	11.051105E-15
124.99995E-12	953.25993E-15	500.00000E-3	-72.737858E-3	79.869618E-12	-605.65495E-3	348.19456E-6	-2.3811686E-12	5.4327613E-15
122.49995E-12	955.29899E-15	500.00000E-3	-73.504545E-3	80.049918E-12	-604.47615E-3	348.25678E-6	-2.3871859E-12	-6.6990171E-15
119.99995E-12	955.73484E-15	500.00000E-3	-478.34164E-3	80.144717E-12	-702.31873E-3	334.61579E-6	-2.3794283E-12	13.644502E-15
117.49995E-12	963.49979E-15	500.00000E-3	309.49071E-3	79.800160E-12	-611.77623E-3	382.01010E-6	-2.4019964E-12	20.931878E-15
114.99995E-12	967.97657E-15	500.00000E-3	-193.25697E-3	79.942442E-12	-649.94019E-3	357.49422E-6	-2.3799994E-12	45.496586E-15
112.49995E-12	965.64022E-15	500.00000E-3	-16.045747E-3	79.949818E-12	-652.94147E-3	370.39124E-6	-2.3781799E-12	35.224793E-15
109.99995E-12	973.28981E-15	500.00000E-3	-71.945906E-3	80.047934E-12	-664.34509E-3	366.84677E-6	-2.3733003E-12	-9.3093630E-15
107.49995E-12	972.98406E-15	500.00000E-3	-108.07049E-3	80.104416E-12	-676.39971E-3	341.87335E-6	-2.3960740E-12	23.072605E-15
104.99995E-12	983.13859E-15	500.00000E-3	285.79277E-3	80.093362E-12	-636.59155E-3	343.51333E-6	-2.3832661E-12	14.486737E-15
102.49995E-12	985.54194E-15	500.00000E-3	-58.241423E-3	79.865205E-12	-667.68169E-3	375.42297E-6	-2.3999999E-12	43.920620E-15
99.999953E-12	1.0005270E-12	500.00000E-3	6.1680092E-3	80.083731E-12	-663.48189E-3	368.20915E-6	-2.3736085E-12	35.403460E-15
97.499953E-12	999.11171E-15	500.00000E-3	-261.97901E-3	79.856378E-12	-751.79368E-3	381.01024E-6	-2.3985989E-12	26.751816E-15
94.999952E-12	1.0107508E-12	500.00000E-3	125.74841E-3	80.176928E-12	-707.10778E-3	343.55861E-6	-2.3972189E-12	-1.3299316E-15
92.499952E-12	1.0189693E-12	500.00000E-3	-115.34417E-3	79.863366E-12	-720.34734E-3	387.56576E-6	-2.3848423E-12	21.559394E-15
89.999952E-12	1.0277995E-12	500.00000E-3	189.46144E-3	80.064122E-12	-724.77084E-3	356.83834E-6	-2.3797184E-12	2.7915743E-15
87.499952E-12	1.0370080E-12	500.00000E-3	94.510958E-3	79.907921E-12	-738.75809E-3	400.26466E-6	-2.3990061E-12	33.264746E-15
84.999952E-12	1.0518441E-12	500.00000E-3	-35.624158E-3	79.945765E-12	-722.22644E-3	375.82152E-6	-2.3470397E-12	27.530561E-15
82.499951E-12	1.0593062E-12	500.00000E-3	-65.967232E-3	80.013225E-12	-772.75920E-3	390.68234E-6	-2.3756845E-12	39.438379E-15
79.999951E-12	1.0719199E-12	500.00000E-3	-8.5511459E-3	79.849773E-12	-717.47023E-3	414.42571E-6	-2.3892448E-12	-1.4641164E-15
77.499951E-12	1.0777160E-12	500.00000E-3	-338.50887E-3	80.153092E-12	-812.93529E-3	360.93389E-6	-2.3869654E-12	16.212407E-15
74.999951E-12	1.0900595E-12	500.00000E-3	295.18387E-3	79.930826E-12	-752.38401E-3	360.97612E-6	-2.3893138E-12	29.605689E-15
72.499950E-12	1.1010850E-12	500.00000E-3	-123.85296E-3	79.899649E-12	-787.65148E-3	395.72103E-6	-2.3919686E-12	39.870735E-15
69.999950E-12	1.1191806E-12	500.00000E-3	234.72548E-3	79.938001E-12	-762.00676E-3	387.82330E-6	-2.3574645E-12	10.880855E-15
67.500006E-12	1.1302850E-12	500.00000E-3	17.152378E-3	80.258737E-12	-763.80330E-3	348.59942E-6	-2.3734365E-12	15.905822E-15
65.000005E-12	1.1450352E-12	500.00000E-3	17.682800E-3	80.000388E-12	-755.04875E-3	369.80072E-6	-2.3632754E-12	13.671061E-15
62.500005E-12	1.1638379E-12	500.00000E-3	-375.33373E-3	80.127550E-12	-834.67561E-3	366.15596E-6	-2.3501914E-12	-5.6698658E-15
60.000005E-12	1.1786812E-12	500.00000E-3	248.78660E-3	79.945432E-12	-780.55835E-3	368.95048E-6	-2.3643106E-12	43.322201E-15
57.500005E-12	1.1958807E-12	500.00000E-3	-220.23360E-3	80.051278E-12	-811.17702E-3	361.41608E-6	-2.3856403E-12	23.202382E-15
55.000005E-12	1.2168911E-12	500.00000E-3	-1.4969237E-3	79.969135E-12	-828.06826E-3	373.56300E-6	-2.4001630E-12	2.3648309E-15
52.500004E-12	1.2391247E-12	500.00000E-3	40.717941E-3	79.687437E-12	-830.91348E-3	430.42851E-6	-2.3912738E-12	27.222373E-15
50.000004E-12	1.2668950E-12	500.00000E-3	-35.936091E-3	79.937244E-12	-818.02022E-3	390.74215E-6	-2.3874531E-12	26.361054E-15
47.500004E-12	1.2943351E-12	500.00000E-3	522.09318E-3	80.007029E-12	-751.85525E-3	395.19047E-6	-2.3896729E-12	61.207631E-15
45.000004E-12	1.3188159E-12	500.00000E-3	-285.78520E-3	80.030510E-12	-851.69721E-3	393.99957E-6	-2.3842558E-12	24.830286E-15
42.500004E-12	1.3516540E-12	500.00000E-3	-162.65656E-3	80.115602E-12	-858.87402E-3	367.13041E-6	-2.3838553E-12	35.971521E-15
40.000003E-12	1.3786932E-12	500.00000E-3	-30.533817E-3	79.853242E-12	-861.69511E-3	441.18456E-6	-2.3861301E-12	18.967663E-15
37.500003E-12	1.4211940E-12	500.00000E-3	162.59815E-3	79.987642E-12	-815.61273E-3	398.21086E-6	-2.3947209E-12	57.364547E-15
35.000003E-12	1.4573868E-12	500.00000E-3	30.050285E-3	79.905450E-12	-865.29046E-3	402.12049E-6	-2.3848662E-12	45.513611E-15
32.500003E-12	1.5032108E-12	500.00000E-3	-137.64113E-3	80.094605E-12	-882.23851E-3	365.68189E-6	-2.4064119E-12	44.604091E-15
30.000002E-12	1.5488333E-12	500.00000E-3	-35.394356E-3	80.019158E-12	-886.46317E-3	374.86936E-6	-2.3993604E-12	67.357856E-15
27.500002E-12	1.6072257E-12	500.00000E-3	185.40460E-3	80.211268E-12	-856.92894E-3	317.93184E-6	-2.3873785E-12	29.099705E-15
25.000002E-12	1.6474814E-12	500.00000E-3	-154.91664E-3	79.888179E-12	-914.30813E-3	387.06261E-6	-2.3773255E-12	27.672397E-15
22.500002E-12	1.7101203E-12	500.00000E-3	73.982529E-3	79.728495E-12	-934.04657E-3	422.84708E-6	-2.3918083E-12	34.633043E-15
20.000002E-12	1.7736639E-12	500.00000E-3	136.23340E-3	79.999729E-12	-912.47684E-3	390.17890E-6	-2.3893038E-12	40.846754E-15
17.500001E-12	1.8461487E-12	500.00000E-3	-112.48021E-3	79.993720E-12	-960.18720E-3	378.66886E-6	-2.3710294E-12	35.963606E-15
15.000001E-12	1.9133367E-12	500.00000E-3	114.82227E-3	79.844423E-12	-955.07413E-3	427.18527E-6	-2.3972868E-12	69.538810E-15
12.500001E-12	1.9888949E-12	500.00000E-3	-1.2092212E-3	80.044388E-12	-979.57402E-3	396.03180E-6	-2.4003744E-12	51.913907E-15
10.000001E-12	2.0861253E-12	500.00000E-3	-424.52461E-3	80.042410E-12	-1.0645117E+0	394.83077E-6	-2.3805732E-12	77.229720E-15
7.5000006E-12	2.1843944E-12	500.00000E-3	185.52528E-3	80.027186E-12	-993.45523E-3	358.91269E-6	-2.3913365E-12	64.772128E-15
5.0000004E-12	2.2870835E-12	500.00000E-3	-179.25702E-3	80.015924E-12	-1.0500044E+0	326.11747E-6	-2.3966144E-12	67.382460E-15
2.5000002E-12	2.3965625E-12	500.00000E-3	22.380060E-3	79.911876E-12	-1.0512251E+0	381.45142E-6	-2.3920668E-12	58.983946E-15
0.0000000E+0	2.5221921E-12	500.00000E-3	-171.69674E-3	80.028047E-12	-1.0514082E+0	369.29024E-6	-2.3923621E-12	79.325137E-15
