9.9999997e-10 -0.55104613
9.9749997e-10 -0.49540782
9.9499997e-10 -0.53121138
9.9249997e-10 -0.52886689
9.8999997e-10 -0.5329864
9.8749997e-10 -0.53690046
9.8499997e-10 -0.54823023
9.8249997e-10 -0.54058355
9.7999997e-10 -0.53806901
9.7749997e-10 -0.54274493
9.7499997e-10 -0.51928681
9.7249997e-10 -0.52853614
9.6999997e-10 -0.53720522
9.6749997e-10 -0.55390245
9.6499997e-10 -0.52917582
9.6249997e-10 -0.53876692
9.5999997e-10 -0.53482163
9.5749997e-10 -0.55610943
9.5499997e-10 -0.50775522
9.5249997e-10 -0.55440617
9.4999997e-10 -0.51477647
9.4749997e-10 -0.54012185
9.4499997e-10 -0.50469458
9.4249997e-10 -0.5260663
9.3999997e-10 -0.53947532
9.3749997e-10 -0.54562593
9.3499997e-10 -0.5088743
9.3249997e-10 -0.51783884
9.2999997e-10 -0.55217749
9.2749997e-10 -0.54508996
9.2499997e-10 -0.51291847
9.2249997e-10 -0.54712468
9.1999997e-10 -0.54885942
9.1749996e-10 -0.5275088
9.1499996e-10 -0.49769709
9.1249996e-10 -0.52154279
9.0999996e-10 -0.58658153
9.0749996e-10 -0.52780569
9.0499996e-10 -0.55421883
9.0249996e-10 -0.55757219
8.9999996e-10 -0.49486238
8.9749996e-10 -0.54059047
8.9499996e-10 -0.50295186
8.9249996e-10 -0.53802371
8.8999996e-10 -0.55933529
8.8749996e-10 -0.52317142
8.8499996e-10 -0.54299182
8.8249996e-10 -0.54078716
8.7999996e-10 -0.5171575
8.7749996e-10 -0.51772529
8.7499996e-10 -0.55326879
8.7249996e-10 -0.53975856
8.6999996e-10 -0.52759868
8.6749996e-10 -0.50949615
8.6499996e-10 -0.5500105
8.6249996e-10 -0.58435339
8.5999996e-10 -0.53239948
8.5749996e-10 -0.55210412
8.5499996e-10 -0.57170367
8.5249996e-10 -0.5301199
8.4999996e-10 -0.53861648
8.4749996e-10 -0.53974181
8.4499996e-10 -0.54582441
8.4249996e-10 -0.54307586
8.3999996e-10 -0.54800892
8.3749996e-10 -0.54259908
8.3499996e-10 -0.57379115
8.3249996e-10 -0.53378874
8.2999996e-10 -0.55194807
8.2749996e-10 -0.58048934
8.2499996e-10 -0.52735406
8.2249996e-10 -0.56511831
8.1999996e-10 -0.55994099
8.1749996e-10 -0.52677554
8.1499996e-10 -0.54947424
8.1249996e-10 -0.55282921
8.0999996e-10 -0.56394702
8.0749996e-10 -0.56396586
8.0499996e-10 -0.55827135
8.0249996e-10 -0.5522927
7.9999996e-10 -0.55760592
7.9749995e-10 -0.55606347
7.9499995e-10 -0.56283712
7.9249995e-10 -0.56439728
7.8999995e-10 -0.56085998
7.8749995e-10 -0.58635414
7.8499995e-10 -0.55183917
7.8249995e-10 -0.57391036
7.7999995e-10 -0.55331129
7.7749995e-10 -0.55154318
7.7499995e-10 -0.5778451
7.7249995e-10 -0.55434829
7.6999995e-10 -0.53934658
7.6749995e-10 -0.54879493
7.6499995e-10 -0.58062494
7.6249995e-10 -0.53965896
7.5999995e-10 -0.56884652
7.5749995e-10 -0.57014465
7.5499995e-10 -0.55015498
7.5249995e-10 -0.54193795
7.4999995e-10 -0.59259343
7.4749995e-10 -0.53525716
7.4499995e-10 -0.565418
7.4249995e-10 -0.54426169
7.3999995e-10 -0.54359496
7.3749995e-10 -0.57293868
7.3499995e-10 -0.56641352
7.3249995e-10 -0.55889493
7.2999995e-10 -0.57636237
7.2749995e-10 -0.56983441
7.2499995e-10 -0.56913328
7.2249995e-10 -0.58210433
7.1999995e-10 -0.57878113
7.1749995e-10 -0.58917314
7.1499995e-10 -0.62525535
7.1249995e-10 -0.57091343
7.0999995e-10 -0.56358975
7.0749995e-10 -0.54019284
7.0499995e-10 -0.57393038
7.0249995e-10 -0.57863206
6.9999995e-10 -0.55795377
6.9749995e-10 -0.58051038
6.9499995e-10 -0.59937674
6.9249995e-10 -0.56087637
6.8999995e-10 -0.56300646
6.8749995e-10 -0.54611367
6.8499995e-10 -0.5704152
6.8249995e-10 -0.57130873
6.7999995e-10 -0.52320772
6.7749995e-10 -0.56199318
6.7499994e-10 -0.58098745
6.7249994e-10 -0.57142055
6.6999994e-10 -0.60354751
6.6749994e-10 -0.58365226
6.6499994e-10 -0.54708844
6.6249994e-10 -0.57030392
6.5999994e-10 -0.5740608
6.5749994e-10 -0.582883
6.5499994e-10 -0.60960793
6.5249994e-10 -0.5732978
6.4999994e-10 -0.59240925
6.4749994e-10 -0.58130515
6.4499994e-10 -0.58998334
6.4249994e-10 -0.59340864
6.3999994e-10 -0.60737997
6.3749994e-10 -0.59992695
6.3499994e-10 -0.59521794
6.3249994e-10 -0.60815489
6.2999994e-10 -0.56520903
6.2749994e-10 -0.58979857
6.2499994e-10 -0.59179229
6.2249994e-10 -0.59742725
6.1999994e-10 -0.59724957
6.1749994e-10 -0.5842548
6.1499994e-10 -0.6100539
6.1249994e-10 -0.62068224
6.0999994e-10 -0.59034079
6.0749994e-10 -0.58703756
6.0499994e-10 -0.62010664
6.0249994e-10 -0.59512693
5.9999994e-10 -0.64400381
5.9749994e-10 -0.61351156
5.9499994e-10 -0.63348132
5.9249994e-10 -0.63607699
5.8999994e-10 -0.61191696
5.8749994e-10 -0.62007207
5.8499994e-10 -0.63903731
5.8249994e-10 -0.6030041
5.7999994e-10 -0.63583589
5.7749994e-10 -0.64562887
5.7499994e-10 -0.64983803
5.7249994e-10 -0.66917986
5.6999994e-10 -0.67558444
5.6749994e-10 -0.65028077
5.6499994e-10 -0.6853537
5.6249994e-10 -0.682307
5.5999994e-10 -0.68350446
5.5749994e-10 -0.64444387
5.5499993e-10 -0.70214564
5.5249993e-10 -0.71535939
5.4999993e-10 -0.6737299
5.4749993e-10 -0.68252259
5.4499993e-10 -0.67679453
5.4249993e-10 -0.68267775
5.3999993e-10 -0.67908782
5.3749993e-10 -0.70478797
5.3499993e-10 -0.70295799
5.3249999e-10 -0.69605929
5.2999999e-10 -0.71211314
5.2749999e-10 -0.73814714
5.2499999e-10 -0.68834889
5.2249999e-10 -0.7170828
5.1999999e-10 -0.72969669
5.1749999e-10 -0.69825852
5.1499999e-10 -0.73954952
5.1249999e-10 -0.76015365
5.0999999e-10 -0.73631066
5.0749999e-10 -0.73033804
5.0499999e-10 -0.74835008
5.0249999e-10 -0.7300809
4.9999999e-10 -0.75866258
4.9749999e-10 -0.70636362
4.9499999e-10 -0.75197279
4.9249999e-10 -0.74699378
4.8999999e-10 -0.76627946
4.8749998e-10 -0.75215316
4.8499998e-10 -0.74069196
4.8249998e-10 -0.75197655
4.7999998e-10 -0.768417
4.7749998e-10 -0.76500827
4.7499998e-10 -0.78072596
4.7249998e-10 -0.76888669
4.6999998e-10 -0.75145537
4.6749998e-10 -0.77819139
4.6499998e-10 -0.77545744
4.6249998e-10 -0.74210644
4.5999998e-10 -0.77923036
4.5749998e-10 -0.77276331
4.5499998e-10 -0.76376915
4.5249998e-10 -0.78858441
4.4999998e-10 -0.78610039
4.4749998e-10 -0.7794919
4.4499998e-10 -0.79426271
4.4249998e-10 -0.74418116
4.3999998e-10 -0.7526781
4.3749998e-10 -0.74054402
4.3499998e-10 -0.78157604
4.3249998e-10 -0.76210332
4.2999998e-10 -0.72245002
4.2749998e-10 -0.7490859
4.2499998e-10 -0.76421267
4.2249998e-10 -0.71969962
4.1999998e-10 -0.75137591
4.1749998e-10 -0.73810822
4.1499998e-10 -0.70984691
4.1249998e-10 -0.73085928
4.0999998e-10 -0.73602593
4.0749998e-10 -0.72614342
4.0499998e-10 -0.73028558
4.0249998e-10 -0.759507
3.9999998e-10 -0.75515598
3.9749998e-10 -0.75290561
3.9499998e-10 -0.75915664
3.9249998e-10 -0.75515139
3.8999998e-10 -0.75242406
3.8749998e-10 -0.72805154
3.8499998e-10 -0.75088525
3.8249998e-10 -0.74282539
3.7999998e-10 -0.72485036
3.7749998e-10 -0.73678541
3.7499998e-10 -0.71848541
3.7249998e-10 -0.75891268
3.6999998e-10 -0.72915691
3.6749997e-10 -0.73006707
3.6499997e-10 -0.73092848
3.6249997e-10 -0.72942853
3.5999997e-10 -0.73031527
3.5749997e-10 -0.72339034
3.5499997e-10 -0.74730808
3.5249997e-10 -0.76440394
3.4999997e-10 -0.70621997
3.4749997e-10 -0.75641859
3.4499997e-10 -0.73682714
3.4249997e-10 -0.73660886
3.3999997e-10 -0.73237151
3.3749997e-10 -0.73979455
3.3499997e-10 -0.74500364
3.3249997e-10 -0.74447304
3.2999997e-10 -0.74757093
3.2749997e-10 -0.77096945
3.2499997e-10 -0.73605257
3.2249997e-10 -0.75251257
3.1999997e-10 -0.75078732
3.1749997e-10 -0.76654691
3.1499997e-10 -0.7608124
3.1249997e-10 -0.73823225
3.0999997e-10 -0.75323761
3.0749997e-10 -0.80303872
3.0499997e-10 -0.77132064
3.0249997e-10 -0.74280387
2.9999997e-10 -0.75085366
2.9749997e-10 -0.78437591
2.9499997e-10 -0.74987316
2.9249997e-10 -0.80855632
2.8999997e-10 -0.78971541
2.8749997e-10 -0.74516439
2.8499997e-10 -0.79311901
2.8249997e-10 -0.79194576
2.7999997e-10 -0.78354514
2.7749997e-10 -0.78562093
2.7499997e-10 -0.80067968
2.7249997e-10 -0.82259941
2.6999997e-10 -0.84495521
2.6749997e-10 -0.81123108
2.6499997e-10 -0.81037486
2.6249997e-10 -0.81619394
2.5999997e-10 -0.80750006
2.5749997e-10 -0.83671713
2.5499997e-10 -0.82655919
2.5249997e-10 -0.82229519
2.4999997e-10 -0.83071589
2.4749996e-10 -0.84435737
2.4499996e-10 -0.83464873
2.4249996e-10 -0.84541649
2.3999996e-10 -0.86006576
2.3749996e-10 -0.85462701
2.3499996e-10 -0.8273496
2.3249996e-10 -0.86207187
2.2999996e-10 -0.85578418
2.2749996e-10 -0.88205546
2.2499996e-10 -0.85925901
2.2249996e-10 -0.88285136
2.1999996e-10 -0.89552855
2.1749996e-10 -0.84256381
2.1499996e-10 -0.8842715
2.1249996e-10 -0.87802196
2.0999996e-10 -0.90611613
2.0749996e-10 -0.88947612
2.0499996e-10 -0.8607949
2.0249996e-10 -0.91152787
1.9999996e-10 -0.90330857
1.9749996e-10 -0.8845554
1.9499996e-10 -0.88232481
1.9249996e-10 -0.88208747
1.8999996e-10 -0.89748579
1.8749996e-10 -0.91158211
1.8499996e-10 -0.8947385
1.8249996e-10 -0.88820517
1.7999996e-10 -0.89348459
1.7749996e-10 -0.90373367
1.7499996e-10 -0.91558284
1.7249996e-10 -0.94232106
1.6999996e-10 -0.9502905
1.6749996e-10 -0.95225328
1.6499996e-10 -0.92791116
1.6249996e-10 -0.96696132
1.5999996e-10 -0.93113941
1.5749996e-10 -0.94725645
1.5499996e-10 -0.9416793
1.5249996e-10 -0.95851457
1.4999996e-10 -0.94479579
1.4749996e-10 -0.94186109
1.4499996e-10 -0.96566767
1.4249996e-10 -0.98189372
1.3999996e-10 -1.0148509
1.3749996e-10 -1.006953
1.3499996e-10 -1.0218254
1.3249996e-10 -1.0096076
1.2999996e-10 -1.0289488
1.2749996e-10 -0.99627292
1.2499995e-10 -0.97709888
1.2249995e-10 -1.0336027
1.1999995e-10 -1.023213
1.1749995e-10 -1.0045528
1.1499995e-10 -1.0141737
1.1249995e-10 -1.0141592
1.0999995e-10 -1.0301878
1.0749995e-10 -1.034724
1.0499995e-10 -1.0365481
1.0249995e-10 -1.0295864
9.9999953e-11 -1.0373154
9.7499953e-11 -1.039247
9.4999952e-11 -1.0628566
9.2499952e-11 -1.0512137
8.9999952e-11 -1.0805899
8.7499952e-11 -1.082661
8.4999952e-11 -1.0697482
8.2499951e-11 -1.0923357
7.9999951e-11 -1.0722222
7.7499951e-11 -1.1000425
7.4999951e-11 -1.0953463
7.249995e-11 -1.1077504
6.999995e-11 -1.074538
6.7500006e-11 -1.1013732
6.5000005e-11 -1.1183575
6.2500005e-11 -1.1349821
6.0000005e-11 -1.1059015
5.7500005e-11 -1.1504433
5.5000005e-11 -1.1333297
5.2500004e-11 -1.1208634
5.0000004e-11 -1.1404252
4.7500004e-11 -1.1855452
4.5000004e-11 -1.1873673
4.2500004e-11 -1.157491
4.0000003e-11 -1.180546
3.7500003e-11 -1.1768438
3.5000003e-11 -1.1868787
3.2500003e-11 -1.2038164
3.0000002e-11 -1.2097598
2.7500002e-11 -1.176266
2.5000002e-11 -1.2013224
2.2500002e-11 -1.2290928
2.0000002e-11 -1.2133521
1.7500001e-11 -1.2538584
1.5000001e-11 -1.2193031
1.2500001e-11 -1.2320486
1.0000001e-11 -1.2492163
7.5000006e-12 -1.25462
5.0000004e-12 -1.2560087
2.5000002e-12 -1.276809
0.0 -1.2947407
