9.9999997e-10 -0.50921559
9.9749997e-10 -0.53956407
9.9499997e-10 -0.53459775
9.9249997e-10 -0.50462061
9.8999997e-10 -0.52906984
9.8749997e-10 -0.50656557
9.8499997e-10 -0.50315297
9.8249997e-10 -0.51322484
9.7999997e-10 -0.49685252
9.7749997e-10 -0.53026056
9.7499997e-10 -0.53546154
9.7249997e-10 -0.53635031
9.6999997e-10 -0.53451961
9.6749997e-10 -0.48534653
9.6499997e-10 -0.50185734
9.6249997e-10 -0.5163281
9.5999997e-10 -0.54963702
9.5749997e-10 -0.49457446
9.5499997e-10 -0.50616485
9.5249997e-10 -0.52529204
9.4999997e-10 -0.53352243
9.4749997e-10 -0.50359225
9.4499997e-10 -0.53361475
9.4249997e-10 -0.53140569
9.3999997e-10 -0.51199877
9.3749997e-10 -0.53038609
9.3499997e-10 -0.53807962
9.3249997e-10 -0.55611902
9.2999997e-10 -0.55650949
9.2749997e-10 -0.50362736
9.2499997e-10 -0.47864765
9.2249997e-10 -0.55629069
9.1999997e-10 -0.54252243
9.1749996e-10 -0.52413726
9.1499996e-10 -0.54370737
9.1249996e-10 -0.51927173
9.0999996e-10 -0.52480185
9.0749996e-10 -0.53057581
9.0499996e-10 -0.54516059
9.0249996e-10 -0.55829936
8.9999996e-10 -0.5356338
8.9749996e-10 -0.51957709
8.9499996e-10 -0.54599261
8.9249996e-10 -0.51017129
8.8999996e-10 -0.53472698
8.8749996e-10 -0.52684653
8.8499996e-10 -0.52564985
8.8249996e-10 -0.53990817
8.7999996e-10 -0.52786243
8.7749996e-10 -0.53339344
8.7499996e-10 -0.55322641
8.7249996e-10 -0.52376074
8.6999996e-10 -0.54369664
8.6749996e-10 -0.53208917
8.6499996e-10 -0.54735941
8.6249996e-10 -0.53249764
8.5999996e-10 -0.5382129
8.5749996e-10 -0.53018028
8.5499996e-10 -0.55865717
8.5249996e-10 -0.51907182
8.4999996e-10 -0.55578661
8.4749996e-10 -0.5640071
8.4499996e-10 -0.54933494
8.4249996e-10 -0.5635193
8.3999996e-10 -0.56585968
8.3749996e-10 -0.54939091
8.3499996e-10 -0.55563563
8.3249996e-10 -0.53537095
8.2999996e-10 -0.58077705
8.2749996e-10 -0.57411557
8.2499996e-10 -0.5709759
8.2249996e-10 -0.55694896
8.1999996e-10 -0.52225029
8.1749996e-10 -0.52090645
8.1499996e-10 -0.54634511
8.1249996e-10 -0.52361667
8.0999996e-10 -0.55831724
8.0749996e-10 -0.51773363
8.0499996e-10 -0.59591603
8.0249996e-10 -0.55877239
7.9999996e-10 -0.56679553
7.9749995e-10 -0.53500539
7.9499995e-10 -0.56050605
7.9249995e-10 -0.52186972
7.8999995e-10 -0.5732193
7.8749995e-10 -0.57696074
7.8499995e-10 -0.53667152
7.8249995e-10 -0.54288155
7.7999995e-10 -0.54743421
7.7749995e-10 -0.53870374
7.7499995e-10 -0.54279453
7.7249995e-10 -0.58614981
7.6999995e-10 -0.52022213
7.6749995e-10 -0.52283859
7.6499995e-10 -0.5502829
7.6249995e-10 -0.56400353
7.5999995e-10 -0.55502415
7.5749995e-10 -0.56074613
7.5499995e-10 -0.56715465
7.5249995e-10 -0.54274881
7.4999995e-10 -0.56286144
7.4749995e-10 -0.54485953
7.4499995e-10 -0.57234097
7.4249995e-10 -0.54951739
7.3999995e-10 -0.56819159
7.3749995e-10 -0.55115032
7.3499995e-10 -0.55829185
7.3249995e-10 -0.56977451
7.2999995e-10 -0.57022303
7.2749995e-10 -0.56782621
7.2499995e-10 -0.54973334
7.2249995e-10 -0.58145791
7.1999995e-10 -0.52767289
7.1749995e-10 -0.57403451
7.1499995e-10 -0.55814767
7.1249995e-10 -0.54123992
7.0999995e-10 -0.58961278
7.0749995e-10 -0.56469589
7.0499995e-10 -0.56535155
7.0249995e-10 -0.55814612
6.9999995e-10 -0.57970947
6.9749995e-10 -0.56293482
6.9499995e-10 -0.56165069
6.9249995e-10 -0.5764997
6.8999995e-10 -0.55781561
6.8749995e-10 -0.57992929
6.8499995e-10 -0.5838607
6.8249995e-10 -0.56989747
6.7999995e-10 -0.57207483
6.7749995e-10 -0.56713909
6.7499994e-10 -0.55423069
6.7249994e-10 -0.5478363
6.6999994e-10 -0.57468688
6.6749994e-10 -0.5407244
6.6499994e-10 -0.57735229
6.6249994e-10 -0.56096369
6.5999994e-10 -0.56378365
6.5749994e-10 -0.59230798
6.5499994e-10 -0.61313105
6.5249994e-10 -0.59412301
6.4999994e-10 -0.60674995
6.4749994e-10 -0.57018006
6.4499994e-10 -0.58550173
6.4249994e-10 -0.59738356
6.3999994e-10 -0.59170675
6.3749994e-10 -0.5652709
6.3499994e-10 -0.5928061
6.3249994e-10 -0.61008728
6.2999994e-10 -0.59428549
6.2749994e-10 -0.58299184
6.2499994e-10 -0.58525079
6.2249994e-10 -0.5786109
6.1999994e-10 -0.61547422
6.1749994e-10 -0.61102313
6.1499994e-10 -0.5833509
6.1249994e-10 -0.60890275
6.0999994e-10 -0.62495005
6.0749994e-10 -0.61187041
6.0499994e-10 -0.62141162
6.0249994e-10 -0.62805647
5.9999994e-10 -0.60537261
5.9749994e-10 -0.60055006
5.9499994e-10 -0.59997374
5.9249994e-10 -0.61148137
5.8999994e-10 -0.59990746
5.8749994e-10 -0.62432939
5.8499994e-10 -0.59640491
5.8249994e-10 -0.6460163
5.7999994e-10 -0.62561309
5.7749994e-10 -0.60820538
5.7499994e-10 -0.62710512
5.7249994e-10 -0.63762271
5.6999994e-10 -0.61616701
5.6749994e-10 -0.64019287
5.6499994e-10 -0.65367013
5.6249994e-10 -0.65758049
5.5999994e-10 -0.65992755
5.5749994e-10 -0.67110521
5.5499993e-10 -0.64651644
5.5249993e-10 -0.65580368
5.4999993e-10 -0.68343478
5.4749993e-10 -0.66762549
5.4499993e-10 -0.69137281
5.4249993e-10 -0.70351088
5.3999993e-10 -0.6685043
5.3749993e-10 -0.69784582
5.3499993e-10 -0.67441416
5.3249999e-10 -0.71179056
5.2999999e-10 -0.68745768
5.2749999e-10 -0.71403641
5.2499999e-10 -0.69452357
5.2249999e-10 -0.68085921
5.1999999e-10 -0.70185494
5.1749999e-10 -0.73108226
5.1499999e-10 -0.71611029
5.1249999e-10 -0.7089777
5.0999999e-10 -0.71266377
5.0749999e-10 -0.70565873
5.0499999e-10 -0.71332228
5.0249999e-10 -0.73945308
4.9999999e-10 -0.75143993
4.9749999e-10 -0.72791624
4.9499999e-10 -0.70277596
4.9249999e-10 -0.72841704
4.8999999e-10 -0.74516833
4.8749998e-10 -0.73247594
4.8499998e-10 -0.71631914
4.8249998e-10 -0.75636792
4.7999998e-10 -0.70306236
4.7749998e-10 -0.73989844
4.7499998e-10 -0.74404883
4.7249998e-10 -0.7487824
4.6999998e-10 -0.74439877
4.6749998e-10 -0.75599128
4.6499998e-10 -0.74343979
4.6249998e-10 -0.77344954
4.5999998e-10 -0.76734895
4.5749998e-10 -0.75425887
4.5499998e-10 -0.73635501
4.5249998e-10 -0.75267577
4.4999998e-10 -0.75445408
4.4749998e-10 -0.74875307
4.4499998e-10 -0.75093228
4.4249998e-10 -0.75782722
4.3999998e-10 -0.76666456
4.3749998e-10 -0.74531615
4.3499998e-10 -0.75313389
4.3249998e-10 -0.75558078
4.2999998e-10 -0.76006705
4.2749998e-10 -0.76099122
4.2499998e-10 -0.74490994
4.2249998e-10 -0.73616558
4.1999998e-10 -0.76301533
4.1749998e-10 -0.74120927
4.1499998e-10 -0.74287796
4.1249998e-10 -0.73872763
4.0999998e-10 -0.73045248
4.0749998e-10 -0.74714786
4.0499998e-10 -0.73336959
4.0249998e-10 -0.75176358
3.9999998e-10 -0.73358023
3.9749998e-10 -0.74160963
3.9499998e-10 -0.71871758
3.9249998e-10 -0.72859192
3.8999998e-10 -0.73314971
3.8749998e-10 -0.72657949
3.8499998e-10 -0.75167871
3.8249998e-10 -0.70737064
3.7999998e-10 -0.74619114
3.7749998e-10 -0.73276192
3.7499998e-10 -0.72186023
3.7249998e-10 -0.69439745
3.6999998e-10 -0.74159443
3.6749997e-10 -0.73230958
3.6499997e-10 -0.71836835
3.6249997e-10 -0.73548841
3.5999997e-10 -0.72691357
3.5749997e-10 -0.71563756
3.5499997e-10 -0.71711093
3.5249997e-10 -0.72097754
3.4999997e-10 -0.72863215
3.4749997e-10 -0.73170948
3.4499997e-10 -0.72514349
3.4249997e-10 -0.77252144
3.3999997e-10 -0.71499425
3.3749997e-10 -0.77506793
3.3499997e-10 -0.76364672
3.3249997e-10 -0.72833824
3.2999997e-10 -0.74676758
3.2749997e-10 -0.74061424
3.2499997e-10 -0.71520674
3.2249997e-10 -0.77155739
3.1999997e-10 -0.74163306
3.1749997e-10 -0.74694216
3.1499997e-10 -0.77780992
3.1249997e-10 -0.7260974
3.0999997e-10 -0.73660016
3.0749997e-10 -0.76565319
3.0499997e-10 -0.77135575
3.0249997e-10 -0.76357251
2.9999997e-10 -0.76940924
2.9749997e-10 -0.76581204
2.9499997e-10 -0.77800435
2.9249997e-10 -0.75503808
2.8999997e-10 -0.77746683
2.8749997e-10 -0.77415043
2.8499997e-10 -0.7513653
2.8249997e-10 -0.82003927
2.7999997e-10 -0.78317243
2.7749997e-10 -0.78180408
2.7499997e-10 -0.81472427
2.7249997e-10 -0.79627877
2.6999997e-10 -0.79333019
2.6749997e-10 -0.7718215
2.6499997e-10 -0.80168831
2.6249997e-10 -0.83805281
2.5999997e-10 -0.79546571
2.5749997e-10 -0.81269062
2.5499997e-10 -0.83614743
2.5249997e-10 -0.83490753
2.4999997e-10 -0.84238225
2.4749996e-10 -0.85036731
2.4499996e-10 -0.85736191
2.4249996e-10 -0.82390219
2.3999996e-10 -0.85801303
2.3749996e-10 -0.85062408
2.3499996e-10 -0.86765403
2.3249996e-10 -0.81058091
2.2999996e-10 -0.86536068
2.2749996e-10 -0.84983116
2.2499996e-10 -0.85405862
2.2249996e-10 -0.86321366
2.1999996e-10 -0.85542279
2.1749996e-10 -0.86289269
2.1499996e-10 -0.86331588
2.1249996e-10 -0.86474532
2.0999996e-10 -0.87102818
2.0749996e-10 -0.90676725
2.0499996e-10 -0.85551482
2.0249996e-10 -0.88044482
1.9999996e-10 -0.89461309
1.9749996e-10 -0.88038391
1.9499996e-10 -0.86979872
1.9249996e-10 -0.88801652
1.8999996e-10 -0.85344106
1.8749996e-10 -0.90532702
1.8499996e-10 -0.89955854
1.8249996e-10 -0.88923568
1.7999996e-10 -0.90173596
1.7749996e-10 -0.89262325
1.7499996e-10 -0.91862792
1.7249996e-10 -0.91074032
1.6999996e-10 -0.92263973
1.6749996e-10 -0.89118868
1.6499996e-10 -0.95837313
1.6249996e-10 -0.93301159
1.5999996e-10 -0.92272019
1.5749996e-10 -0.95053804
1.5499996e-10 -0.95366913
1.5249996e-10 -0.94534183
1.4999996e-10 -0.95261896
1.4749996e-10 -0.97169346
1.4499996e-10 -0.94083804
1.4249996e-10 -0.94582695
1.3999996e-10 -0.93735272
1.3749996e-10 -0.98131889
1.3499996e-10 -0.97686213
1.3249996e-10 -0.98011708
1.2999996e-10 -0.98249787
1.2749996e-10 -1.0171791
1.2499995e-10 -1.0018564
1.2249995e-10 -1.0296798
1.1999995e-10 -1.001276
1.1749995e-10 -1.0639796
1.1499995e-10 -1.0025569
1.1249995e-10 -1.0284269
1.0999995e-10 -1.0430543
1.0749995e-10 -1.014708
1.0499995e-10 -1.0415393
1.0249995e-10 -1.0491552
9.9999953e-11 -1.018899
9.7499953e-11 -1.0575674
9.4999952e-11 -1.0504985
9.2499952e-11 -1.052466
8.9999952e-11 -1.049471
8.7499952e-11 -1.058046
8.4999952e-11 -1.0646919
8.2499951e-11 -1.0744803
7.9999951e-11 -1.0678602
7.7499951e-11 -1.0994021
7.4999951e-11 -1.0727077
7.249995e-11 -1.1221921
6.999995e-11 -1.1001657
6.7500006e-11 -1.0912164
6.5000005e-11 -1.081391
6.2500005e-11 -1.1264915
6.0000005e-11 -1.1310807
5.7500005e-11 -1.1174679
5.5000005e-11 -1.1294678
5.2500004e-11 -1.1524578
5.0000004e-11 -1.1364305
4.7500004e-11 -1.1536198
4.5000004e-11 -1.1261009
4.2500004e-11 -1.1413881
4.0000003e-11 -1.1725562
3.7500003e-11 -1.1423687
3.5000003e-11 -1.1608605
3.2500003e-11 -1.2021834
3.0000002e-11 -1.195739
2.7500002e-11 -1.2208655
2.5000002e-11 -1.2020442
2.2500002e-11 -1.2120693
2.0000002e-11 -1.2112173
1.7500001e-11 -1.2645487
1.5000001e-11 -1.2115799
1.2500001e-11 -1.2375406
1.0000001e-11 -1.2467365
7.5000006e-12 -1.2790369
5.0000004e-12 -1.2887096
2.5000002e-12 -1.257048
0.0 -1.2992624
