9.9999997e-10 -0.52763492
9.9749997e-10 -0.55402172
9.9499997e-10 -0.5204767
9.9249997e-10 -0.5198397
9.8999997e-10 -0.50047261
9.8749997e-10 -0.52048331
9.8499997e-10 -0.55425346
9.8249997e-10 -0.49875206
9.7999997e-10 -0.52867544
9.7749997e-10 -0.50955188
9.7499997e-10 -0.52626449
9.7249997e-10 -0.53390402
9.6999997e-10 -0.50859034
9.6749997e-10 -0.53859258
9.6499997e-10 -0.54672652
9.6249997e-10 -0.52009583
9.5999997e-10 -0.54503906
9.5749997e-10 -0.54388881
9.5499997e-10 -0.53252566
9.5249997e-10 -0.55257928
9.4999997e-10 -0.55314356
9.4749997e-10 -0.51376367
9.4499997e-10 -0.55340183
9.4249997e-10 -0.52687424
9.3999997e-10 -0.52991861
9.3749997e-10 -0.53653979
9.3499997e-10 -0.52112037
9.3249997e-10 -0.5553835
9.2999997e-10 -0.53133965
9.2749997e-10 -0.55063599
9.2499997e-10 -0.54453886
9.2249997e-10 -0.56715697
9.1999997e-10 -0.57559198
9.1749996e-10 -0.54006559
9.1499996e-10 -0.55263317
9.1249996e-10 -0.54718232
9.0999996e-10 -0.52618098
9.0749996e-10 -0.5131678
9.0499996e-10 -0.53860021
9.0249996e-10 -0.55810916
8.9999996e-10 -0.57205915
8.9749996e-10 -0.58114231
8.9499996e-10 -0.55748034
8.9249996e-10 -0.52685493
8.8999996e-10 -0.57468241
8.8749996e-10 -0.57345343
8.8499996e-10 -0.57680476
8.8249996e-10 -0.5649159
8.7999996e-10 -0.55547488
8.7749996e-10 -0.53817821
8.7499996e-10 -0.53819859
8.7249996e-10 -0.5246191
8.6999996e-10 -0.52505839
8.6749996e-10 -0.56316274
8.6499996e-10 -0.53635669
8.6249996e-10 -0.58105183
8.5999996e-10 -0.55266571
8.5749996e-10 -0.56063843
8.5499996e-10 -0.52630693
8.5249996e-10 -0.53059947
8.4999996e-10 -0.56708729
8.4749996e-10 -0.57807487
8.4499996e-10 -0.55189908
8.4249996e-10 -0.55284995
8.3999996e-10 -0.57958782
8.3749996e-10 -0.54369611
8.3499996e-10 -0.5389092
8.3249996e-10 -0.55846661
8.2999996e-10 -0.57886356
8.2749996e-10 -0.55501115
8.2499996e-10 -0.54943019
8.2249996e-10 -0.56153196
8.1999996e-10 -0.5648461
8.1749996e-10 -0.5470295
8.1499996e-10 -0.54988211
8.1249996e-10 -0.5695672
8.0999996e-10 -0.57005733
8.0749996e-10 -0.5424065
8.0499996e-10 -0.53951997
8.0249996e-10 -0.55190098
7.9999996e-10 -0.55750245
7.9749995e-10 -0.54568624
7.9499995e-10 -0.53379709
7.9249995e-10 -0.56865841
7.8999995e-10 -0.57487482
7.8749995e-10 -0.56602889
7.8499995e-10 -0.55626792
7.8249995e-10 -0.57457918
7.7999995e-10 -0.56365722
7.7749995e-10 -0.56658036
7.7499995e-10 -0.56934059
7.7249995e-10 -0.57369304
7.6999995e-10 -0.56516403
7.6749995e-10 -0.57257146
7.6499995e-10 -0.57632852
7.6249995e-10 -0.58737278
7.5999995e-10 -0.58392042
7.5749995e-10 -0.57561058
7.5499995e-10 -0.56403708
7.5249995e-10 -0.56398439
7.4999995e-10 -0.57832545
7.4749995e-10 -0.54138702
7.4499995e-10 -0.58989626
7.4249995e-10 -0.55015069
7.3999995e-10 -0.56938678
7.3749995e-10 -0.57194424
7.3499995e-10 -0.56547314
7.3249995e-10 -0.57111925
7.2999995e-10 -0.59635895
7.2749995e-10 -0.59399593
7.2499995e-10 -0.59225953
7.2249995e-10 -0.5795694
7.1999995e-10 -0.57058507
7.1749995e-10 -0.5540989
7.1499995e-10 -0.58196741
7.1249995e-10 -0.60233611
7.0999995e-10 -0.56888729
7.0749995e-10 -0.59947175
7.0499995e-10 -0.58133984
7.0249995e-10 -0.6176042
6.9999995e-10 -0.60249645
6.9749995e-10 -0.5775671
6.9499995e-10 -0.57824057
6.9249995e-10 -0.58192223
6.8999995e-10 -0.56417656
6.8749995e-10 -0.58173859
6.8499995e-10 -0.59135479
6.8249995e-10 -0.57547593
6.7999995e-10 -0.60024124
6.7749995e-10 -0.60064423
6.7499994e-10 -0.60161924
6.7249994e-10 -0.58132595
6.6999994e-10 -0.59565634
6.6749994e-10 -0.57896441
6.6499994e-10 -0.57377285
6.6249994e-10 -0.59446722
6.5999994e-10 -0.59908634
6.5749994e-10 -0.62317055
6.5499994e-10 -0.57899761
6.5249994e-10 -0.59435862
6.4999994e-10 -0.60275203
6.4749994e-10 -0.59908563
6.4499994e-10 -0.59590077
6.4249994e-10 -0.61067176
6.3999994e-10 -0.60430998
6.3749994e-10 -0.58196878
6.3499994e-10 -0.5995608
6.3249994e-10 -0.58740258
6.2999994e-10 -0.59818929
6.2749994e-10 -0.63664079
6.2499994e-10 -0.58337456
6.2249994e-10 -0.60827893
6.1999994e-10 -0.61738557
6.1749994e-10 -0.6122967
6.1499994e-10 -0.61113417
6.1249994e-10 -0.63609183
6.0999994e-10 -0.64743704
6.0749994e-10 -0.60482675
6.0499994e-10 -0.59328705
6.0249994e-10 -0.60545564
5.9999994e-10 -0.60254455
5.9749994e-10 -0.62471187
5.9499994e-10 -0.61609244
5.9249994e-10 -0.63644171
5.8999994e-10 -0.62857926
5.8749994e-10 -0.62404352
5.8499994e-10 -0.61532056
5.8249994e-10 -0.63144439
5.7999994e-10 -0.628371
5.7749994e-10 -0.62037826
5.7499994e-10 -0.6571281
5.7249994e-10 -0.66862351
5.6999994e-10 -0.61130381
5.6749994e-10 -0.65682554
5.6499994e-10 -0.60812235
5.6249994e-10 -0.64775974
5.5999994e-10 -0.64562517
5.5749994e-10 -0.61900681
5.5499993e-10 -0.62411833
5.5249993e-10 -0.64257973
5.4999993e-10 -0.64061475
5.4749993e-10 -0.63922065
5.4499993e-10 -0.6793794
5.4249993e-10 -0.70120114
5.3999993e-10 -0.67076975
5.3749993e-10 -0.65663379
5.3499993e-10 -0.68340409
5.3249999e-10 -0.6459868
5.2999999e-10 -0.66054398
5.2749999e-10 -0.66391295
5.2499999e-10 -0.65658385
5.2249999e-10 -0.68430144
5.1999999e-10 -0.67746776
5.1749999e-10 -0.72185814
5.1499999e-10 -0.71379095
5.1249999e-10 -0.70520061
5.0999999e-10 -0.69365102
5.0749999e-10 -0.68806857
5.0499999e-10 -0.69743019
5.0249999e-10 -0.73205811
4.9999999e-10 -0.71366602
4.9749999e-10 -0.7422837
4.9499999e-10 -0.69422388
4.9249999e-10 -0.70997971
4.8999999e-10 -0.72373855
4.8749998e-10 -0.73324531
4.8499998e-10 -0.71712965
4.8249998e-10 -0.75141937
4.7999998e-10 -0.7325052
4.7749998e-10 -0.72354209
4.7499998e-10 -0.72552544
4.7249998e-10 -0.76863909
4.6999998e-10 -0.79965383
4.6749998e-10 -0.75009388
4.6499998e-10 -0.74879998
4.6249998e-10 -0.76934254
4.5999998e-10 -0.78603142
4.5749998e-10 -0.79052216
4.5499998e-10 -0.80170059
4.5249998e-10 -0.76350951
4.4999998e-10 -0.79063267
4.4749998e-10 -0.75655264
4.4499998e-10 -0.80253977
4.4249998e-10 -0.77193081
4.3999998e-10 -0.79776931
4.3749998e-10 -0.78433782
4.3499998e-10 -0.77421296
4.3249998e-10 -0.78180218
4.2999998e-10 -0.76965094
4.2749998e-10 -0.79051489
4.2499998e-10 -0.77617514
4.2249998e-10 -0.77697271
4.1999998e-10 -0.76506066
4.1749998e-10 -0.75382686
4.1499998e-10 -0.77627748
4.1249998e-10 -0.79997349
4.0999998e-10 -0.81020278
4.0749998e-10 -0.77486438
4.0499998e-10 -0.7920931
4.0249998e-10 -0.76635671
3.9999998e-10 -0.76433349
3.9749998e-10 -0.77905744
3.9499998e-10 -0.76537895
3.9249998e-10 -0.78995174
3.8999998e-10 -0.75541699
3.8749998e-10 -0.78882575
3.8499998e-10 -0.79846132
3.8249998e-10 -0.77262765
3.7999998e-10 -0.78045458
3.7749998e-10 -0.77745223
3.7499998e-10 -0.76299924
3.7249998e-10 -0.7608465
3.6999998e-10 -0.75038147
3.6749997e-10 -0.77547252
3.6499997e-10 -0.74901128
3.6249997e-10 -0.76498026
3.5999997e-10 -0.74283236
3.5749997e-10 -0.74769509
3.5499997e-10 -0.78480697
3.5249997e-10 -0.74803233
3.4999997e-10 -0.7573154
3.4749997e-10 -0.78589678
3.4499997e-10 -0.74832398
3.4249997e-10 -0.76267213
3.3999997e-10 -0.76229125
3.3749997e-10 -0.75822592
3.3499997e-10 -0.76414967
3.3249997e-10 -0.78678733
3.2999997e-10 -0.76723361
3.2749997e-10 -0.74863678
3.2499997e-10 -0.76716053
3.2249997e-10 -0.7955718
3.1999997e-10 -0.78001839
3.1749997e-10 -0.77373725
3.1499997e-10 -0.80179888
3.1249997e-10 -0.76778358
3.0999997e-10 -0.75570667
3.0749997e-10 -0.78040636
3.0499997e-10 -0.79116005
3.0249997e-10 -0.78199136
2.9999997e-10 -0.79931742
2.9749997e-10 -0.79902458
2.9499997e-10 -0.78685176
2.9249997e-10 -0.78438526
2.8999997e-10 -0.77192688
2.8749997e-10 -0.76391244
2.8499997e-10 -0.80602443
2.8249997e-10 -0.78946388
2.7999997e-10 -0.7736398
2.7749997e-10 -0.81682467
2.7499997e-10 -0.80588573
2.7249997e-10 -0.78645444
2.6999997e-10 -0.80843717
2.6749997e-10 -0.7826035
2.6499997e-10 -0.79228938
2.6249997e-10 -0.79129416
2.5999997e-10 -0.80238104
2.5749997e-10 -0.82204229
2.5499997e-10 -0.8376587
2.5249997e-10 -0.82062703
2.4999997e-10 -0.83723021
2.4749996e-10 -0.82170665
2.4499996e-10 -0.8362453
2.4249996e-10 -0.83278054
2.3999996e-10 -0.85335869
2.3749996e-10 -0.8616001
2.3499996e-10 -0.82272476
2.3249996e-10 -0.86137474
2.2999996e-10 -0.83908045
2.2749996e-10 -0.84012824
2.2499996e-10 -0.8605808
2.2249996e-10 -0.84407955
2.1999996e-10 -0.85706568
2.1749996e-10 -0.9054774
2.1499996e-10 -0.85454416
2.1249996e-10 -0.86711651
2.0999996e-10 -0.88431615
2.0749996e-10 -0.89801741
2.0499996e-10 -0.87201709
2.0249996e-10 -0.90605605
1.9999996e-10 -0.91812444
1.9749996e-10 -0.90634179
1.9499996e-10 -0.91878814
1.9249996e-10 -0.89337027
1.8999996e-10 -0.9028222
1.8749996e-10 -0.91170293
1.8499996e-10 -0.9349283
1.8249996e-10 -0.91888803
1.7999996e-10 -0.89344692
1.7749996e-10 -0.92750865
1.7499996e-10 -0.92682749
1.7249996e-10 -0.92557609
1.6999996e-10 -0.95995432
1.6749996e-10 -0.9149729
1.6499996e-10 -0.92574602
1.6249996e-10 -0.92922872
1.5999996e-10 -0.95257884
1.5749996e-10 -0.97247994
1.5499996e-10 -0.97799706
1.5249996e-10 -0.95791519
1.4999996e-10 -0.97430962
1.4749996e-10 -0.97498286
1.4499996e-10 -0.96468914
1.4249996e-10 -0.97270018
1.3999996e-10 -0.94494319
1.3749996e-10 -1.003612
1.3499996e-10 -1.0033953
1.3249996e-10 -0.97392184
1.2999996e-10 -1.0034657
1.2749996e-10 -0.98595768
1.2499995e-10 -1.0203515
1.2249995e-10 -1.0071874
1.1999995e-10 -1.0034317
1.1749995e-10 -1.0226707
1.1499995e-10 -1.0142697
1.1249995e-10 -1.0262022
1.0999995e-10 -1.0296705
1.0749995e-10 -1.033461
1.0499995e-10 -1.0254759
1.0249995e-10 -1.0435575
9.9999953e-11 -1.094277
9.7499953e-11 -1.0495824
9.4999952e-11 -1.1281569
9.2499952e-11 -1.0465194
8.9999952e-11 -1.079771
8.7499952e-11 -1.0737269
8.4999952e-11 -1.0500772
8.2499951e-11 -1.0715399
7.9999951e-11 -1.0862818
7.7499951e-11 -1.0956277
7.4999951e-11 -1.0773799
7.249995e-11 -1.1313303
6.999995e-11 -1.1307198
6.7500006e-11 -1.0938926
6.5000005e-11 -1.1191046
6.2500005e-11 -1.1535572
6.0000005e-11 -1.0931765
5.7500005e-11 -1.1175457
5.5000005e-11 -1.1466284
5.2500004e-11 -1.1113952
5.0000004e-11 -1.1548184
4.7500004e-11 -1.2060081
4.5000004e-11 -1.1786182
4.2500004e-11 -1.1682289
4.0000003e-11 -1.1566738
3.7500003e-11 -1.1802717
3.5000003e-11 -1.169425
3.2500003e-11 -1.1908542
3.0000002e-11 -1.1570683
2.7500002e-11 -1.1958376
2.5000002e-11 -1.1848555
2.2500002e-11 -1.2017076
2.0000002e-11 -1.215386
1.7500001e-11 -1.206179
1.5000001e-11 -1.2210816
1.2500001e-11 -1.2656903
1.0000001e-11 -1.2411712
7.5000006e-12 -1.2320663
5.0000004e-12 -1.2417518
2.5000002e-12 -1.229997
0.0 -1.2730553
