Z (m) Frequency Shift (Hz) Z-Spectroscopy_BP_00192.dat
0.0 -1.2843765
2.5000002e-12 -1.2673862
5.0000004e-12 -1.3004684
7.5000006e-12 -1.2639718
1.0000001e-11 -1.2606099
1.2500001e-11 -1.2756913
1.5000001e-11 -1.2654086
1.7500001e-11 -1.2314105
2.0000002e-11 -1.2510697
2.2500002e-11 -1.1921948
2.5000002e-11 -1.2258375
2.7500002e-11 -1.2152753
3.0000002e-11 -1.2082289
3.2500003e-11 -1.1846614
3.5000003e-11 -1.180809
3.7500003e-11 -1.2119486
4.0000003e-11 -1.2092198
4.2500004e-11 -1.1925381
4.5000004e-11 -1.1837782
4.7500004e-11 -1.1705637
5.0000004e-11 -1.1546772
5.2500004e-11 -1.1507084
5.5000005e-11 -1.1230192
5.7500005e-11 -1.3046358
6.0000005e-11 -1.261378
6.2500005e-11 -1.1080871
6.5000005e-11 -1.1557218
6.7500006e-11 -1.1275723
6.999995e-11 -1.1707543
7.249995e-11 -1.0910147
7.4999951e-11 -1.0893855
7.7499951e-11 -1.1255157
7.9999951e-11 -1.1215074
8.2499951e-11 -1.1034756
8.4999952e-11 -1.0906713
8.7499952e-11 -1.0966634
8.9999952e-11 -1.0818193
9.2499952e-11 -1.0665977
9.4999952e-11 -1.0805563
9.7499953e-11 -1.06172
9.9999953e-11 -1.0424902
1.0249995e-10 -1.0654744
1.0499995e-10 -1.0590138
1.0749995e-10 -1.0360315
1.0999995e-10 -1.036991
1.1249995e-10 -1.0465884
1.1499995e-10 -1.019884
1.1749995e-10 -1.0092934
1.1999995e-10 -1.0200777
1.2249995e-10 -1.0319818
1.2499995e-10 -1.0225981
1.2749996e-10 -1.0048056
1.2999996e-10 -1.0189171
1.3249996e-10 -0.99866587
1.3499996e-10 -0.98210943
1.3749996e-10 -1.0193617
1.3999996e-10 -0.99770123
1.4249996e-10 -0.99274832
1.4499996e-10 -0.99224716
1.4749996e-10 -0.9996962
1.4999996e-10 -0.99191469
1.5249996e-10 -0.99300015
1.5499996e-10 -0.96406323
1.5749996e-10 -0.9982695
1.5999996e-10 -0.97192335
1.6249996e-10 -0.96655238
1.6499996e-10 -0.95659047
1.6749996e-10 -0.97540915
1.6999996e-10 -0.93928778
1.7249996e-10 -0.94644511
1.7499996e-10 -0.93560117
1.7749996e-10 -0.95520055
1.7999996e-10 -0.92678851
1.8249996e-10 -0.90837425
1.8499996e-10 -0.94344443
1.8749996e-10 -0.95752239
1.8999996e-10 -0.9321959
1.9249996e-10 -0.92587078
1.9499996e-10 -0.92539716
1.9749996e-10 -0.92889458
1.9999996e-10 -0.89918298
2.0249996e-10 -0.90536255
2.0499996e-10 -0.91122961
2.0749996e-10 -0.87580615
2.0999996e-10 -0.86637521
2.1249996e-10 -0.90617567
2.1499996e-10 -0.89639217
2.1749996e-10 -0.88549066
2.1999996e-10 -0.88087308
2.2249996e-10 -0.85612553
2.2499996e-10 -0.88854986
2.2749996e-10 -0.87681693
2.2999996e-10 -0.86803043
2.3249996e-10 -0.86571908
2.3499996e-10 -0.84880382
2.3749996e-10 -0.88374108
2.3999996e-10 -0.84102088
2.4249996e-10 -0.85704082
2.4499996e-10 -0.83848459
2.4749996e-10 -0.83040607
2.4999997e-10 -0.83434081
2.5249997e-10 -0.85069865
2.5499997e-10 -0.84207815
2.5749997e-10 -0.86658555
2.5999997e-10 -0.86348319
2.6249997e-10 -0.83531111
2.6499997e-10 -0.82453489
2.6749997e-10 -0.84503436
2.6999997e-10 -0.83412254
2.7249997e-10 -0.85813761
2.7499997e-10 -0.80880904
2.7749997e-10 -0.82424945
2.7999997e-10 -0.85495043
2.8249997e-10 -0.84064442
2.8499997e-10 -0.77935082
2.8749997e-10 -0.79983348
2.8999997e-10 -0.82014138
2.9249997e-10 -0.81523716
2.9499997e-10 -0.83760613
2.9749997e-10 -0.80107772
2.9999997e-10 -0.82727236
3.0249997e-10 -0.80877906
3.0499997e-10 -0.79366654
3.0749997e-10 -0.79660696
3.0999997e-10 -0.82953525
3.1249997e-10 -0.81713611
3.1499997e-10 -0.82791144
3.1749997e-10 -0.81186169
3.1999997e-10 -0.82853442
3.2249997e-10 -0.81408942
3.2499997e-10 -0.79767495
3.2749997e-10 -0.80324948
3.2999997e-10 -0.85054362
3.3249997e-10 -0.80791104
3.3499997e-10 -0.84952193
3.3749997e-10 -0.81919485
3.3999997e-10 -0.8005721
3.4249997e-10 -0.83146262
3.4499997e-10 -0.82387489
3.4749997e-10 -0.83084178
3.4999997e-10 -0.85177451
3.5249997e-10 -0.8319816
3.5499997e-10 -0.81496036
3.5749997e-10 -0.85387731
3.5999997e-10 -0.81811684
3.6249997e-10 -0.82974809
3.6499997e-10 -0.82651997
3.6749997e-10 -0.82406461
3.6999998e-10 -0.83520633
3.7249998e-10 -0.81297177
3.7499998e-10 -0.80916685
3.7749998e-10 -0.82567173
3.7999998e-10 -0.80996013
3.8249998e-10 -0.83280516
3.8499998e-10 -0.80657887
3.8749998e-10 -0.81565183
3.8999998e-10 -0.84749067
3.9249998e-10 -0.8430075
3.9499998e-10 -0.80942786
3.9749998e-10 -0.80893773
3.9999998e-10 -0.84446442
4.0249998e-10 -0.81564856
4.0499998e-10 -0.80213326
4.0749998e-10 -0.80658501
4.0999998e-10 -0.80461133
4.1249998e-10 -0.82849735
4.1499998e-10 -0.81608045
4.1749998e-10 -0.80458444
4.1999998e-10 -0.81260061
4.2249998e-10 -0.79157847
4.2499998e-10 -0.82892644
4.2749998e-10 -0.76972181
4.2999998e-10 -0.77661008
4.3249998e-10 -0.78505385
4.3499998e-10 -0.81432468
4.3749998e-10 -0.79966158
4.3999998e-10 -0.7999419
4.4249998e-10 -0.76640636
4.4499998e-10 -0.78595543
4.4749998e-10 -0.7874918
4.4999998e-10 -0.76158035
4.5249998e-10 -0.79028207
4.5499998e-10 -0.78175271
4.5749998e-10 -0.7893461
4.5999998e-10 -0.73692274
4.6249998e-10 -0.76066178
4.6499998e-10 -0.76307034
4.6749998e-10 -0.73846751
4.6999998e-10 -0.7367487
4.7249998e-10 -0.74308944
4.7499998e-10 -0.75042379
4.7749998e-10 -0.70867932
4.7999998e-10 -0.70276237
4.8249998e-10 -0.72813559
4.8499998e-10 -0.67811465
4.8749998e-10 -0.70800692
4.8999999e-10 -0.72301298
4.9249999e-10 -0.67806923
4.9499999e-10 -0.69862235
4.9749999e-10 -0.69062507
4.9999999e-10 -0.6947214
5.0249999e-10 -0.70725101
5.0499999e-10 -0.71361858
5.0749999e-10 -0.69805276
5.0999999e-10 -0.68646216
5.1249999e-10 -0.65720028
5.1499999e-10 -0.69986194
5.1749999e-10 -0.6786592
5.1999999e-10 -0.67627782
5.2249999e-10 -0.65241367
5.2499999e-10 -0.65149766
5.2749999e-10 -0.67895007
5.2999999e-10 -0.67446554
5.3249999e-10 -0.65200454
5.3499993e-10 -0.64296621
5.3749993e-10 -0.62725729
5.3999993e-10 -0.62206852
5.4249993e-10 -0.64037007
5.4499993e-10 -0.6397444
5.4749993e-10 -0.63794512
5.4999993e-10 -0.65026289
5.5249993e-10 -0.60290641
5.5499993e-10 -0.63978171
5.5749994e-10 -0.63993949
5.5999994e-10 -0.60754144
5.6249994e-10 -0.63715535
5.6499994e-10 -0.64320159
5.6749994e-10 -0.61519885
5.6999994e-10 -0.6185208
5.7249994e-10 -0.62937099
5.7499994e-10 -0.6176548
5.7749994e-10 -0.6394518
5.7999994e-10 -0.59936303
5.8249994e-10 -0.59260112
5.8499994e-10 -0.62705213
5.8749994e-10 -0.61936885
5.8999994e-10 -0.59138268
5.9249994e-10 -0.62767452
5.9499994e-10 -0.60239339
5.9749994e-10 -0.62567258
5.9999994e-10 -0.63162404
6.0249994e-10 -0.619712
6.0499994e-10 -0.62811071
6.0749994e-10 -0.59806079
6.0999994e-10 -0.64203882
6.1249994e-10 -0.63918781
6.1499994e-10 -0.59784269
6.1749994e-10 -0.61995757
6.1999994e-10 -0.62687469
6.2249994e-10 -0.60967547
6.2499994e-10 -0.62549818
6.2749994e-10 -0.60541087
6.2999994e-10 -0.6391679
6.3249994e-10 -0.58390814
6.3499994e-10 -0.60777795
6.3749994e-10 -0.5963909
6.3999994e-10 -0.60585052
6.4249994e-10 -0.57680029
6.4499994e-10 -0.60785943
6.4749994e-10 -0.59775001
6.4999994e-10 -0.57578659
6.5249994e-10 -0.57590544
6.5499994e-10 -0.6013639
6.5749994e-10 -0.60775191
6.5999994e-10 -0.59259582
6.6249994e-10 -0.60080051
6.6499994e-10 -0.60970581
6.6749994e-10 -0.62412518
6.6999994e-10 -0.60318083
6.7249994e-10 -0.5827983
6.7499994e-10 -0.56997097
6.7749995e-10 -0.60178655
6.7999995e-10 -0.55289525
6.8249995e-10 -0.60754484
6.8499995e-10 -0.60038167
6.8749995e-10 -0.58881903
6.8999995e-10 -0.58589077
6.9249995e-10 -0.59894127
6.9499995e-10 -0.58134913
6.9749995e-10 -0.61547178
6.9999995e-10 -0.58425689
7.0249995e-10 -0.58368838
7.0499995e-10 -0.60800958
7.0749995e-10 -0.60086554
7.0999995e-10 -0.58586156
7.1249995e-10 -0.57629436
7.1499995e-10 -0.59631145
7.1749995e-10 -0.5753383
7.1999995e-10 -0.58579165
7.2249995e-10 -0.5725531
7.2499995e-10 -0.5756489
7.2749995e-10 -0.58056521
7.2999995e-10 -0.56076491
7.3249995e-10 -0.56508529
7.3499995e-10 -0.59209239
7.3749995e-10 -0.5615325
7.3999995e-10 -0.57182842
7.4249995e-10 -0.56263596
7.4499995e-10 -0.58251327
7.4749995e-10 -0.60531855
7.4999995e-10 -0.56116861
7.5249995e-10 -0.57396811
7.5499995e-10 -0.56634641
7.5749995e-10 -0.58290553
7.5999995e-10 -0.60100567
7.6249995e-10 -0.583112
7.6499995e-10 -0.56541401
7.6749995e-10 -0.58851296
7.6999995e-10 -0.58428884
7.7249995e-10 -0.58223975
7.7499995e-10 -0.5244953
7.7749995e-10 -0.58971441
7.7999995e-10 -0.57998502
7.8249995e-10 -0.56655753
7.8499995e-10 -0.5967558
7.8749995e-10 -0.56413954
7.8999995e-10 -0.56866664
7.9249995e-10 -0.58771276
7.9499995e-10 -0.58744204
7.9749995e-10 -0.58616734
7.9999996e-10 -0.59740573
8.0249996e-10 -0.58842236
8.0499996e-10 -0.58544409
8.0749996e-10 -0.55019408
8.0999996e-10 -0.57368547
8.1249996e-10 -0.575248
8.1499996e-10 -0.58473629
8.1749996e-10 -0.56515598
8.1999996e-10 -0.58078617
8.2249996e-10 -0.57123137
8.2499996e-10 -0.57610989
8.2749996e-10 -0.58396858
8.2999996e-10 -0.57132125
8.3249996e-10 -0.56550318
8.3499996e-10 -0.57919425
8.3749996e-10 -0.58430392
8.3999996e-10 -0.57473129
8.4249996e-10 -0.5590592
8.4499996e-10 -0.57262754
8.4749996e-10 -0.5742504
8.4999996e-10 -0.57889324
8.5249996e-10 -0.5840019
8.5499996e-10 -0.62807554
8.5749996e-10 -0.56023771
8.5999996e-10 -0.58814847
8.6249996e-10 -0.55494326
8.6499996e-10 -0.577344
8.6749996e-10 -0.57522851
8.6999996e-10 -0.55230218
8.7249996e-10 -0.59841812
8.7499996e-10 -0.57070678
8.7749996e-10 -0.5771116
8.7999996e-10 -0.59521538
8.8249996e-10 -0.56237835
8.8499996e-10 -0.59690928
8.8749996e-10 -0.56471336
8.8999996e-10 -0.58757198
8.9249996e-10 -0.5913645
8.9499996e-10 -0.5650872
8.9749996e-10 -0.57193631
8.9999996e-10 -0.58344448
9.0249996e-10 -0.59007263
9.0499996e-10 -0.56595254
9.0749996e-10 -0.58809495
9.0999996e-10 -0.56768537
9.1249996e-10 -0.56036478
9.1499996e-10 -0.55634898
9.1749996e-10 -0.57485902
9.1999997e-10 -0.5787012
9.2249997e-10 -0.56305593
9.2499997e-10 -0.57203019
9.2749997e-10 -0.5640921
9.2999997e-10 -0.56393725
9.3249997e-10 -0.55272073
9.3499997e-10 -0.58504105
9.3749997e-10 -0.56571764
9.3999997e-10 -0.58097458
9.4249997e-10 -0.57301527
9.4499997e-10 -0.59774619
9.4749997e-10 -0.58311468
9.4999997e-10 -0.56634265
9.5249997e-10 -0.57091218
9.5499997e-10 -0.60031641
9.5749997e-10 -0.55381495
9.5999997e-10 -0.55785066
9.6249997e-10 -0.57141691
9.6499997e-10 -0.57153678
9.6749997e-10 -0.57653677
9.6999997e-10 -0.57154024
9.7249997e-10 -0.59322315
9.7499997e-10 -0.59224612
9.7749997e-10 -0.57837898
9.7999997e-10 -0.58553725
9.8249997e-10 -0.57786053
9.8499997e-10 -0.56421047
9.8749997e-10 -0.56952435
9.8999997e-10 -0.55097651
9.9249997e-10 -0.55813539
9.9499997e-10 -0.60774559
9.9749997e-10 -0.59716672
9.9999997e-10 -0.5830124
