9.9999997e-10 -0.56433403
9.9749997e-10 -0.49528828
9.9499997e-10 -0.5181179
9.9249997e-10 -0.49282449
9.8999997e-10 -0.51066405
9.8749997e-10 -0.5129838
9.8499997e-10 -0.43539295
9.8249997e-10 -0.51428378
9.7999997e-10 -0.49483472
9.7749997e-10 -0.52562767
9.7499997e-10 -0.51218843
9.7249997e-10 -0.51579797
9.6999997e-10 -0.51559788
9.6749997e-10 -0.52102786
9.6499997e-10 -0.49844831
9.6249997e-10 -0.4903146
9.5999997e-10 -0.51523155
9.5749997e-10 -0.51417673
9.5499997e-10 -0.52595967
9.5249997e-10 -0.48756829
9.4999997e-10 -0.50192606
9.4749997e-10 -0.50433236
9.4499997e-10 -0.50866997
9.4249997e-10 -0.5119099
9.3999997e-10 -0.50930744
9.3749997e-10 -0.51536506
9.3499997e-10 -0.51821202
9.3249997e-10 -0.52158588
9.2999997e-10 -0.50669986
9.2749997e-10 -0.51396644
9.2499997e-10 -0.52540159
9.2249997e-10 -0.49922743
9.1999997e-10 -0.5033502
9.1749996e-10 -0.5256682
9.1499996e-10 -0.50356573
9.1249996e-10 -0.52241886
9.0999996e-10 -0.53474534
9.0749996e-10 -0.48925921
9.0499996e-10 -0.49246329
9.0249996e-10 -0.51203769
8.9999996e-10 -0.53739101
8.9749996e-10 -0.52804106
8.9499996e-10 -0.49544352
8.9249996e-10 -0.51346022
8.8999996e-10 -0.53583276
8.8749996e-10 -0.54208183
8.8499996e-10 -0.51395166
8.8249996e-10 -0.51727575
8.7999996e-10 -0.53378713
8.7749996e-10 -0.5335266
8.7499996e-10 -0.51170266
8.7249996e-10 -0.52433884
8.6999996e-10 -0.48545256
8.6749996e-10 -0.53535831
8.6499996e-10 -0.52193874
8.6249996e-10 -0.5241971
8.5999996e-10 -0.51077342
8.5749996e-10 -0.49176413
8.5499996e-10 -0.55443925
8.5249996e-10 -0.51756829
8.4999996e-10 -0.53121471
8.4749996e-10 -0.5260511
8.4499996e-10 -0.52256769
8.4249996e-10 -0.51810235
8.3999996e-10 -0.5445317
8.3749996e-10 -0.55165339
8.3499996e-10 -0.52980262
8.3249996e-10 -0.52833354
8.2999996e-10 -0.50611329
8.2749996e-10 -0.50639468
8.2499996e-10 -0.53358352
8.2249996e-10 -0.49737453
8.1999996e-10 -0.52834421
8.1749996e-10 -0.51461631
8.1499996e-10 -0.550632
8.1249996e-10 -0.53058082
8.0999996e-10 -0.53668267
8.0749996e-10 -0.52373755
8.0499996e-10 -0.50842845
8.0249996e-10 -0.53538114
7.9999996e-10 -0.5189169
7.9749995e-10 -0.57903177
7.9499995e-10 -0.54628748
7.9249995e-10 -0.53012604
7.8999995e-10 -0.52485627
7.8749995e-10 -0.56758797
7.8499995e-10 -0.52625674
7.8249995e-10 -0.54220402
7.7999995e-10 -0.55964375
7.7749995e-10 -0.50917631
7.7499995e-10 -0.52118981
7.7249995e-10 -0.52676511
7.6999995e-10 -0.50903571
7.6749995e-10 -0.50502026
7.6499995e-10 -0.53462481
7.6249995e-10 -0.52564573
7.5999995e-10 -0.54901141
7.5749995e-10 -0.5293569
7.5499995e-10 -0.49302265
7.5249995e-10 -0.52323341
7.4999995e-10 -0.51574993
7.4749995e-10 -0.51399034
7.4499995e-10 -0.53281379
7.4249995e-10 -0.50674337
7.3999995e-10 -0.52217233
7.3749995e-10 -0.52237064
7.3499995e-10 -0.52527219
7.3249995e-10 -0.52215904
7.2999995e-10 -0.5281989
7.2749995e-10 -0.54139817
7.2499995e-10 -0.53327596
7.2249995e-10 -0.5262531
7.1999995e-10 -0.53740668
7.1749995e-10 -0.53911716
7.1499995e-10 -0.54994041
7.1249995e-10 -0.55150485
7.0999995e-10 -0.57813191
7.0749995e-10 -0.5554986
7.0499995e-10 -0.55516958
7.0249995e-10 -0.54583359
6.9999995e-10 -0.50860155
6.9749995e-10 -0.54900306
6.9499995e-10 -0.55116302
6.9249995e-10 -0.54458988
6.8999995e-10 -0.54424065
6.8749995e-10 -0.54966217
6.8499995e-10 -0.53208816
6.8249995e-10 -0.52078307
6.7999995e-10 -0.57622302
6.7749995e-10 -0.56189692
6.7499994e-10 -0.55234683
6.7249994e-10 -0.52015108
6.6999994e-10 -0.52403504
6.6749994e-10 -0.53034329
6.6499994e-10 -0.51965171
6.6249994e-10 -0.56116509
6.5999994e-10 -0.54477084
6.5749994e-10 -0.54965311
6.5499994e-10 -0.55070525
6.5249994e-10 -0.57062209
6.4999994e-10 -0.56218565
6.4749994e-10 -0.54518771
6.4499994e-10 -0.54494947
6.4249994e-10 -0.52410597
6.3999994e-10 -0.56054449
6.3749994e-10 -0.54205
6.3499994e-10 -0.54606438
6.3249994e-10 -0.55981964
6.2999994e-10 -0.56096238
6.2749994e-10 -0.54903525
6.2499994e-10 -0.57150638
6.2249994e-10 -0.55376261
6.1999994e-10 -0.57533163
6.1749994e-10 -0.58151519
6.1499994e-10 -0.53254467
6.1249994e-10 -0.56837398
6.0999994e-10 -0.55051446
6.0749994e-10 -0.55505651
6.0499994e-10 -0.56916559
6.0249994e-10 -0.57415485
5.9999994e-10 -0.58417732
5.9749994e-10 -0.5684526
5.9499994e-10 -0.57462323
5.9249994e-10 -0.57325685
5.8999994e-10 -0.58842707
5.8749994e-10 -0.58803815
5.8499994e-10 -0.54537648
5.8249994e-10 -0.59427518
5.7999994e-10 -0.55604982
5.7749994e-10 -0.55415159
5.7499994e-10 -0.60257041
5.7249994e-10 -0.57328939
5.6999994e-10 -0.5876779
5.6749994e-10 -0.56620526
5.6499994e-10 -0.60004491
5.6249994e-10 -0.59402436
5.5999994e-10 -0.61261261
5.5749994e-10 -0.59608495
5.5499993e-10 -0.55304724
5.5249993e-10 -0.61491138
5.4999993e-10 -0.59217006
5.4749993e-10 -0.59384495
5.4499993e-10 -0.57006937
5.4249993e-10 -0.61468405
5.3999993e-10 -0.59031183
5.3749993e-10 -0.62786901
5.3499993e-10 -0.6020686
5.3249999e-10 -0.6306892
5.2999999e-10 -0.58211058
5.2749999e-10 -0.60844755
5.2499999e-10 -0.61266071
5.2249999e-10 -0.60049713
5.1999999e-10 -0.57900214
5.1749999e-10 -0.63826734
5.1499999e-10 -0.6021415
5.1249999e-10 -0.64721179
5.0999999e-10 -0.60253978
5.0749999e-10 -0.58952123
5.0499999e-10 -0.60699695
5.0249999e-10 -0.59577012
4.9999999e-10 -0.61563343
4.9749999e-10 -0.61332065
4.9499999e-10 -0.61966318
4.9249999e-10 -0.60220242
4.8999999e-10 -0.61962426
4.8749998e-10 -0.63694578
4.8499998e-10 -0.62162566
4.8249998e-10 -0.59997475
4.7999998e-10 -0.6247822
4.7749998e-10 -0.5953517
4.7499998e-10 -0.63803405
4.7249998e-10 -0.61153519
4.6999998e-10 -0.6183992
4.6749998e-10 -0.61740643
4.6499998e-10 -0.62335008
4.6249998e-10 -0.64360964
4.5999998e-10 -0.6304481
4.5749998e-10 -0.63092303
4.5499998e-10 -0.59844494
4.5249998e-10 -0.61252147
4.4999998e-10 -0.62214774
4.4749998e-10 -0.60800666
4.4499998e-10 -0.6561445
4.4249998e-10 -0.62554908
4.3999998e-10 -0.67407471
4.3749998e-10 -0.63334268
4.3499998e-10 -0.64632654
4.3249998e-10 -0.6483236
4.2999998e-10 -0.65071505
4.2749998e-10 -0.61967039
4.2499998e-10 -0.68492079
4.2249998e-10 -0.65900016
4.1999998e-10 -0.67598528
4.1749998e-10 -0.64507568
4.1499998e-10 -0.69643259
4.1249998e-10 -0.62671119
4.0999998e-10 -0.67784441
4.0749998e-10 -0.66682106
4.0499998e-10 -0.67487687
4.0249998e-10 -0.70625758
3.9999998e-10 -0.66923571
3.9749998e-10 -0.7084372
3.9499998e-10 -0.63559812
3.9249998e-10 -0.67630315
3.8999998e-10 -0.65981138
3.8749998e-10 -0.68553936
3.8499998e-10 -0.6479882
3.8249998e-10 -0.67009419
3.7999998e-10 -0.69833034
3.7749998e-10 -0.66638827
3.7499998e-10 -0.6879074
3.7249998e-10 -0.66363484
3.6999998e-10 -0.68927443
3.6749997e-10 -0.67209983
3.6499997e-10 -0.64855325
3.6249997e-10 -0.68080902
3.5999997e-10 -0.67007458
3.5749997e-10 -0.69271076
3.5499997e-10 -0.70074195
3.5249997e-10 -0.68361092
3.4999997e-10 -0.68056244
3.4749997e-10 -0.6808846
3.4499997e-10 -0.70223373
3.4249997e-10 -0.68541563
3.3999997e-10 -0.74581635
3.3749997e-10 -0.69789219
3.3499997e-10 -0.70531046
3.3249997e-10 -0.70291412
3.2999997e-10 -0.68865138
3.2749997e-10 -0.72325718
3.2499997e-10 -0.7004354
3.2249997e-10 -0.7493003
3.1999997e-10 -0.71365237
3.1749997e-10 -0.71340966
3.1499997e-10 -0.73888248
3.1249997e-10 -0.72944736
3.0999997e-10 -0.71585149
3.0749997e-10 -0.71136159
3.0499997e-10 -0.74702162
3.0249997e-10 -0.75107449
2.9999997e-10 -0.74537039
2.9749997e-10 -0.75002819
2.9499997e-10 -0.73992765
2.9249997e-10 -0.73805875
2.8999997e-10 -0.75663602
2.8749997e-10 -0.75026304
2.8499997e-10 -0.75232536
2.8249997e-10 -0.78171641
2.7999997e-10 -0.76400739
2.7749997e-10 -0.76243275
2.7499997e-10 -0.74677098
2.7249997e-10 -0.75403494
2.6999997e-10 -0.7389124
2.6749997e-10 -0.74011326
2.6499997e-10 -0.80081445
2.6249997e-10 -0.81372827
2.5999997e-10 -0.80968708
2.5749997e-10 -0.77894491
2.5499997e-10 -0.82281512
2.5249997e-10 -0.80818951
2.4999997e-10 -0.80151314
2.4749996e-10 -0.78793061
2.4499996e-10 -0.83842289
2.4249996e-10 -0.83246905
2.3999996e-10 -0.84446758
2.3749996e-10 -0.87051988
2.3499996e-10 -0.85729223
2.3249996e-10 -0.88025904
2.2999996e-10 -0.87851107
2.2749996e-10 -0.85103375
2.2499996e-10 -0.84539473
2.2249996e-10 -0.84544557
2.1999996e-10 -0.89144605
2.1749996e-10 -0.89210695
2.1499996e-10 -0.86227369
2.1249996e-10 -0.89874291
2.0999996e-10 -0.89499336
2.0749996e-10 -0.90652913
2.0499996e-10 -0.92522305
2.0249996e-10 -0.88701957
1.9999996e-10 -0.94667625
1.9749996e-10 -0.90747428
1.9499996e-10 -0.92400807
1.9249996e-10 -0.96229208
1.8999996e-10 -0.95941043
1.8749996e-10 -0.98926789
1.8499996e-10 -0.97106808
1.8249996e-10 -0.97103924
1.7999996e-10 -0.99533683
1.7749996e-10 -0.98017466
1.7499996e-10 -0.96307659
1.7249996e-10 -0.97867161
1.6999996e-10 -0.97953898
1.6749996e-10 -0.99847358
1.6499996e-10 -1.008186
1.6249996e-10 -1.0223103
1.5999996e-10 -1.0200046
1.5749996e-10 -1.0132701
1.5499996e-10 -1.026358
1.5249996e-10 -1.0388403
1.4999996e-10 -1.0451206
1.4749996e-10 -1.0046819
1.4499996e-10 -1.0406059
1.4249996e-10 -1.0517375
1.3999996e-10 -1.0774016
1.3749996e-10 -1.0474001
1.3499996e-10 -1.0806593
1.3249996e-10 -1.0635067
1.2999996e-10 -1.0719577
1.2749996e-10 -1.0794479
1.2499995e-10 -1.0640955
1.2249995e-10 -1.0855219
1.1999995e-10 -1.0761244
1.1749995e-10 -1.0756148
1.1499995e-10 -1.108322
1.1249995e-10 -1.1090106
1.0999995e-10 -1.0875256
1.0749995e-10 -1.0826392
1.0499995e-10 -1.1062133
1.0249995e-10 -1.0942924
9.9999953e-11 -1.1111668
9.7499953e-11 -1.0852698
9.4999952e-11 -1.1200886
9.2499952e-11 -1.1162331
8.9999952e-11 -1.0963185
8.7499952e-11 -1.1121867
8.4999952e-11 -1.1292748
8.2499951e-11 -1.1298885
7.9999951e-11 -1.1222626
7.7499951e-11 -1.1375401
7.4999951e-11 -1.1709774
7.249995e-11 -1.1313101
6.999995e-11 -1.133063
6.7500006e-11 -1.1601613
6.5000005e-11 -1.164376
6.2500005e-11 -1.1399322
6.0000005e-11 -1.1448275
5.7500005e-11 -1.1660141
5.5000005e-11 -1.1502039
5.2500004e-11 -1.146212
5.0000004e-11 -1.1729029
4.7500004e-11 -1.1886071
4.5000004e-11 -1.14449
4.2500004e-11 -1.1431988
4.0000003e-11 -1.1610103
3.7500003e-11 -1.1728278
3.5000003e-11 -1.1799858
3.2500003e-11 -1.1712933
3.0000002e-11 -1.1931878
2.7500002e-11 -1.193198
2.5000002e-11 -1.191141
2.2500002e-11 -1.1822239
2.0000002e-11 -1.2058988
1.7500001e-11 -1.2117616
1.5000001e-11 -1.2119826
1.2500001e-11 -1.2124473
1.0000001e-11 -1.2276561
7.5000006e-12 -1.2005377
5.0000004e-12 -1.2518607
2.5000002e-12 -1.2527474
0.0 -1.2662973
