9.9999997e-10 -0.97329551
9.9749997e-10 -0.92596424
9.9499997e-10 -0.97343785
9.9249997e-10 -0.96180832
9.8999997e-10 -0.92957878
9.8749997e-10 -0.98634303
9.8499997e-10 -0.94740021
9.8249997e-10 -0.95456082
9.7999997e-10 -0.97103727
9.7749997e-10 -0.9502719
9.7499997e-10 -0.94238675
9.7249997e-10 -0.94752711
9.6999997e-10 -0.95153099
9.6749997e-10 -0.95430297
9.6499997e-10 -0.92038649
9.6249997e-10 -0.95362896
9.5999997e-10 -0.96953255
9.5749997e-10 -0.95730096
9.5499997e-10 -0.96088988
9.5249997e-10 -0.93567652
9.4999997e-10 -0.98830408
9.4749997e-10 -0.9362312
9.4499997e-10 -0.97721368
9.4249997e-10 -0.94976091
9.3999997e-10 -0.99279082
9.3749997e-10 -0.93164468
9.3499997e-10 -0.91166753
9.3249997e-10 -0.97152591
9.2999997e-10 -0.9407056
9.2749997e-10 -0.99371034
9.2499997e-10 -0.9510445
9.2249997e-10 -0.94518417
9.1999997e-10 -0.96467024
9.1749996e-10 -0.94587076
9.1499996e-10 -0.947577
9.1249996e-10 -0.92619967
9.0999996e-10 -0.96364599
9.0749996e-10 -0.95175576
9.0499996e-10 -0.95593035
9.0249996e-10 -0.99675316
8.9999996e-10 -0.94006598
8.9749996e-10 -0.95889568
8.9499996e-10 -0.96062112
8.9249996e-10 -1.0020831
8.8999996e-10 -0.9576869
8.8749996e-10 -0.95867246
8.8499996e-10 -0.98605716
8.8249996e-10 -0.96484655
8.7999996e-10 -1.0084959
8.7749996e-10 -0.95218652
8.7499996e-10 -0.94374835
8.7249996e-10 -0.95541114
8.6999996e-10 -0.96175146
8.6749996e-10 -0.98491323
8.6499996e-10 -0.94573134
8.6249996e-10 -0.96173352
8.5999996e-10 -0.94475245
8.5749996e-10 -0.98769307
8.5499996e-10 -0.96602845
8.5249996e-10 -0.96697807
8.4999996e-10 -0.93694985
8.4749996e-10 -0.97818357
8.4499996e-10 -0.97830909
8.4249996e-10 -0.96521956
8.3999996e-10 -0.9541443
8.3749996e-10 -0.95704091
8.3499996e-10 -0.94483161
8.3249996e-10 -0.98861313
8.2999996e-10 -0.95075369
8.2749996e-10 -0.96599931
8.2499996e-10 -0.94304425
8.2249996e-10 -0.98733205
8.1999996e-10 -1.0313491
8.1749996e-10 -0.96784586
8.1499996e-10 -0.97764701
8.1249996e-10 -0.96101743
8.0999996e-10 -0.95487177
8.0749996e-10 -0.96652132
8.0499996e-10 -0.96864688
8.0249996e-10 -0.98726004
7.9999996e-10 -0.94957298
7.9749995e-10 -0.99551886
7.9499995e-10 -0.97879994
7.9249995e-10 -0.96748972
7.8999995e-10 -0.98901749
7.8749995e-10 -0.99341285
7.8499995e-10 -0.97511399
7.8249995e-10 -0.9702121
7.7999995e-10 -0.95523947
7.7749995e-10 -0.97578651
7.7499995e-10 -0.99738556
7.7249995e-10 -0.95709383
7.6999995e-10 -0.99012202
7.6749995e-10 -0.98471069
7.6499995e-10 -0.96992648
7.6249995e-10 -1.0039972
7.5999995e-10 -0.96025443
7.5749995e-10 -0.97713423
7.5499995e-10 -0.9898963
7.5249995e-10 -0.98876011
7.4999995e-10 -1.0059861
7.4749995e-10 -0.97777778
7.4499995e-10 -0.96146882
7.4249995e-10 -0.98345011
7.3999995e-10 -0.99230605
7.3749995e-10 -0.96955454
7.3499995e-10 -0.99607605
7.3249995e-10 -1.0033292
7.2999995e-10 -0.99473947
7.2749995e-10 -0.99579722
7.2499995e-10 -1.019594
7.2249995e-10 -0.9703185
7.1999995e-10 -0.99842501
7.1749995e-10 -0.97927338
7.1499995e-10 -0.99607557
7.1249995e-10 -1.0057012
7.0999995e-10 -0.9798159
7.0749995e-10 -0.96210843
7.0499995e-10 -0.99910027
7.0249995e-10 -0.96927708
6.9999995e-10 -0.99259907
6.9749995e-10 -0.99321097
6.9499995e-10 -0.99553025
6.9249995e-10 -0.99132568
6.8999995e-10 -0.97856241
6.8749995e-10 -1.0005928
6.8499995e-10 -0.98900414
6.8249995e-10 -0.98597115
6.7999995e-10 -1.0037099
6.7749995e-10 -1.016908
6.7499994e-10 -0.98433906
6.7249994e-10 -0.98119122
6.6999994e-10 -0.98476905
6.6749994e-10 -0.99361789
6.6499994e-10 -1.0177799
6.6249994e-10 -0.9885689
6.5999994e-10 -1.0000393
6.5749994e-10 -0.98537982
6.5499994e-10 -1.0274613
6.5249994e-10 -1.0077894
6.4999994e-10 -0.99348307
6.4749994e-10 -1.0051469
6.4499994e-10 -1.0090632
6.4249994e-10 -1.0056591
6.3999994e-10 -1.0225319
6.3749994e-10 -1.0075474
6.3499994e-10 -1.0111123
6.3249994e-10 -0.98606533
6.2999994e-10 -0.99519014
6.2749994e-10 -1.0204329
6.2499994e-10 -1.0030653
6.2249994e-10 -1.0442361
6.1999994e-10 -1.021759
6.1749994e-10 -0.99215716
6.1499994e-10 -1.0088519
6.1249994e-10 -0.9813301
6.0999994e-10 -0.98994029
6.0749994e-10 -1.0091863
6.0499994e-10 -1.0463808
6.0249994e-10 -1.0393398
5.9999994e-10 -0.99195361
5.9749994e-10 -0.99626732
5.9499994e-10 -1.0054526
5.9249994e-10 -1.04188
5.8999994e-10 -1.0411599
5.8749994e-10 -1.0382557
5.8499994e-10 -1.0568168
5.8249994e-10 -1.0251576
5.7999994e-10 -1.0263282
5.7749994e-10 -1.0158712
5.7499994e-10 -1.030148
5.7249994e-10 -1.0167245
5.6999994e-10 -1.047763
5.6749994e-10 -0.975429
5.6499994e-10 -1.0098563
5.6249994e-10 -1.0135539
5.5999994e-10 -1.0060169
5.5749994e-10 -1.016712
5.5499993e-10 -1.0118482
5.5249993e-10 -0.96892589
5.4999993e-10 -0.9940818
5.4749993e-10 -1.0328696
5.4499993e-10 -1.0084383
5.4249993e-10 -1.006236
5.3999993e-10 -1.0180898
5.3749993e-10 -1.0025259
5.3499993e-10 -1.034742
5.3249999e-10 -1.022136
5.2999999e-10 -1.0383363
5.2749999e-10 -1.0253178
5.2499999e-10 -0.99334246
5.2249999e-10 -1.0317397
5.1999999e-10 -0.99249631
5.1749999e-10 -1.0641044
5.1499999e-10 -1.0114741
5.1249999e-10 -1.0152782
5.0999999e-10 -1.0282884
5.0749999e-10 -1.0320365
5.0499999e-10 -0.98660094
5.0249999e-10 -1.0339262
4.9999999e-10 -1.0535653
4.9749999e-10 -1.0031238
4.9499999e-10 -1.0273547
4.9249999e-10 -1.0370837
4.8999999e-10 -1.0560776
4.8749998e-10 -1.0403041
4.8499998e-10 -1.0256128
4.8249998e-10 -1.0693341
4.7999998e-10 -1.0520996
4.7749998e-10 -1.0477631
4.7499998e-10 -1.0342402
4.7249998e-10 -1.0559191
4.6999998e-10 -1.0449712
4.6749998e-10 -1.0452935
4.6499998e-10 -1.040228
4.6249998e-10 -1.0586375
4.5999998e-10 -1.0371375
4.5749998e-10 -1.0194631
4.5499998e-10 -1.0721419
4.5249998e-10 -1.0405146
4.4999998e-10 -1.0658361
4.4749998e-10 -1.0520056
4.4499998e-10 -1.0809736
4.4249998e-10 -1.0632452
4.3999998e-10 -1.0731431
4.3749998e-10 -1.0534755
4.3499998e-10 -1.039084
4.3249998e-10 -1.0873021
4.2999998e-10 -1.072246
4.2749998e-10 -1.0380799
4.2499998e-10 -1.0701883
4.2249998e-10 -1.0552335
4.1999998e-10 -1.0754941
4.1749998e-10 -1.0704314
4.1499998e-10 -1.0845752
4.1249998e-10 -1.1001822
4.0999998e-10 -1.0575933
4.0749998e-10 -1.0801636
4.0499998e-10 -1.0966139
4.0249998e-10 -1.0549184
3.9999998e-10 -1.0722295
3.9749998e-10 -1.1008153
3.9499998e-10 -1.095103
3.9249998e-10 -1.0870342
3.8999998e-10 -1.0548877
3.8749998e-10 -1.0915041
3.8499998e-10 -1.0908176
3.8249998e-10 -1.0812966
3.7999998e-10 -1.0778542
3.7749998e-10 -1.1083026
3.7499998e-10 -1.0873441
3.7249998e-10 -1.1223567
3.6999998e-10 -1.0954018
3.6749997e-10 -1.0811177
3.6499997e-10 -1.1164548
3.6249997e-10 -1.0897633
3.5999997e-10 -1.0841459
3.5749997e-10 -1.1127073
3.5499997e-10 -1.1183031
3.5249997e-10 -1.1283387
3.4999997e-10 -1.1101801
3.4749997e-10 -1.1027207
3.4499997e-10 -1.1186554
3.4249997e-10 -1.1160363
3.3999997e-10 -1.155728
3.3749997e-10 -1.1250963
3.3499997e-10 -1.1595153
3.3249997e-10 -1.1529537
3.2999997e-10 -1.1772388
3.2749997e-10 -1.1298264
3.2499997e-10 -1.1485305
3.2249997e-10 -1.10096
3.1999997e-10 -1.148142
3.1749997e-10 -1.1446143
3.1499997e-10 -1.1588885
3.1249997e-10 -1.1427727
3.0999997e-10 -1.153036
3.0749997e-10 -1.1297674
3.0499997e-10 -1.1622493
3.0249997e-10 -1.1719074
2.9999997e-10 -1.1634164
2.9749997e-10 -1.1967154
2.9499997e-10 -1.1991689
2.9249997e-10 -1.1526484
2.8999997e-10 -1.1608199
2.8749997e-10 -1.1335213
2.8499997e-10 -1.1420518
2.8249997e-10 -1.1808438
2.7999997e-10 -1.133324
2.7749997e-10 -1.2036395
2.7499997e-10 -1.2324466
2.7249997e-10 -1.1808717
2.6999997e-10 -1.1647043
2.6749997e-10 -1.1460352
2.6499997e-10 -1.2465653
2.6249997e-10 -1.213737
2.5999997e-10 -1.2165164
2.5749997e-10 -1.2400231
2.5499997e-10 -1.1984197
2.5249997e-10 -1.1741776
2.4999997e-10 -1.1897846
2.4749996e-10 -1.2373743
2.4499996e-10 -1.1918352
2.4249996e-10 -1.2141615
2.3999996e-10 -1.2317172
2.3749996e-10 -1.1897875
2.3499996e-10 -1.2118523
2.3249996e-10 -1.2137653
2.2999996e-10 -1.229086
2.2749996e-10 -1.2607927
2.2499996e-10 -1.230857
2.2249996e-10 -1.2026063
2.1999996e-10 -1.2356213
2.1749996e-10 -1.2718111
2.1499996e-10 -1.2287997
2.1249996e-10 -1.249396
2.0999996e-10 -1.2294962
2.0749996e-10 -1.2985082
2.0499996e-10 -1.2501193
2.0249996e-10 -1.2603859
1.9999996e-10 -1.2769361
1.9749996e-10 -1.2713038
1.9499996e-10 -1.2593979
1.9249996e-10 -1.2724754
1.8999996e-10 -1.2750013
1.8749996e-10 -1.2839881
1.8499996e-10 -1.2439685
1.8249996e-10 -1.2974302
1.7999996e-10 -1.2698792
1.7749996e-10 -1.2941338
1.7499996e-10 -1.3077075
1.7249996e-10 -1.3129267
1.6999996e-10 -1.2774886
1.6749996e-10 -1.2605301
1.6499996e-10 -1.3138076
1.6249996e-10 -1.3197911
1.5999996e-10 -1.2758931
1.5749996e-10 -1.3335572
1.5499996e-10 -1.3101438
1.5249996e-10 -1.3210999
1.4999996e-10 -1.3408629
1.4749996e-10 -1.325039
1.4499996e-10 -1.3304135
1.4249996e-10 -1.3220063
1.3999996e-10 -1.324622
1.3749996e-10 -1.3368437
1.3499996e-10 -1.3079447
1.3249996e-10 -1.3217528
1.2999996e-10 -1.339384
1.2749996e-10 -1.3492053
1.2499995e-10 -1.3575591
1.2249995e-10 -1.3517395
1.1999995e-10 -1.3869957
1.1749995e-10 -1.3761371
1.1499995e-10 -1.3619235
1.1249995e-10 -1.3879999
1.0999995e-10 -1.3539225
1.0749995e-10 -1.3964401
1.0499995e-10 -1.3962065
1.0249995e-10 -1.4032803
9.9999953e-11 -1.3682154
9.7499953e-11 -1.3905581
9.4999952e-11 -1.3796415
9.2499952e-11 -1.4314426
8.9999952e-11 -1.4231701
8.7499952e-11 -1.4459602
8.4999952e-11 -1.4491676
8.2499951e-11 -1.4134756
7.9999951e-11 -1.4579374
7.7499951e-11 -1.442566
7.4999951e-11 -1.4135351
7.249995e-11 -1.4619757
6.999995e-11 -1.451102
6.7500006e-11 -1.4802198
6.5000005e-11 -1.4517068
6.2500005e-11 -1.4474164
6.0000005e-11 -1.5078903
5.7500005e-11 -1.5093869
5.5000005e-11 -1.4690245
5.2500004e-11 -1.4958527
5.0000004e-11 -1.5015318
4.7500004e-11 -1.488616
4.5000004e-11 -1.503721
4.2500004e-11 -1.535839
4.0000003e-11 -1.5024538
3.7500003e-11 -1.5519111
3.5000003e-11 -1.5501195
3.2500003e-11 -1.5625191
3.0000002e-11 -1.5402864
2.7500002e-11 -1.5619332
2.5000002e-11 -1.564381
2.2500002e-11 -1.5846043
2.0000002e-11 -1.598116
1.7500001e-11 -1.6044083
1.5000001e-11 -1.6130732
1.2500001e-11 -1.6101537
1.0000001e-11 -1.5928475
7.5000006e-12 -1.6076325
5.0000004e-12 -1.6349239
2.5000002e-12 -1.6262187
0.0 -1.6205102
