9.9999997e-10 -0.5007621
9.9749997e-10 -0.52667212
9.9499997e-10 -0.52093548
9.9249997e-10 -0.53349096
9.8999997e-10 -0.51956737
9.8749997e-10 -0.5115999
9.8499997e-10 -0.5247944
9.8249997e-10 -0.51390636
9.7999997e-10 -0.47534183
9.7749997e-10 -0.55121613
9.7499997e-10 -0.55700749
9.7249997e-10 -0.52041537
9.6999997e-10 -0.51922607
9.6749997e-10 -0.5010311
9.6499997e-10 -0.52301502
9.6249997e-10 -0.5122053
9.5999997e-10 -0.5327819
9.5749997e-10 -0.49812424
9.5499997e-10 -0.52696872
9.5249997e-10 -0.53806275
9.4999997e-10 -0.5216046
9.4749997e-10 -0.54712534
9.4499997e-10 -0.51752698
9.4249997e-10 -0.51327139
9.3999997e-10 -0.53163964
9.3749997e-10 -0.52621078
9.3499997e-10 -0.5355956
9.3249997e-10 -0.50709879
9.2999997e-10 -0.50756252
9.2749997e-10 -0.49596727
9.2499997e-10 -0.53599966
9.2249997e-10 -0.5144915
9.1999997e-10 -0.51218569
9.1749996e-10 -0.54555547
9.1499996e-10 -0.53350437
9.1249996e-10 -0.53722537
9.0999996e-10 -0.52533036
9.0749996e-10 -0.55058277
9.0499996e-10 -0.52559406
9.0249996e-10 -0.54306132
8.9999996e-10 -0.52380031
8.9749996e-10 -0.54304141
8.9499996e-10 -0.52072877
8.9249996e-10 -0.54582494
8.8999996e-10 -0.49972084
8.8749996e-10 -0.5155164
8.8499996e-10 -0.5304386
8.8249996e-10 -0.52818227
8.7999996e-10 -0.5417527
8.7749996e-10 -0.51190561
8.7499996e-10 -0.50912797
8.7249996e-10 -0.54844505
8.6999996e-10 -0.52012634
8.6749996e-10 -0.54030818
8.6499996e-10 -0.53893876
8.6249996e-10 -0.51855421
8.5999996e-10 -0.5153963
8.5749996e-10 -0.56781554
8.5499996e-10 -0.51039475
8.5249996e-10 -0.53637278
8.4999996e-10 -0.56501508
8.4749996e-10 -0.51186305
8.4499996e-10 -0.52510881
8.4249996e-10 -0.53011686
8.3999996e-10 -0.55445731
8.3749996e-10 -0.55280405
8.3499996e-10 -0.54035592
8.3249996e-10 -0.54267067
8.2999996e-10 -0.52448457
8.2749996e-10 -0.54554141
8.2499996e-10 -0.53962618
8.2249996e-10 -0.55450618
8.1999996e-10 -0.54016745
8.1749996e-10 -0.54479605
8.1499996e-10 -0.55629826
8.1249996e-10 -0.52867264
8.0999996e-10 -0.52735174
8.0749996e-10 -0.54350531
8.0499996e-10 -0.57350248
8.0249996e-10 -0.56362104
7.9999996e-10 -0.56710494
7.9749995e-10 -0.57666385
7.9499995e-10 -0.57859617
7.9249995e-10 -0.53062034
7.8999995e-10 -0.53779942
7.8749995e-10 -0.53448302
7.8499995e-10 -0.56552953
7.8249995e-10 -0.56258214
7.7999995e-10 -0.56442267
7.7749995e-10 -0.57416898
7.7499995e-10 -0.55190247
7.7249995e-10 -0.55330497
7.6999995e-10 -0.52631295
7.6749995e-10 -0.52820349
7.6499995e-10 -0.54018664
7.6249995e-10 -0.5348959
7.5999995e-10 -0.58198702
7.5749995e-10 -0.52925444
7.5499995e-10 -0.54173124
7.5249995e-10 -0.55873317
7.4999995e-10 -0.54516995
7.4749995e-10 -0.5633595
7.4499995e-10 -0.59501278
7.4249995e-10 -0.54369003
7.3999995e-10 -0.55591887
7.3749995e-10 -0.57609963
7.3499995e-10 -0.57580239
7.3249995e-10 -0.54395175
7.2999995e-10 -0.56301785
7.2749995e-10 -0.58625656
7.2499995e-10 -0.55208009
7.2249995e-10 -0.57019061
7.1999995e-10 -0.57416773
7.1749995e-10 -0.57701868
7.1499995e-10 -0.55965918
7.1249995e-10 -0.5546515
7.0999995e-10 -0.56906396
7.0749995e-10 -0.52864939
7.0499995e-10 -0.59999985
7.0249995e-10 -0.5743404
6.9999995e-10 -0.54207784
6.9749995e-10 -0.59030151
6.9499995e-10 -0.58688104
6.9249995e-10 -0.58091891
6.8999995e-10 -0.55741441
6.8749995e-10 -0.54660279
6.8499995e-10 -0.56618381
6.8249995e-10 -0.59782255
6.7999995e-10 -0.53853679
6.7749995e-10 -0.58593553
6.7499994e-10 -0.58659756
6.7249994e-10 -0.59217155
6.6999994e-10 -0.56170493
6.6749994e-10 -0.57755947
6.6499994e-10 -0.58506417
6.6249994e-10 -0.57215184
6.5999994e-10 -0.56434941
6.5749994e-10 -0.55035329
6.5499994e-10 -0.57559019
6.5249994e-10 -0.55379528
6.4999994e-10 -0.54065645
6.4749994e-10 -0.61099601
6.4499994e-10 -0.58115989
6.4249994e-10 -0.58951569
6.3999994e-10 -0.56775415
6.3749994e-10 -0.58671892
6.3499994e-10 -0.55780482
6.3249994e-10 -0.57635272
6.2999994e-10 -0.57587016
6.2749994e-10 -0.58355868
6.2499994e-10 -0.57137853
6.2249994e-10 -0.58567041
6.1999994e-10 -0.60141462
6.1749994e-10 -0.61532223
6.1499994e-10 -0.60735625
6.1249994e-10 -0.60439086
6.0999994e-10 -0.59373671
6.0749994e-10 -0.58480924
6.0499994e-10 -0.57371801
6.0249994e-10 -0.57145548
5.9999994e-10 -0.57518208
5.9749994e-10 -0.56121445
5.9499994e-10 -0.63282448
5.9249994e-10 -0.61389124
5.8999994e-10 -0.55772924
5.8749994e-10 -0.58400387
5.8499994e-10 -0.59438509
5.8249994e-10 -0.56760466
5.7999994e-10 -0.59058326
5.7749994e-10 -0.58858752
5.7499994e-10 -0.57746452
5.7249994e-10 -0.62325656
5.6999994e-10 -0.56927949
5.6749994e-10 -0.58875418
5.6499994e-10 -0.59893495
5.6249994e-10 -0.58376944
5.5999994e-10 -0.60245305
5.5749994e-10 -0.60909349
5.5499993e-10 -0.59302253
5.5249993e-10 -0.60019386
5.4999993e-10 -0.63565123
5.4749993e-10 -0.61527646
5.4499993e-10 -0.637752
5.4249993e-10 -0.58969754
5.3999993e-10 -0.60955584
5.3749993e-10 -0.63568431
5.3499993e-10 -0.63086098
5.3249999e-10 -0.62348896
5.2999999e-10 -0.65904331
5.2749999e-10 -0.622657
5.2499999e-10 -0.6451754
5.2249999e-10 -0.63003391
5.1999999e-10 -0.6644969
5.1749999e-10 -0.6319083
5.1499999e-10 -0.63272732
5.1249999e-10 -0.64149368
5.0999999e-10 -0.64826161
5.0749999e-10 -0.64670479
5.0499999e-10 -0.67489892
5.0249999e-10 -0.65315282
4.9999999e-10 -0.66955227
4.9749999e-10 -0.6635868
4.9499999e-10 -0.63638854
4.9249999e-10 -0.69296527
4.8999999e-10 -0.64557403
4.8749998e-10 -0.6594587
4.8499998e-10 -0.67231631
4.8249998e-10 -0.66900158
4.7999998e-10 -0.68731207
4.7749998e-10 -0.68119901
4.7499998e-10 -0.71077961
4.7249998e-10 -0.69498569
4.6999998e-10 -0.67356884
4.6749998e-10 -0.69347286
4.6499998e-10 -0.69505036
4.6249998e-10 -0.70032364
4.5999998e-10 -0.74128938
4.5749998e-10 -0.70803183
4.5499998e-10 -0.70948786
4.5249998e-10 -0.71061581
4.4999998e-10 -0.69251359
4.4749998e-10 -0.73012602
4.4499998e-10 -0.72261506
4.4249998e-10 -0.75976789
4.3999998e-10 -0.73965263
4.3749998e-10 -0.75778675
4.3499998e-10 -0.7181077
4.3249998e-10 -0.70815969
4.2999998e-10 -0.73865306
4.2749998e-10 -0.74772626
4.2499998e-10 -0.74309355
4.2249998e-10 -0.74745083
4.1999998e-10 -0.76763004
4.1749998e-10 -0.74655253
4.1499998e-10 -0.77122849
4.1249998e-10 -0.73639512
4.0999998e-10 -0.74347782
4.0749998e-10 -0.76540673
4.0499998e-10 -0.69491094
4.0249998e-10 -0.78805411
3.9999998e-10 -0.7887069
3.9749998e-10 -0.76832843
3.9499998e-10 -0.78256464
3.9249998e-10 -0.7538445
3.8999998e-10 -0.78478009
3.8749998e-10 -0.75063545
3.8499998e-10 -0.78009617
3.8249998e-10 -0.76983863
3.7999998e-10 -0.7944591
3.7749998e-10 -0.76343387
3.7499998e-10 -0.75034088
3.7249998e-10 -0.76561356
3.6999998e-10 -0.77449036
3.6749997e-10 -0.78426683
3.6499997e-10 -0.76164627
3.6249997e-10 -0.76995188
3.5999997e-10 -0.76946902
3.5749997e-10 -0.77510238
3.5499997e-10 -0.77538103
3.5249997e-10 -0.75523084
3.4999997e-10 -0.76001954
3.4749997e-10 -0.76580006
3.4499997e-10 -0.77606881
3.4249997e-10 -0.7574237
3.3999997e-10 -0.7522648
3.3749997e-10 -0.74647462
3.3499997e-10 -0.77366424
3.3249997e-10 -0.7802211
3.2999997e-10 -0.73593664
3.2749997e-10 -0.75287628
3.2499997e-10 -0.75970453
3.2249997e-10 -0.78006232
3.1999997e-10 -0.7434656
3.1749997e-10 -0.72151935
3.1499997e-10 -0.75536799
3.1249997e-10 -0.75927621
3.0999997e-10 -0.77424711
3.0749997e-10 -0.74964672
3.0499997e-10 -0.77593142
3.0249997e-10 -0.7603519
2.9999997e-10 -0.77719581
2.9749997e-10 -0.7462725
2.9499997e-10 -0.77630168
2.9249997e-10 -0.78713495
2.8999997e-10 -0.75620133
2.8749997e-10 -0.7897597
2.8499997e-10 -0.79034811
2.8249997e-10 -0.79277778
2.7999997e-10 -0.75008088
2.7749997e-10 -0.78268719
2.7499997e-10 -0.78511673
2.7249997e-10 -0.79385638
2.6999997e-10 -0.81065738
2.6749997e-10 -0.77247232
2.6499997e-10 -0.77536613
2.6249997e-10 -0.79685074
2.5999997e-10 -0.78411913
2.5749997e-10 -0.81722707
2.5499997e-10 -0.78154224
2.5249997e-10 -0.81545883
2.4999997e-10 -0.83945614
2.4749996e-10 -0.81042153
2.4499996e-10 -0.80637741
2.4249996e-10 -0.78818202
2.3999996e-10 -0.78689384
2.3749996e-10 -0.79271752
2.3499996e-10 -0.82450151
2.3249996e-10 -0.81382579
2.2999996e-10 -0.84268224
2.2749996e-10 -0.81289196
2.2499996e-10 -0.84297138
2.2249996e-10 -0.80283612
2.1999996e-10 -0.89270592
2.1749996e-10 -0.85022265
2.1499996e-10 -0.83779162
2.1249996e-10 -0.85299277
2.0999996e-10 -0.84509104
2.0749996e-10 -0.85066891
2.0499996e-10 -0.81285471
2.0249996e-10 -0.84608787
1.9999996e-10 -0.85313058
1.9749996e-10 -0.85431433
1.9499996e-10 -0.86040407
1.9249996e-10 -0.87886667
1.8999996e-10 -0.86988419
1.8749996e-10 -0.89020002
1.8499996e-10 -0.8418451
1.8249996e-10 -0.86191052
1.7999996e-10 -0.86726737
1.7749996e-10 -0.89887744
1.7499996e-10 -0.87144351
1.7249996e-10 -0.88552094
1.6999996e-10 -0.90949786
1.6749996e-10 -0.89906353
1.6499996e-10 -0.89668989
1.6249996e-10 -0.93876344
1.5999996e-10 -0.91045225
1.5749996e-10 -0.89764464
1.5499996e-10 -0.91847706
1.5249996e-10 -0.91935438
1.4999996e-10 -0.92508888
1.4749996e-10 -0.94625598
1.4499996e-10 -0.92897874
1.4249996e-10 -0.94793612
1.3999996e-10 -0.93403357
1.3749996e-10 -0.94954032
1.3499996e-10 -0.91998059
1.3249996e-10 -0.95404661
1.2999996e-10 -0.95898634
1.2749996e-10 -0.9449417
1.2499995e-10 -0.98690087
1.2249995e-10 -0.97162199
1.1999995e-10 -0.95351338
1.1749995e-10 -0.95939159
1.1499995e-10 -0.98484516
1.1249995e-10 -0.97889864
1.0999995e-10 -0.99212641
1.0749995e-10 -0.95386881
1.0499995e-10 -1.0336294
1.0249995e-10 -1.0248064
9.9999953e-11 -1.0284995
9.7499953e-11 -1.0539926
9.4999952e-11 -0.99556935
9.2499952e-11 -1.0263063
8.9999952e-11 -1.0470607
8.7499952e-11 -1.0467682
8.4999952e-11 -1.0539751
8.2499951e-11 -1.0727332
7.9999951e-11 -1.0457652
7.7499951e-11 -1.0643196
7.4999951e-11 -1.0746657
7.249995e-11 -1.1312751
6.999995e-11 -1.3296199
6.7500006e-11 -1.1996622
6.5000005e-11 -1.0885884
6.2500005e-11 -1.0742081
6.0000005e-11 -1.0999364
5.7500005e-11 -1.0839674
5.5000005e-11 -1.1035551
5.2500004e-11 -1.131188
5.0000004e-11 -1.1128535
4.7500004e-11 -1.102792
4.5000004e-11 -1.1340104
4.2500004e-11 -1.2077425
4.0000003e-11 -1.1257159
3.7500003e-11 -1.145865
3.5000003e-11 -1.1219418
3.2500003e-11 -1.1483546
3.0000002e-11 -1.1520747
2.7500002e-11 -1.2081761
2.5000002e-11 -1.1691219
2.2500002e-11 -1.1679744
2.0000002e-11 -1.2076877
1.7500001e-11 -1.190011
1.5000001e-11 -1.1800834
1.2500001e-11 -1.2448118
1.0000001e-11 -1.2055596
7.5000006e-12 -1.2365932
5.0000004e-12 -1.2180636
2.5000002e-12 -1.2550523
0.0 -1.2133518
