9.9999997e-10 -0.52252716
9.9749997e-10 -0.56220675
9.9499997e-10 -0.52401948
9.9249997e-10 -0.48658821
9.8999997e-10 -0.49354637
9.8749997e-10 -0.52058208
9.8499997e-10 -0.515315
9.8249997e-10 -0.52897274
9.7999997e-10 -0.50196695
9.7749997e-10 -0.53856927
9.7499997e-10 -0.52036566
9.7249997e-10 -0.55728549
9.6999997e-10 -0.52779847
9.6749997e-10 -0.51496333
9.6499997e-10 -0.5152539
9.6249997e-10 -0.52915353
9.5999997e-10 -0.52275974
9.5749997e-10 -0.51114744
9.5499997e-10 -0.52842122
9.5249997e-10 -0.53209358
9.4999997e-10 -0.50247794
9.4749997e-10 -0.51927739
9.4499997e-10 -0.51790905
9.4249997e-10 -0.52769727
9.3999997e-10 -0.53122759
9.3749997e-10 -0.51446855
9.3499997e-10 -0.5250749
9.3249997e-10 -0.54600483
9.2999997e-10 -0.52330017
9.2749997e-10 -0.5114044
9.2499997e-10 -0.52468014
9.2249997e-10 -0.51111341
9.1999997e-10 -0.52927154
9.1749996e-10 -0.52747881
9.1499996e-10 -0.54458034
9.1249996e-10 -0.54333824
9.0999996e-10 -0.50289845
9.0749996e-10 -0.50800222
9.0499996e-10 -0.49918324
9.0249996e-10 -0.53347838
8.9999996e-10 -0.56614268
8.9749996e-10 -0.50039732
8.9499996e-10 -0.52237588
8.9249996e-10 -0.52357686
8.8999996e-10 -0.53872961
8.8749996e-10 -0.56784534
8.8499996e-10 -0.51758677
8.8249996e-10 -0.52105671
8.7999996e-10 -0.55120993
8.7749996e-10 -0.54374176
8.7499996e-10 -0.55264342
8.7249996e-10 -0.51308465
8.6999996e-10 -0.50256443
8.6749996e-10 -0.53034496
8.6499996e-10 -0.50892806
8.6249996e-10 -0.53556699
8.5999996e-10 -0.51641631
8.5749996e-10 -0.55101031
8.5499996e-10 -0.53059381
8.5249996e-10 -0.5390327
8.4999996e-10 -0.53112292
8.4749996e-10 -0.56443805
8.4499996e-10 -0.53157377
8.4249996e-10 -0.52404433
8.3999996e-10 -0.54166466
8.3749996e-10 -0.52394736
8.3499996e-10 -0.52104956
8.3249996e-10 -0.49699518
8.2999996e-10 -0.5554418
8.2749996e-10 -0.53745216
8.2499996e-10 -0.51602399
8.2249996e-10 -0.53178024
8.1999996e-10 -0.50534254
8.1749996e-10 -0.50896853
8.1499996e-10 -0.5255869
8.1249996e-10 -0.54915065
8.0999996e-10 -0.56020731
8.0749996e-10 -0.57335055
8.0499996e-10 -0.53262639
8.0249996e-10 -0.51654005
7.9999996e-10 -0.5140419
7.9749995e-10 -0.54020584
7.9499995e-10 -0.49873164
7.9249995e-10 -0.5290702
7.8999995e-10 -0.5315482
7.8749995e-10 -0.52074641
7.8499995e-10 -0.51913488
7.8249995e-10 -0.4960672
7.7999995e-10 -0.54242945
7.7749995e-10 -0.55892748
7.7499995e-10 -0.54393393
7.7249995e-10 -0.55430484
7.6999995e-10 -0.51591516
7.6749995e-10 -0.54078674
7.6499995e-10 -0.50211728
7.6249995e-10 -0.54370064
7.5999995e-10 -0.541017
7.5749995e-10 -0.52377623
7.5499995e-10 -0.5720737
7.5249995e-10 -0.50949204
7.4999995e-10 -0.56266737
7.4749995e-10 -0.5532071
7.4499995e-10 -0.53421849
7.4249995e-10 -0.54200399
7.3999995e-10 -0.54742861
7.3749995e-10 -0.56823426
7.3499995e-10 -0.54159194
7.3249995e-10 -0.5447309
7.2999995e-10 -0.54442066
7.2749995e-10 -0.51199961
7.2499995e-10 -0.52483988
7.2249995e-10 -0.53539032
7.1999995e-10 -0.49231645
7.1749995e-10 -0.52030522
7.1499995e-10 -0.53282315
7.1249995e-10 -0.55932283
7.0999995e-10 -0.57617551
7.0749995e-10 -0.55354452
7.0499995e-10 -0.55398196
7.0249995e-10 -0.52018994
6.9999995e-10 -0.5547902
6.9749995e-10 -0.53144121
6.9499995e-10 -0.57957083
6.9249995e-10 -0.54574198
6.8999995e-10 -0.55870587
6.8749995e-10 -0.53695744
6.8499995e-10 -0.54785854
6.8249995e-10 -0.56349981
6.7999995e-10 -0.52803588
6.7749995e-10 -0.57194245
6.7499994e-10 -0.55503851
6.7249994e-10 -0.5448482
6.6999994e-10 -0.56147289
6.6749994e-10 -0.54644197
6.6499994e-10 -0.55418766
6.6249994e-10 -0.58471841
6.5999994e-10 -0.59162319
6.5749994e-10 -0.53864264
6.5499994e-10 -0.57540363
6.5249994e-10 -0.56196755
6.4999994e-10 -0.61046249
6.4749994e-10 -0.56295669
6.4499994e-10 -0.58362597
6.4249994e-10 -0.59462589
6.3999994e-10 -0.58547091
6.3749994e-10 -0.58616179
6.3499994e-10 -0.54873753
6.3249994e-10 -0.59647053
6.2999994e-10 -0.58590835
6.2749994e-10 -0.57726145
6.2499994e-10 -0.57082862
6.2249994e-10 -0.56255507
6.1999994e-10 -0.53240824
6.1749994e-10 -0.59156102
6.1499994e-10 -0.5674302
6.1249994e-10 -0.59698182
6.0999994e-10 -0.56745571
6.0749994e-10 -0.58554476
6.0499994e-10 -0.59568065
6.0249994e-10 -0.59172356
5.9999994e-10 -0.58623093
5.9749994e-10 -0.58589655
5.9499994e-10 -0.58695519
5.9249994e-10 -0.59114552
5.8999994e-10 -0.63043398
5.8749994e-10 -0.59742999
5.8499994e-10 -0.57029235
5.8249994e-10 -0.58483326
5.7999994e-10 -0.62594658
5.7749994e-10 -0.57497919
5.7499994e-10 -0.62148201
5.7249994e-10 -0.5832274
5.6999994e-10 -0.60649973
5.6749994e-10 -0.59650606
5.6499994e-10 -0.60062641
5.6249994e-10 -0.61365962
5.5999994e-10 -0.59974056
5.5749994e-10 -0.5924753
5.5499993e-10 -0.57759345
5.5249993e-10 -0.60384101
5.4999993e-10 -0.60224229
5.4749993e-10 -0.61501509
5.4499993e-10 -0.59922916
5.4249993e-10 -0.62478489
5.3999993e-10 -0.64311123
5.3749993e-10 -0.61878133
5.3499993e-10 -0.61046124
5.3249999e-10 -0.59080148
5.2999999e-10 -0.63866127
5.2749999e-10 -0.58078223
5.2499999e-10 -0.59717762
5.2249999e-10 -0.62968755
5.1999999e-10 -0.69259447
5.1749999e-10 -0.61233765
5.1499999e-10 -0.59517437
5.1249999e-10 -0.62747842
5.0999999e-10 -0.58115751
5.0749999e-10 -0.61929554
5.0499999e-10 -0.66004443
5.0249999e-10 -0.63466573
4.9999999e-10 -0.64243376
4.9749999e-10 -0.62063277
4.9499999e-10 -0.62920368
4.9249999e-10 -0.62817705
4.8999999e-10 -0.61447299
4.8749998e-10 -0.64325291
4.8499998e-10 -0.65098041
4.8249998e-10 -0.62750554
4.7999998e-10 -0.59769738
4.7749998e-10 -0.62793612
4.7499998e-10 -0.64578688
4.7249998e-10 -0.5944919
4.6999998e-10 -0.63402921
4.6749998e-10 -0.61782396
4.6499998e-10 -0.63886648
4.6249998e-10 -0.65964478
4.5999998e-10 -0.66721606
4.5749998e-10 -0.66233283
4.5499998e-10 -0.66272914
4.5249998e-10 -0.62827736
4.4999998e-10 -0.66921252
4.4749998e-10 -0.63393784
4.4499998e-10 -0.69638062
4.4249998e-10 -0.62368047
4.3999998e-10 -0.65429193
4.3749998e-10 -0.65560204
4.3499998e-10 -0.65377504
4.3249998e-10 -0.69913286
4.2999998e-10 -0.66053528
4.2749998e-10 -0.66586381
4.2499998e-10 -0.67650276
4.2249998e-10 -0.65686989
4.1999998e-10 -0.6694451
4.1749998e-10 -0.64654458
4.1499998e-10 -0.6532712
4.1249998e-10 -0.65752763
4.0999998e-10 -0.67473012
4.0749998e-10 -0.66203785
4.0499998e-10 -0.66686374
4.0249998e-10 -0.68771988
3.9999998e-10 -0.68837458
3.9749998e-10 -0.67384183
3.9499998e-10 -0.705818
3.9249998e-10 -0.66050369
3.8999998e-10 -0.69011402
3.8749998e-10 -0.65118235
3.8499998e-10 -0.69390029
3.8249998e-10 -0.69324964
3.7999998e-10 -0.67623913
3.7749998e-10 -0.66973126
3.7499998e-10 -0.68198872
3.7249998e-10 -0.68807858
3.6999998e-10 -0.67403686
3.6749997e-10 -0.70599109
3.6499997e-10 -0.69878566
3.6249997e-10 -0.70078641
3.5999997e-10 -0.69650203
3.5749997e-10 -0.66737521
3.5499997e-10 -0.68325818
3.5249997e-10 -0.69053143
3.4999997e-10 -0.72501266
3.4749997e-10 -0.69895381
3.4499997e-10 -0.68851447
3.4249997e-10 -0.72092724
3.3999997e-10 -0.68396223
3.3749997e-10 -0.75544715
3.3499997e-10 -0.68763703
3.3249997e-10 -0.86060238
3.2999997e-10 -0.82650661
3.2749997e-10 -0.84056479
3.2499997e-10 -0.7901994
3.2249997e-10 -0.65585858
3.1999997e-10 -0.68833476
3.1749997e-10 -0.75501519
3.1499997e-10 -0.67204207
3.1249997e-10 -0.7681517
3.0999997e-10 -0.70605588
3.0749997e-10 -0.76145738
3.0499997e-10 -0.75712264
3.0249997e-10 -0.74115992
2.9999997e-10 -0.77129054
2.9749997e-10 -0.81527066
2.9499997e-10 -0.81220347
2.9249997e-10 -0.79554987
2.8999997e-10 -0.76625305
2.8749997e-10 -0.75753963
2.8499997e-10 -0.79259574
2.8249997e-10 -0.78298527
2.7999997e-10 -0.80954659
2.7749997e-10 -0.83255613
2.7499997e-10 -0.82484615
2.7249997e-10 -0.84502798
2.6999997e-10 -0.82911986
2.6749997e-10 -0.83748817
2.6499997e-10 -0.81218511
2.6249997e-10 -0.82250452
2.5999997e-10 -0.85678256
2.5749997e-10 -0.83347464
2.5499997e-10 -0.8613947
2.5249997e-10 -0.85881555
2.4999997e-10 -0.86523819
2.4749996e-10 -0.89369273
2.4499996e-10 -0.87347901
2.4249996e-10 -0.87644559
2.3999996e-10 -0.89164835
2.3749996e-10 -0.86679673
2.3499996e-10 -0.90242243
2.3249996e-10 -0.87372732
2.2999996e-10 -0.90892577
2.2749996e-10 -0.89267188
2.2499996e-10 -0.90126771
2.2249996e-10 -0.88314331
2.1999996e-10 -0.91714144
2.1749996e-10 -0.91239136
2.1499996e-10 -0.90823662
2.1249996e-10 -0.91994387
2.0999996e-10 -0.93006074
2.0749996e-10 -0.90470314
2.0499996e-10 -0.92637312
2.0249996e-10 -0.93510526
1.9999996e-10 -0.95771354
1.9749996e-10 -0.93265224
1.9499996e-10 -0.92040664
1.9249996e-10 -0.92563266
1.8999996e-10 -0.94274253
1.8749996e-10 -0.92958152
1.8499996e-10 -0.92973828
1.8249996e-10 -0.94810772
1.7999996e-10 -0.91957819
1.7749996e-10 -0.95434499
1.7499996e-10 -0.92903841
1.7249996e-10 -0.93052548
1.6999996e-10 -0.94914204
1.6749996e-10 -0.91140014
1.6499996e-10 -0.94630182
1.6249996e-10 -0.97207928
1.5999996e-10 -0.96905661
1.5749996e-10 -0.9447605
1.5499996e-10 -0.96829367
1.5249996e-10 -0.95506865
1.4999996e-10 -0.94839859
1.4749996e-10 -0.93453437
1.4499996e-10 -0.94459879
1.4249996e-10 -0.96859998
1.3999996e-10 -0.94583064
1.3749996e-10 -0.96939135
1.3499996e-10 -0.98401743
1.3249996e-10 -0.9765923
1.2999996e-10 -0.94800037
1.2749996e-10 -0.98461711
1.2499995e-10 -0.97894561
1.2249995e-10 -0.96126795
1.1999995e-10 -1.0047625
1.1749995e-10 -0.9743942
1.1499995e-10 -0.97892946
1.1249995e-10 -1.0101455
1.0999995e-10 -0.99175113
1.0749995e-10 -1.0084563
1.0499995e-10 -0.99956095
1.0249995e-10 -0.99991906
9.9999953e-11 -1.0207916
9.7499953e-11 -1.0021847
9.4999952e-11 -1.0147749
9.2499952e-11 -1.0619479
8.9999952e-11 -1.0545911
8.7499952e-11 -1.0361303
8.4999952e-11 -0.98136872
8.2499951e-11 -1.0488887
7.9999951e-11 -1.0627184
7.7499951e-11 -1.0740414
7.4999951e-11 -1.0441529
7.249995e-11 -1.0776596
6.999995e-11 -1.1071681
6.7500006e-11 -1.0335244
6.5000005e-11 -1.0552069
6.2500005e-11 -1.1063097
6.0000005e-11 -1.1074879
5.7500005e-11 -1.0946267
5.5000005e-11 -1.1043851
5.2500004e-11 -1.1150668
5.0000004e-11 -1.1002139
4.7500004e-11 -1.1262938
4.5000004e-11 -1.1306256
4.2500004e-11 -1.1256441
4.0000003e-11 -1.1393849
3.7500003e-11 -1.1027929
3.5000003e-11 -1.1671638
3.2500003e-11 -1.1467957
3.0000002e-11 -1.1723897
2.7500002e-11 -1.138517
2.5000002e-11 -1.1613461
2.2500002e-11 -1.1516201
2.0000002e-11 -1.2097142
1.7500001e-11 -1.1705792
1.5000001e-11 -1.1788484
1.2500001e-11 -1.1912622
1.0000001e-11 -1.1938709
7.5000006e-12 -1.2217923
5.0000004e-12 -1.2418535
2.5000002e-12 -1.2129925
0.0 -1.1946813
