9.9999997e-10 -0.55405372
9.9749997e-10 -0.49856165
9.9499997e-10 -0.54046655
9.9249997e-10 -0.55097884
9.8999997e-10 -0.52654529
9.8749997e-10 -0.53217447
9.8499997e-10 -0.54800946
9.8249997e-10 -0.5417816
9.7999997e-10 -0.5564757
9.7749997e-10 -0.54731035
9.7499997e-10 -0.54061866
9.7249997e-10 -0.50803787
9.6999997e-10 -0.49907464
9.6749997e-10 -0.5075618
9.6499997e-10 -0.54674429
9.6249997e-10 -0.53663415
9.5999997e-10 -0.50786358
9.5749997e-10 -0.51943928
9.5499997e-10 -0.50859523
9.5249997e-10 -0.54030335
9.4999997e-10 -0.50195754
9.4749997e-10 -0.56073469
9.4499997e-10 -0.50562704
9.4249997e-10 -0.55943084
9.3999997e-10 -0.52907485
9.3749997e-10 -0.55071729
9.3499997e-10 -0.5173018
9.3249997e-10 -0.51613623
9.2999997e-10 -0.52366465
9.2749997e-10 -0.50636083
9.2499997e-10 -0.53667104
9.2249997e-10 -0.55425066
9.1999997e-10 -0.52886963
9.1749996e-10 -0.50615293
9.1499996e-10 -0.5459466
9.1249996e-10 -0.49897143
9.0999996e-10 -0.50779188
9.0749996e-10 -0.52581525
9.0499996e-10 -0.53044242
9.0249996e-10 -0.55326962
8.9999996e-10 -0.527201
8.9749996e-10 -0.50389463
8.9499996e-10 -0.52567017
8.9249996e-10 -0.52117801
8.8999996e-10 -0.52932924
8.8749996e-10 -0.5247528
8.8499996e-10 -0.53248227
8.8249996e-10 -0.54631364
8.7999996e-10 -0.53312606
8.7749996e-10 -0.53983951
8.7499996e-10 -0.56131852
8.7249996e-10 -0.5350033
8.6999996e-10 -0.56472301
8.6749996e-10 -0.54754722
8.6499996e-10 -0.53059447
8.6249996e-10 -0.55425406
8.5999996e-10 -0.54665291
8.5749996e-10 -0.51721829
8.5499996e-10 -0.54317474
8.5249996e-10 -0.57855254
8.4999996e-10 -0.5048418
8.4749996e-10 -0.53849685
8.4499996e-10 -0.53810495
8.4249996e-10 -0.50465953
8.3999996e-10 -0.52808428
8.3749996e-10 -0.52409804
8.3499996e-10 -0.52120572
8.3249996e-10 -0.55364418
8.2999996e-10 -0.55759871
8.2749996e-10 -0.54778701
8.2499996e-10 -0.52286261
8.2249996e-10 -0.55256617
8.1999996e-10 -0.54750228
8.1749996e-10 -0.54509485
8.1499996e-10 -0.56815463
8.1249996e-10 -0.54988605
8.0999996e-10 -0.55666667
8.0749996e-10 -0.54597539
8.0499996e-10 -0.53979748
8.0249996e-10 -0.54719758
7.9999996e-10 -0.54292488
7.9749995e-10 -0.531932
7.9499995e-10 -0.58141446
7.9249995e-10 -0.52858722
7.8999995e-10 -0.55605739
7.8749995e-10 -0.53845543
7.8499995e-10 -0.53535104
7.8249995e-10 -0.56680697
7.7999995e-10 -0.53026074
7.7749995e-10 -0.53914088
7.7499995e-10 -0.56878203
7.7249995e-10 -0.56051314
7.6999995e-10 -0.54713905
7.6749995e-10 -0.55825132
7.6499995e-10 -0.53105843
7.6249995e-10 -0.54183942
7.5999995e-10 -0.563676
7.5749995e-10 -0.57367826
7.5499995e-10 -0.57174784
7.5249995e-10 -0.55129552
7.4999995e-10 -0.58786976
7.4749995e-10 -0.56768787
7.4499995e-10 -0.60336709
7.4249995e-10 -0.58816528
7.3999995e-10 -0.60062432
7.3749995e-10 -0.5631693
7.3499995e-10 -0.58590567
7.3249995e-10 -0.55919206
7.2999995e-10 -0.58851236
7.2749995e-10 -0.56656694
7.2499995e-10 -0.57552433
7.2249995e-10 -0.58491999
7.1999995e-10 -0.57655388
7.1749995e-10 -0.59654135
7.1499995e-10 -0.5917573
7.1249995e-10 -0.54753041
7.0999995e-10 -0.56380928
7.0749995e-10 -0.58599365
7.0499995e-10 -0.59317458
7.0249995e-10 -0.57050067
6.9999995e-10 -0.55085742
6.9749995e-10 -0.61244094
6.9499995e-10 -0.57780856
6.9249995e-10 -0.59003341
6.8999995e-10 -0.58655441
6.8749995e-10 -0.5800913
6.8499995e-10 -0.5888592
6.8249995e-10 -0.62734973
6.7999995e-10 -0.59704942
6.7749995e-10 -0.56088436
6.7499994e-10 -0.59954679
6.7249994e-10 -0.57070404
6.6999994e-10 -0.58122444
6.6749994e-10 -0.56040096
6.6499994e-10 -0.58060604
6.6249994e-10 -0.56286973
6.5999994e-10 -0.62336344
6.5749994e-10 -0.59006631
6.5499994e-10 -0.5902099
6.5249994e-10 -0.62875265
6.4999994e-10 -0.59112877
6.4749994e-10 -0.60304785
6.4499994e-10 -0.56691873
6.4249994e-10 -0.5926488
6.3999994e-10 -0.5730024
6.3749994e-10 -0.59990734
6.3499994e-10 -0.56521195
6.3249994e-10 -0.58997381
6.2999994e-10 -0.60424948
6.2749994e-10 -0.61713159
6.2499994e-10 -0.60553896
6.2249994e-10 -0.62136364
6.1999994e-10 -0.62167794
6.1749994e-10 -0.58372569
6.1499994e-10 -0.62170243
6.1249994e-10 -0.63171721
6.0999994e-10 -0.60964727
6.0749994e-10 -0.63039958
6.0499994e-10 -0.62033957
6.0249994e-10 -0.5964272
5.9999994e-10 -0.6331262
5.9749994e-10 -0.60664809
5.9499994e-10 -0.5939573
5.9249994e-10 -0.58221322
5.8999994e-10 -0.60854268
5.8749994e-10 -0.62229896
5.8499994e-10 -0.62525606
5.8249994e-10 -0.59866887
5.7999994e-10 -0.61155373
5.7749994e-10 -0.63584644
5.7499994e-10 -0.61854392
5.7249994e-10 -0.58520889
5.6999994e-10 -0.64912039
5.6749994e-10 -0.64906979
5.6499994e-10 -0.6242063
5.6249994e-10 -0.63962811
5.5999994e-10 -0.63661182
5.5749994e-10 -0.61659867
5.5499993e-10 -0.65819198
5.5249993e-10 -0.61641741
5.4999993e-10 -0.64498591
5.4749993e-10 -0.63902587
5.4499993e-10 -0.62045711
5.4249993e-10 -0.62458169
5.3999993e-10 -0.62290436
5.3749993e-10 -0.63400459
5.3499993e-10 -0.62749809
5.3249999e-10 -0.64698231
5.2999999e-10 -0.64218241
5.2749999e-10 -0.6642372
5.2499999e-10 -0.64635003
5.2249999e-10 -0.66175169
5.1999999e-10 -0.65974939
5.1749999e-10 -0.61723524
5.1499999e-10 -0.62397611
5.1249999e-10 -0.637173
5.0999999e-10 -0.59113681
5.0749999e-10 -0.64330566
5.0499999e-10 -0.68092954
5.0249999e-10 -0.61716539
4.9999999e-10 -0.63196903
4.9749999e-10 -0.67602915
4.9499999e-10 -0.646465
4.9249999e-10 -0.64579171
4.8999999e-10 -0.66666633
4.8749998e-10 -0.67617667
4.8499998e-10 -0.62179267
4.8249998e-10 -0.66166276
4.7999998e-10 -0.65809196
4.7749998e-10 -0.6551168
4.7499998e-10 -0.69164997
4.7249998e-10 -0.65329331
4.6999998e-10 -0.66059345
4.6749998e-10 -0.66631252
4.6499998e-10 -0.64976054
4.6249998e-10 -0.64476109
4.5999998e-10 -0.65280801
4.5749998e-10 -0.65679747
4.5499998e-10 -0.68231833
4.5249998e-10 -0.66607976
4.4999998e-10 -0.6945253
4.4749998e-10 -0.67075896
4.4499998e-10 -0.67907655
4.4249998e-10 -0.67265397
4.3999998e-10 -0.694251
4.3749998e-10 -0.66780001
4.3499998e-10 -0.71110302
4.3249998e-10 -0.71348596
4.2999998e-10 -0.6820963
4.2749998e-10 -0.69857866
4.2499998e-10 -0.68540192
4.2249998e-10 -0.68013716
4.1999998e-10 -0.68464935
4.1749998e-10 -0.72917312
4.1499998e-10 -0.67005175
4.1249998e-10 -0.7265287
4.0999998e-10 -0.72360295
4.0749998e-10 -0.69589609
4.0499998e-10 -0.7018075
4.0249998e-10 -0.7296353
3.9999998e-10 -0.688932
3.9749998e-10 -0.69178224
3.9499998e-10 -0.7283901
3.9249998e-10 -0.71369159
3.8999998e-10 -0.71857858
3.8749998e-10 -0.70236647
3.8499998e-10 -0.73028022
3.8249998e-10 -0.7187295
3.7999998e-10 -0.71369636
3.7749998e-10 -0.7371676
3.7499998e-10 -0.72415835
3.7249998e-10 -0.72222626
3.6999998e-10 -0.71361208
3.6749997e-10 -0.69611865
3.6499997e-10 -0.7246148
3.6249997e-10 -0.7300216
3.5999997e-10 -0.77353877
3.5749997e-10 -0.7448501
3.5499997e-10 -0.74858904
3.5249997e-10 -0.72843879
3.4999997e-10 -0.73250598
3.4749997e-10 -0.73221987
3.4499997e-10 -0.75949913
3.4249997e-10 -0.74805766
3.3999997e-10 -0.73337352
3.3749997e-10 -0.74161786
3.3499997e-10 -0.75561136
3.3249997e-10 -0.7752322
3.2999997e-10 -0.7830137
3.2749997e-10 -0.76903784
3.2499997e-10 -0.76383299
3.2249997e-10 -0.74415654
3.1999997e-10 -0.76684034
3.1749997e-10 -0.75046629
3.1499997e-10 -0.78849024
3.1249997e-10 -0.77747959
3.0999997e-10 -0.75261807
3.0749997e-10 -0.79632699
3.0499997e-10 -0.76145065
3.0249997e-10 -0.76672614
2.9999997e-10 -0.79114795
2.9749997e-10 -0.77498192
2.9499997e-10 -0.74771112
2.9249997e-10 -0.77528858
2.8999997e-10 -0.75947034
2.8749997e-10 -0.79084843
2.8499997e-10 -0.82800072
2.8249997e-10 -0.79856157
2.7999997e-10 -0.77386993
2.7749997e-10 -0.80122769
2.7499997e-10 -0.79236782
2.7249997e-10 -0.78724366
2.6999997e-10 -0.82498932
2.6749997e-10 -0.78732347
2.6499997e-10 -0.81477898
2.6249997e-10 -0.80968177
2.5999997e-10 -0.80922812
2.5749997e-10 -0.82058007
2.5499997e-10 -0.84273779
2.5249997e-10 -0.83762562
2.4999997e-10 -0.82242668
2.4749996e-10 -0.81336075
2.4499996e-10 -0.80904752
2.4249996e-10 -0.811212
2.3999996e-10 -0.83819318
2.3749996e-10 -0.81517977
2.3499996e-10 -0.84779006
2.3249996e-10 -0.84636086
2.2999996e-10 -0.82996446
2.2749996e-10 -0.83506644
2.2499996e-10 -0.83404678
2.2249996e-10 -0.87438631
2.1999996e-10 -0.87481546
2.1749996e-10 -0.87561268
2.1499996e-10 -0.90318584
2.1249996e-10 -0.86036068
2.0999996e-10 -0.87298298
2.0749996e-10 -0.84488744
2.0499996e-10 -0.86360282
2.0249996e-10 -0.84925401
1.9999996e-10 -0.86754853
1.9749996e-10 -0.86367846
1.9499996e-10 -0.87472945
1.9249996e-10 -0.89752001
1.8999996e-10 -0.89918154
1.8749996e-10 -0.90001625
1.8499996e-10 -0.91127205
1.8249996e-10 -0.87644672
1.7999996e-10 -0.87929893
1.7749996e-10 -0.92537963
1.7499996e-10 -0.90580672
1.7249996e-10 -0.88389719
1.6999996e-10 -0.90919149
1.6749996e-10 -0.89964586
1.6499996e-10 -0.90610605
1.6249996e-10 -0.98702842
1.5999996e-10 -0.95591009
1.5749996e-10 -0.96188176
1.5499996e-10 -0.95090187
1.5249996e-10 -0.93574846
1.4999996e-10 -0.96849018
1.4749996e-10 -0.93527442
1.4499996e-10 -0.92469341
1.4249996e-10 -0.97181612
1.3999996e-10 -0.98958004
1.3749996e-10 -0.97503817
1.3499996e-10 -0.97209179
1.3249996e-10 -0.95044142
1.2999996e-10 -0.97246712
1.2749996e-10 -0.97687811
1.2499995e-10 -0.97719193
1.2249995e-10 -0.96436667
1.1999995e-10 -0.99540406
1.1749995e-10 -0.99133384
1.1499995e-10 -0.96144181
1.1249995e-10 -1.0342844
1.0999995e-10 -0.979101
1.0749995e-10 -0.9939549
1.0499995e-10 -0.9927476
1.0249995e-10 -0.99148089
9.9999953e-11 -1.013881
9.7499953e-11 -1.0271477
9.4999952e-11 -1.0073349
9.2499952e-11 -1.0318667
8.9999952e-11 -1.0475917
8.7499952e-11 -1.0504808
8.4999952e-11 -1.0433412
8.2499951e-11 -1.0652413
7.9999951e-11 -1.077179
7.7499951e-11 -1.0646582
7.4999951e-11 -1.0474169
7.249995e-11 -1.0687523
6.999995e-11 -1.0978242
6.7500006e-11 -1.0797429
6.5000005e-11 -1.07173
6.2500005e-11 -1.1035442
6.0000005e-11 -1.0862211
5.7500005e-11 -1.1207408
5.5000005e-11 -1.0996627
5.2500004e-11 -1.1246268
5.0000004e-11 -1.0908765
4.7500004e-11 -1.1285347
4.5000004e-11 -1.1051846
4.2500004e-11 -1.1307833
4.0000003e-11 -1.1604382
3.7500003e-11 -1.1497532
3.5000003e-11 -1.1611567
3.2500003e-11 -1.1681417
3.0000002e-11 -1.1554465
2.7500002e-11 -1.165309
2.5000002e-11 -1.1810551
2.2500002e-11 -1.1873279
2.0000002e-11 -1.2128909
1.7500001e-11 -1.2097898
1.5000001e-11 -1.2049321
1.2500001e-11 -1.2171419
1.0000001e-11 -1.2240828
7.5000006e-12 -1.2423987
5.0000004e-12 -1.2361739
2.5000002e-12 -1.2258539
0.0 -1.2572355
