9.9999997e-10 -0.58877116
9.9749997e-10 -0.57737654
9.9499997e-10 -0.59358895
9.9249997e-10 -0.58031386
9.8999997e-10 -0.55735511
9.8749997e-10 -0.56029081
9.8499997e-10 -0.52896249
9.8249997e-10 -0.55839628
9.7999997e-10 -0.560287
9.7749997e-10 -0.58398485
9.7499997e-10 -0.57345563
9.7249997e-10 -0.55784541
9.6999997e-10 -0.57287556
9.6749997e-10 -0.50849015
9.6499997e-10 -0.59014255
9.6249997e-10 -0.54866523
9.5999997e-10 -0.54766005
9.5749997e-10 -0.55105287
9.5499997e-10 -0.54655135
9.5249997e-10 -0.54196298
9.4999997e-10 -0.55546528
9.4749997e-10 -0.55442452
9.4499997e-10 -0.56736404
9.4249997e-10 -0.56955689
9.3999997e-10 -0.59182626
9.3749997e-10 -0.56449211
9.3499997e-10 -0.52004957
9.3249997e-10 -0.53199947
9.2999997e-10 -0.583009
9.2749997e-10 -0.55356193
9.2499997e-10 -0.54750288
9.2249997e-10 -0.53458899
9.1999997e-10 -0.57652533
9.1749996e-10 -0.54931325
9.1499996e-10 -0.54956657
9.1249996e-10 -0.5216831
9.0999996e-10 -0.55162108
9.0749996e-10 -0.53704202
9.0499996e-10 -0.56129694
9.0249996e-10 -0.53652114
8.9999996e-10 -0.56125182
8.9749996e-10 -0.56368464
8.9499996e-10 -0.53723663
8.9249996e-10 -0.6380614
8.8999996e-10 -0.58189499
8.8749996e-10 -0.52136022
8.8499996e-10 -0.56100488
8.8249996e-10 -0.52587253
8.7999996e-10 -0.61878347
8.7749996e-10 -0.50261843
8.7499996e-10 -0.55616224
8.7249996e-10 -0.60013288
8.6999996e-10 -0.59210587
8.6749996e-10 -0.53857368
8.6499996e-10 -0.5591706
8.6249996e-10 -0.56417334
8.5999996e-10 -0.6268177
8.5749996e-10 -0.51144528
8.5499996e-10 -0.53048342
8.5249996e-10 -0.58289415
8.4999996e-10 -0.58623648
8.4749996e-10 -0.57014179
8.4499996e-10 -0.55106747
8.4249996e-10 -0.60235441
8.3999996e-10 -0.50615239
8.3749996e-10 -0.53537685
8.3499996e-10 -0.55985504
8.3249996e-10 -0.52666956
8.2999996e-10 -0.55276668
8.2749996e-10 -0.57265341
8.2499996e-10 -0.62702239
8.2249996e-10 -0.57042855
8.1999996e-10 -0.56037283
8.1749996e-10 -0.55959934
8.1499996e-10 -0.56952822
8.1249996e-10 -0.55363655
8.0999996e-10 -0.57411522
8.0749996e-10 -0.577968
8.0499996e-10 -0.58738381
8.0249996e-10 -0.59727275
7.9999996e-10 -0.56677675
7.9749995e-10 -0.5639714
7.9499995e-10 -0.59756166
7.9249995e-10 -0.58274883
7.8999995e-10 -0.55011559
7.8749995e-10 -0.59290665
7.8499995e-10 -0.61275703
7.8249995e-10 -0.59830874
7.7999995e-10 -0.57772803
7.7749995e-10 -0.57350016
7.7499995e-10 -0.53543782
7.7249995e-10 -0.6006763
7.6999995e-10 -0.62450677
7.6749995e-10 -0.56126213
7.6499995e-10 -0.60359973
7.6249995e-10 -0.58567441
7.5999995e-10 -0.56983495
7.5749995e-10 -0.57716072
7.5499995e-10 -0.55201793
7.5249995e-10 -0.5640685
7.4999995e-10 -0.58600092
7.4749995e-10 -0.60488707
7.4499995e-10 -0.58924061
7.4249995e-10 -0.62652218
7.3999995e-10 -0.62552589
7.3749995e-10 -0.58106655
7.3499995e-10 -0.5742088
7.3249995e-10 -0.59220302
7.2999995e-10 -0.62085682
7.2749995e-10 -0.58621198
7.2499995e-10 -0.55881286
7.2249995e-10 -0.60932451
7.1999995e-10 -0.61716825
7.1749995e-10 -0.55541754
7.1499995e-10 -0.58878988
7.1249995e-10 -0.6329509
7.0999995e-10 -0.5594911
7.0749995e-10 -0.56847292
7.0499995e-10 -0.60212129
7.0249995e-10 -0.59501326
6.9999995e-10 -0.60409737
6.9749995e-10 -0.60441053
6.9499995e-10 -0.61058587
6.9249995e-10 -0.60074961
6.8999995e-10 -0.58231556
6.8749995e-10 -0.63783276
6.8499995e-10 -0.59087455
6.8249995e-10 -0.60166723
6.7999995e-10 -0.62094837
6.7749995e-10 -0.6027503
6.7499994e-10 -0.61112684
6.7249994e-10 -0.60314155
6.6999994e-10 -0.59529877
6.6749994e-10 -0.60066414
6.6499994e-10 -0.57732254
6.6249994e-10 -0.61997533
6.5999994e-10 -0.60258985
6.5749994e-10 -0.60401052
6.5499994e-10 -0.61802715
6.5249994e-10 -0.56005496
6.4999994e-10 -0.61875802
6.4749994e-10 -0.63626808
6.4499994e-10 -0.62266481
6.4249994e-10 -0.60554892
6.3999994e-10 -0.63505965
6.3749994e-10 -0.62623513
6.3499994e-10 -0.59451437
6.3249994e-10 -0.60458219
6.2999994e-10 -0.63379115
6.2749994e-10 -0.62750888
6.2499994e-10 -0.63648909
6.2249994e-10 -0.58962226
6.1999994e-10 -0.61677134
6.1749994e-10 -0.63255125
6.1499994e-10 -0.64038128
6.1249994e-10 -0.63012844
6.0999994e-10 -0.64117438
6.0749994e-10 -0.64769286
6.0499994e-10 -0.61555707
6.0249994e-10 -0.65147483
5.9999994e-10 -0.58817416
5.9749994e-10 -0.61250538
5.9499994e-10 -0.60317516
5.9249994e-10 -0.61333191
5.8999994e-10 -0.60878664
5.8749994e-10 -0.64644468
5.8499994e-10 -0.61016655
5.8249994e-10 -0.58877552
5.7999994e-10 -0.61596429
5.7749994e-10 -0.63770777
5.7499994e-10 -0.6637103
5.7249994e-10 -0.6163643
5.6999994e-10 -0.62632006
5.6749994e-10 -0.6436559
5.6499994e-10 -0.61726898
5.6249994e-10 -0.62002587
5.5999994e-10 -0.60938287
5.5749994e-10 -0.62700528
5.5499993e-10 -0.62306356
5.5249993e-10 -0.62759554
5.4999993e-10 -0.62046802
5.4749993e-10 -0.62603074
5.4499993e-10 -0.59888357
5.4249993e-10 -0.64477456
5.3999993e-10 -0.64336139
5.3749993e-10 -0.61145431
5.3499993e-10 -0.63788158
5.3249999e-10 -0.64665663
5.2999999e-10 -0.64887321
5.2749999e-10 -0.63765752
5.2499999e-10 -0.62217301
5.2249999e-10 -0.65366733
5.1999999e-10 -0.64022177
5.1749999e-10 -0.633766
5.1499999e-10 -0.63855952
5.1249999e-10 -0.61441362
5.0999999e-10 -0.6412611
5.0749999e-10 -0.62019998
5.0499999e-10 -0.65729159
5.0249999e-10 -0.62905377
4.9999999e-10 -0.6599918
4.9749999e-10 -0.64916021
4.9499999e-10 -0.66506046
4.9249999e-10 -0.63988215
4.8999999e-10 -0.66909289
4.8749998e-10 -0.63345742
4.8499998e-10 -0.68465537
4.8249998e-10 -0.6325165
4.7999998e-10 -0.63497764
4.7749998e-10 -0.66019869
4.7499998e-10 -0.66409624
4.7249998e-10 -0.63772702
4.6999998e-10 -0.60652673
4.6749998e-10 -0.67723024
4.6499998e-10 -0.67496908
4.6249998e-10 -0.6861313
4.5999998e-10 -0.66759247
4.5749998e-10 -0.6730386
4.5499998e-10 -0.66951221
4.5249998e-10 -0.67957014
4.4999998e-10 -0.65336978
4.4749998e-10 -0.68594003
4.4499998e-10 -0.67548054
4.4249998e-10 -0.69995439
4.3999998e-10 -0.66313875
4.3749998e-10 -0.71261191
4.3499998e-10 -0.68160886
4.3249998e-10 -0.67688566
4.2999998e-10 -0.70577341
4.2749998e-10 -0.67988652
4.2499998e-10 -0.68223888
4.2249998e-10 -0.69577348
4.1999998e-10 -0.68478662
4.1749998e-10 -0.70869094
4.1499998e-10 -0.72388691
4.1249998e-10 -0.70139587
4.0999998e-10 -0.67711884
4.0749998e-10 -0.69578916
4.0499998e-10 -0.72061622
4.0249998e-10 -0.67430639
3.9999998e-10 -0.70022506
3.9749998e-10 -0.7219317
3.9499998e-10 -0.71934044
3.9249998e-10 -0.6979416
3.8999998e-10 -0.70938182
3.8749998e-10 -0.70029753
3.8499998e-10 -0.72060847
3.8249998e-10 -0.71432978
3.7999998e-10 -0.72352582
3.7749998e-10 -0.72826409
3.7499998e-10 -0.74875653
3.7249998e-10 -0.72388905
3.6999998e-10 -0.69659591
3.6749997e-10 -0.72706455
3.6499997e-10 -0.75312793
3.6249997e-10 -0.75721651
3.5999997e-10 -0.70970291
3.5749997e-10 -0.71685994
3.5499997e-10 -0.7281912
3.5249997e-10 -0.73091966
3.4999997e-10 -0.71508652
3.4749997e-10 -0.73875779
3.4499997e-10 -0.71082401
3.4249997e-10 -0.73370969
3.3999997e-10 -0.76513726
3.3749997e-10 -0.75122076
3.3499997e-10 -0.73490393
3.3249997e-10 -0.73459917
3.2999997e-10 -0.76460242
3.2749997e-10 -0.78658944
3.2499997e-10 -0.7152254
3.2249997e-10 -0.73694247
3.1999997e-10 -0.77642745
3.1749997e-10 -0.76046866
3.1499997e-10 -0.75604999
3.1249997e-10 -0.77042753
3.0999997e-10 -0.76874846
3.0749997e-10 -0.7901184
3.0499997e-10 -0.78520447
3.0249997e-10 -0.77177399
2.9999997e-10 -0.76568639
2.9749997e-10 -0.80742639
2.9499997e-10 -0.78215176
2.9249997e-10 -0.78054273
2.8999997e-10 -0.79751706
2.8749997e-10 -0.75889426
2.8499997e-10 -0.77655631
2.8249997e-10 -0.79900748
2.7999997e-10 -0.79684514
2.7749997e-10 -0.81834126
2.7499997e-10 -0.77351791
2.7249997e-10 -0.79714054
2.6999997e-10 -0.80078429
2.6749997e-10 -0.78048009
2.6499997e-10 -0.84901816
2.6249997e-10 -0.80995315
2.5999997e-10 -0.79019493
2.5749997e-10 -0.80190051
2.5499997e-10 -0.80576473
2.5249997e-10 -0.82052261
2.4999997e-10 -0.83107632
2.4749996e-10 -0.80064642
2.4499996e-10 -0.81213677
2.4249996e-10 -0.81091183
2.3999996e-10 -0.83130449
2.3749996e-10 -0.81189144
2.3499996e-10 -0.84218031
2.3249996e-10 -0.83943242
2.2999996e-10 -0.83891004
2.2749996e-10 -0.86808372
2.2499996e-10 -0.86733013
2.2249996e-10 -0.84723991
2.1999996e-10 -0.87371635
2.1749996e-10 -0.85209531
2.1499996e-10 -0.85690439
2.1249996e-10 -0.84758002
2.0999996e-10 -0.87206548
2.0749996e-10 -0.89498371
2.0499996e-10 -0.89332908
2.0249996e-10 -0.83642143
1.9999996e-10 -0.90780312
1.9749996e-10 -0.8512879
1.9499996e-10 -0.87552613
1.9249996e-10 -0.90357625
1.8999996e-10 -0.88245273
1.8749996e-10 -0.87577212
1.8499996e-10 -0.90514761
1.8249996e-10 -0.8825444
1.7999996e-10 -0.90603977
1.7749996e-10 -0.93174851
1.7499996e-10 -0.94269246
1.7249996e-10 -0.92751867
1.6999996e-10 -0.96479374
1.6749996e-10 -0.93383104
1.6499996e-10 -0.96406871
1.6249996e-10 -0.98959136
1.5999996e-10 -0.92672902
1.5749996e-10 -0.98944926
1.5499996e-10 -0.9639408
1.5249996e-10 -0.97145641
1.4999996e-10 -1.0121552
1.4749996e-10 -1.0238439
1.4499996e-10 -1.0257541
1.4249996e-10 -0.99626434
1.3999996e-10 -1.0444478
1.3749996e-10 -1.0506544
1.3499996e-10 -1.0550938
1.3249996e-10 -1.0668528
1.2999996e-10 -1.0865774
1.2749996e-10 -1.0615127
1.2499995e-10 -1.0515666
1.2249995e-10 -1.106202
1.1999995e-10 -1.1045225
1.1749995e-10 -1.0928741
1.1499995e-10 -1.1039009
1.1249995e-10 -1.142271
1.0999995e-10 -1.1216654
1.0749995e-10 -1.1574709
1.0499995e-10 -1.156629
1.0249995e-10 -1.1515197
9.9999953e-11 -1.1676828
9.7499953e-11 -1.2025192
9.4999952e-11 -1.1846044
9.2499952e-11 -1.2322168
8.9999952e-11 -1.1733592
8.7499952e-11 -1.2317257
8.4999952e-11 -1.1873244
8.2499951e-11 -1.2119805
7.9999951e-11 -1.2383641
7.7499951e-11 -1.2794055
7.4999951e-11 -1.2162608
7.249995e-11 -1.2339615
6.999995e-11 -1.2194349
6.7500006e-11 -1.2614433
6.5000005e-11 -1.2569025
6.2500005e-11 -1.2361854
6.0000005e-11 -1.275286
5.7500005e-11 -1.2755985
5.5000005e-11 -1.2516358
5.2500004e-11 -1.3069452
5.0000004e-11 -1.2917566
4.7500004e-11 -1.3253956
4.5000004e-11 -1.2857134
4.2500004e-11 -1.2409443
4.0000003e-11 -1.2947884
3.7500003e-11 -1.314104
3.5000003e-11 -1.3350546
3.2500003e-11 -1.3274046
3.0000002e-11 -1.3251021
2.7500002e-11 -1.3493712
2.5000002e-11 -1.2869827
2.2500002e-11 -1.342568
2.0000002e-11 -1.3449593
1.7500001e-11 -1.3728083
1.5000001e-11 -1.3984662
1.2500001e-11 -1.3718574
1.0000001e-11 -1.3412193
7.5000006e-12 -1.3349259
5.0000004e-12 -1.3429275
2.5000002e-12 -1.3582846
0.0 -1.334355
