9.9999997e-10 -0.48918143
9.9749997e-10 -0.51866019
9.9499997e-10 -0.50965822
9.9249997e-10 -0.53548771
9.8999997e-10 -0.49756235
9.8749997e-10 -0.50853163
9.8499997e-10 -0.51456231
9.8249997e-10 -0.52097428
9.7999997e-10 -0.52312684
9.7749997e-10 -0.53752983
9.7499997e-10 -0.52807915
9.7249997e-10 -0.50925642
9.6999997e-10 -0.5229339
9.6749997e-10 -0.53284037
9.6499997e-10 -0.513004
9.6249997e-10 -0.50602466
9.5999997e-10 -0.50044447
9.5749997e-10 -0.52734804
9.5499997e-10 -0.53433388
9.5249997e-10 -0.50097895
9.4999997e-10 -0.49996328
9.4749997e-10 -0.53571111
9.4499997e-10 -0.50953406
9.4249997e-10 -0.52243888
9.3999997e-10 -0.54004562
9.3749997e-10 -0.55603468
9.3499997e-10 -0.51403493
9.3249997e-10 -0.50651067
9.2999997e-10 -0.52091175
9.2749997e-10 -0.52295178
9.2499997e-10 -0.52231294
9.2249997e-10 -0.52845955
9.1999997e-10 -0.52227241
9.1749996e-10 -0.52700299
9.1499996e-10 -0.53203714
9.1249996e-10 -0.52689403
9.0999996e-10 -0.53651041
9.0749996e-10 -0.52819854
9.0499996e-10 -0.55842495
9.0249996e-10 -0.56175423
8.9999996e-10 -0.52555758
8.9749996e-10 -0.51932073
8.9499996e-10 -0.5229609
8.9249996e-10 -0.50946593
8.8999996e-10 -0.5515483
8.8749996e-10 -0.52748042
8.8499996e-10 -0.5235182
8.8249996e-10 -0.53744715
8.7999996e-10 -0.54167432
8.7749996e-10 -0.49055859
8.7499996e-10 -0.52368534
8.7249996e-10 -0.50847203
8.6999996e-10 -0.53025985
8.6749996e-10 -0.54606396
8.6499996e-10 -0.55810148
8.6249996e-10 -0.53653544
8.5999996e-10 -0.53967029
8.5749996e-10 -0.51425505
8.5499996e-10 -0.56189394
8.5249996e-10 -0.52168673
8.4999996e-10 -0.54010618
8.4749996e-10 -0.55411452
8.4499996e-10 -0.54090017
8.4249996e-10 -0.51542586
8.3999996e-10 -0.53560007
8.3749996e-10 -0.51562274
8.3499996e-10 -0.55305111
8.3249996e-10 -0.51605624
8.2999996e-10 -0.52364844
8.2749996e-10 -0.52758425
8.2499996e-10 -0.54266489
8.2249996e-10 -0.53129345
8.1999996e-10 -0.56436908
8.1749996e-10 -0.52302194
8.1499996e-10 -0.54936677
8.1249996e-10 -0.52089936
8.0999996e-10 -0.52323949
8.0749996e-10 -0.52085298
8.0499996e-10 -0.51529044
8.0249996e-10 -0.52384555
7.9999996e-10 -0.52092636
7.9749995e-10 -0.57833123
7.9499995e-10 -0.5402388
7.9249995e-10 -0.52728552
7.8999995e-10 -0.52507627
7.8749995e-10 -0.54106444
7.8499995e-10 -0.53722101
7.8249995e-10 -0.5522539
7.7999995e-10 -0.5530501
7.7749995e-10 -0.57472402
7.7499995e-10 -0.5189777
7.7249995e-10 -0.55511749
7.6999995e-10 -0.54740715
7.6749995e-10 -0.5535205
7.6499995e-10 -0.5376907
7.6249995e-10 -0.57752383
7.5999995e-10 -0.56666422
7.5749995e-10 -0.53079718
7.5499995e-10 -0.55750835
7.5249995e-10 -0.53710407
7.4999995e-10 -0.58031839
7.4749995e-10 -0.55836153
7.4499995e-10 -0.51135761
7.4249995e-10 -0.53303051
7.3999995e-10 -0.55053222
7.3749995e-10 -0.57142168
7.3499995e-10 -0.54298174
7.3249995e-10 -0.52031034
7.2999995e-10 -0.57544148
7.2749995e-10 -0.54508156
7.2499995e-10 -0.5587436
7.2249995e-10 -0.52914131
7.1999995e-10 -0.55585968
7.1749995e-10 -0.55468625
7.1499995e-10 -0.54021066
7.1249995e-10 -0.55592978
7.0999995e-10 -0.51725709
7.0749995e-10 -0.5714013
7.0499995e-10 -0.57969946
7.0249995e-10 -0.53540188
6.9999995e-10 -0.559645
6.9749995e-10 -0.56805289
6.9499995e-10 -0.57480013
6.9249995e-10 -0.53205907
6.8999995e-10 -0.58508664
6.8749995e-10 -0.57769275
6.8499995e-10 -0.54728085
6.8249995e-10 -0.57407022
6.7999995e-10 -0.56619686
6.7749995e-10 -0.54912943
6.7499994e-10 -0.55110854
6.7249994e-10 -0.56183422
6.6999994e-10 -0.58601189
6.6749994e-10 -0.567653
6.6499994e-10 -0.56714702
6.6249994e-10 -0.56400198
6.5999994e-10 -0.57143867
6.5749994e-10 -0.54856259
6.5499994e-10 -0.60373431
6.5249994e-10 -0.57609385
6.4999994e-10 -0.57975221
6.4749994e-10 -0.54341143
6.4499994e-10 -0.56066895
6.4249994e-10 -0.57974136
6.3999994e-10 -0.57805729
6.3749994e-10 -0.57732439
6.3499994e-10 -0.5946753
6.3249994e-10 -0.55848885
6.2999994e-10 -0.58080584
6.2749994e-10 -0.55136335
6.2499994e-10 -0.59865475
6.2249994e-10 -0.60332042
6.1999994e-10 -0.56603444
6.1749994e-10 -0.60740447
6.1499994e-10 -0.60683537
6.1249994e-10 -0.56832808
6.0999994e-10 -0.58660936
6.0749994e-10 -0.55552745
6.0499994e-10 -0.5737713
6.0249994e-10 -0.59497124
5.9999994e-10 -0.60596681
5.9749994e-10 -0.57440907
5.9499994e-10 -0.58072543
5.9249994e-10 -0.59076643
5.8999994e-10 -0.55952537
5.8749994e-10 -0.60202819
5.8499994e-10 -0.59625477
5.8249994e-10 -0.56078935
5.7999994e-10 -0.55649519
5.7749994e-10 -0.60508031
5.7499994e-10 -0.58336598
5.7249994e-10 -0.59077251
5.6999994e-10 -0.59682369
5.6749994e-10 -0.60244536
5.6499994e-10 -0.58571339
5.6249994e-10 -0.61527067
5.5999994e-10 -0.60187185
5.5749994e-10 -0.58687901
5.5499993e-10 -0.62111235
5.5249993e-10 -0.59985942
5.4999993e-10 -0.58992511
5.4749993e-10 -0.60699838
5.4499993e-10 -0.61961132
5.4249993e-10 -0.61714548
5.3999993e-10 -0.61700606
5.3749993e-10 -0.61308974
5.3499993e-10 -0.61994481
5.3249999e-10 -0.60337973
5.2999999e-10 -0.62916291
5.2749999e-10 -0.60317177
5.2499999e-10 -0.61182404
5.2249999e-10 -0.57699418
5.1999999e-10 -0.6309188
5.1749999e-10 -0.61714852
5.1499999e-10 -0.62415177
5.1249999e-10 -0.62382382
5.0999999e-10 -0.61069858
5.0749999e-10 -0.62674969
5.0499999e-10 -0.64511979
5.0249999e-10 -0.60361153
4.9999999e-10 -0.6463353
4.9749999e-10 -0.58890426
4.9499999e-10 -0.60293978
4.9249999e-10 -0.62695795
4.8999999e-10 -0.63838202
4.8749998e-10 -0.65756023
4.8499998e-10 -0.63434011
4.8249998e-10 -0.64531046
4.7999998e-10 -0.66152287
4.7749998e-10 -0.62294281
4.7499998e-10 -0.64595985
4.7249998e-10 -0.67320722
4.6999998e-10 -0.6437363
4.6749998e-10 -0.65544802
4.6499998e-10 -0.63779187
4.6249998e-10 -0.61205751
4.5999998e-10 -0.63380826
4.5749998e-10 -0.67558974
4.5499998e-10 -0.63867247
4.5249998e-10 -0.65821534
4.4999998e-10 -0.63517547
4.4749998e-10 -0.66455305
4.4499998e-10 -0.64618826
4.4249998e-10 -0.66164458
4.3999998e-10 -0.65896302
4.3749998e-10 -0.65798199
4.3499998e-10 -0.63245994
4.3249998e-10 -0.66628116
4.2999998e-10 -0.65843773
4.2749998e-10 -0.66045642
4.2499998e-10 -0.67571998
4.2249998e-10 -0.6386736
4.1999998e-10 -0.66851163
4.1749998e-10 -0.68349934
4.1499998e-10 -0.65597451
4.1249998e-10 -0.65674967
4.0999998e-10 -0.67258602
4.0749998e-10 -0.63438171
4.0499998e-10 -0.68311888
4.0249998e-10 -0.72028613
3.9999998e-10 -0.68826514
3.9749998e-10 -0.71026647
3.9499998e-10 -0.69073862
3.9249998e-10 -0.68292266
3.8999998e-10 -0.72179294
3.8749998e-10 -0.71516764
3.8499998e-10 -0.6789825
3.8249998e-10 -0.71006089
3.7999998e-10 -0.69766343
3.7749998e-10 -0.6960662
3.7499998e-10 -0.69085598
3.7249998e-10 -0.73133188
3.6999998e-10 -0.68507522
3.6749997e-10 -0.72773218
3.6499997e-10 -0.71370155
3.6249997e-10 -0.71991575
3.5999997e-10 -0.7378304
3.5749997e-10 -0.74976867
3.5499997e-10 -0.75575072
3.5249997e-10 -0.74888641
3.4999997e-10 -0.75561637
3.4749997e-10 -0.78085917
3.4499997e-10 -0.74455273
3.4249997e-10 -0.75527078
3.3999997e-10 -0.7612263
3.3749997e-10 -0.76138955
3.3499997e-10 -0.77471876
3.3249997e-10 -0.76458031
3.2999997e-10 -0.76708072
3.2749997e-10 -0.76869017
3.2499997e-10 -0.79153872
3.2249997e-10 -0.78871459
3.1999997e-10 -0.78119576
3.1749997e-10 -0.77762824
3.1499997e-10 -0.8139146
3.1249997e-10 -0.80093443
3.0999997e-10 -0.83872509
3.0749997e-10 -0.83013743
3.0499997e-10 -0.81912088
3.0249997e-10 -0.80150676
2.9999997e-10 -0.81123579
2.9749997e-10 -0.79406244
2.9499997e-10 -0.84848118
2.9249997e-10 -0.84095883
2.8999997e-10 -0.83820897
2.8749997e-10 -0.81245238
2.8499997e-10 -0.81450611
2.8249997e-10 -0.82200235
2.7999997e-10 -0.82313442
2.7749997e-10 -0.81276965
2.7499997e-10 -0.85099232
2.7249997e-10 -0.85925734
2.6999997e-10 -0.85815173
2.6749997e-10 -0.822442
2.6499997e-10 -0.82565993
2.6249997e-10 -0.85343516
2.5999997e-10 -0.85864574
2.5749997e-10 -0.85641485
2.5499997e-10 -0.8361342
2.5249997e-10 -0.85033709
2.4999997e-10 -0.81509721
2.4749996e-10 -0.8723411
2.4499996e-10 -0.85816711
2.4249996e-10 -0.86140436
2.3999996e-10 -0.87187934
2.3749996e-10 -0.86510432
2.3499996e-10 -0.83146608
2.3249996e-10 -0.85195106
2.2999996e-10 -0.87331516
2.2749996e-10 -0.8796677
2.2499996e-10 -0.86299163
2.2249996e-10 -0.86153042
2.1999996e-10 -0.89349157
2.1749996e-10 -0.88185948
2.1499996e-10 -0.85184187
2.1249996e-10 -0.86906993
2.0999996e-10 -0.8697018
2.0749996e-10 -0.86781305
2.0499996e-10 -0.86985952
2.0249996e-10 -0.87552851
1.9999996e-10 -0.86236733
1.9749996e-10 -0.87483877
1.9499996e-10 -0.89202416
1.9249996e-10 -0.89190251
1.8999996e-10 -0.90372717
1.8749996e-10 -0.8662219
1.8499996e-10 -0.89415532
1.8249996e-10 -0.92789066
1.7999996e-10 -0.86341417
1.7749996e-10 -0.9164784
1.7499996e-10 -0.91389501
1.7249996e-10 -0.90687197
1.6999996e-10 -0.91080421
1.6749996e-10 -0.93527985
1.6499996e-10 -0.90127152
1.6249996e-10 -0.91028041
1.5999996e-10 -0.89378154
1.5749996e-10 -0.93076622
1.5499996e-10 -0.9497602
1.5249996e-10 -0.96134001
1.4999996e-10 -0.94966263
1.4749996e-10 -0.94381255
1.4499996e-10 -0.9785015
1.4249996e-10 -0.94872713
1.3999996e-10 -0.97539109
1.3749996e-10 -0.97443879
1.3499996e-10 -0.96082026
1.3249996e-10 -0.96010679
1.2999996e-10 -0.98529911
1.2749996e-10 -0.97199947
1.2499995e-10 -0.96602362
1.2249995e-10 -0.97718066
1.1999995e-10 -1.0059547
1.1749995e-10 -0.96959555
1.1499995e-10 -0.99805969
1.1249995e-10 -1.01528
1.0999995e-10 -0.99660295
1.0749995e-10 -1.014681
1.0499995e-10 -0.9700225
1.0249995e-10 -1.0045156
9.9999953e-11 -1.0108695
9.7499953e-11 -1.0243107
9.4999952e-11 -1.0261917
9.2499952e-11 -1.0430809
8.9999952e-11 -1.031492
8.7499952e-11 -1.0404913
8.4999952e-11 -1.0613037
8.2499951e-11 -1.0487661
7.9999951e-11 -1.0398011
7.7499951e-11 -1.0577174
7.4999951e-11 -1.0918334
7.249995e-11 -1.0542924
6.999995e-11 -1.0471201
6.7500006e-11 -1.066842
6.5000005e-11 -1.0862001
6.2500005e-11 -1.0895813
6.0000005e-11 -1.1016158
5.7500005e-11 -1.0828112
5.5000005e-11 -1.0889393
5.2500004e-11 -1.1383786
5.0000004e-11 -1.163777
4.7500004e-11 -1.1425823
4.5000004e-11 -1.1194736
4.2500004e-11 -1.1151658
4.0000003e-11 -1.104573
3.7500003e-11 -1.1484751
3.5000003e-11 -1.173949
3.2500003e-11 -1.1499403
3.0000002e-11 -1.1747776
2.7500002e-11 -1.1985765
2.5000002e-11 -1.1754639
2.2500002e-11 -1.1638087
2.0000002e-11 -1.1688602
1.7500001e-11 -1.2166495
1.5000001e-11 -1.1938193
1.2500001e-11 -1.194986
1.0000001e-11 -1.2112572
7.5000006e-12 -1.216163
5.0000004e-12 -1.2100929
2.5000002e-12 -1.2329881
0.0 -1.2237748
