9.9999997e-10 -0.58088565
9.9749997e-10 -0.53407878
9.9499997e-10 -0.56041139
9.9249997e-10 -0.52641261
9.8999997e-10 -0.56084102
9.8749997e-10 -0.52046102
9.8499997e-10 -0.5558852
9.8249997e-10 -0.5736835
9.7999997e-10 -0.55294204
9.7749997e-10 -0.58736116
9.7499997e-10 -0.57624352
9.7249997e-10 -0.56024486
9.6999997e-10 -0.53824592
9.6749997e-10 -0.57508427
9.6499997e-10 -0.56743985
9.6249997e-10 -0.55436766
9.5999997e-10 -0.57786459
9.5749997e-10 -0.52238429
9.5499997e-10 -0.5900777
9.5249997e-10 -0.55497169
9.4999997e-10 -0.56737512
9.4749997e-10 -0.5858835
9.4499997e-10 -0.54421157
9.4249997e-10 -0.55845237
9.3999997e-10 -0.53744
9.3749997e-10 -0.58043647
9.3499997e-10 -0.56832886
9.3249997e-10 -0.53615838
9.2999997e-10 -0.55808109
9.2749997e-10 -0.55898178
9.2499997e-10 -0.56952345
9.2249997e-10 -0.57884705
9.1999997e-10 -0.54754364
9.1749996e-10 -0.52942586
9.1499996e-10 -0.57437462
9.1249996e-10 -0.5657863
9.0999996e-10 -0.56410283
9.0749996e-10 -0.58133268
9.0499996e-10 -0.53068143
9.0249996e-10 -0.58840406
8.9999996e-10 -0.55383807
8.9749996e-10 -0.57919282
8.9499996e-10 -0.55728972
8.9249996e-10 -0.57214981
8.8999996e-10 -0.56825632
8.8749996e-10 -0.57841194
8.8499996e-10 -0.58422881
8.8249996e-10 -0.51097584
8.7999996e-10 -0.58135879
8.7749996e-10 -0.52185738
8.7499996e-10 -0.55067235
8.7249996e-10 -0.54109871
8.6999996e-10 -0.53828901
8.6749996e-10 -0.56668055
8.6499996e-10 -0.55288607
8.6249996e-10 -0.56206822
8.5999996e-10 -0.56883377
8.5749996e-10 -0.56716478
8.5499996e-10 -0.56334072
8.5249996e-10 -0.55144054
8.4999996e-10 -0.57532537
8.4749996e-10 -0.56360817
8.4499996e-10 -0.55196655
8.4249996e-10 -0.54794854
8.3999996e-10 -0.57202208
8.3749996e-10 -0.59211338
8.3499996e-10 -0.54245657
8.3249996e-10 -0.55931699
8.2999996e-10 -0.55269015
8.2749996e-10 -0.55265653
8.2499996e-10 -0.54366821
8.2249996e-10 -0.5768714
8.1999996e-10 -0.54650974
8.1749996e-10 -0.56146634
8.1499996e-10 -0.59018278
8.1249996e-10 -0.5825904
8.0999996e-10 -0.58001065
8.0749996e-10 -0.53467113
8.0499996e-10 -0.57809556
8.0249996e-10 -0.5779404
7.9999996e-10 -0.58004564
7.9749995e-10 -0.5686059
7.9499995e-10 -0.60672176
7.9249995e-10 -0.59064579
7.8999995e-10 -0.58871198
7.8749995e-10 -0.60977221
7.8499995e-10 -0.58919364
7.8249995e-10 -0.5668689
7.7999995e-10 -0.56370354
7.7749995e-10 -0.55659449
7.7499995e-10 -0.57246655
7.7249995e-10 -0.57261395
7.6999995e-10 -0.60097575
7.6749995e-10 -0.59050369
7.6499995e-10 -0.57915813
7.6249995e-10 -0.56989956
7.5999995e-10 -0.59867334
7.5749995e-10 -0.59801924
7.5499995e-10 -0.58745456
7.5249995e-10 -0.57443804
7.4999995e-10 -0.59032965
7.4749995e-10 -0.57633024
7.4499995e-10 -0.59824401
7.4249995e-10 -0.59261811
7.3999995e-10 -0.58418757
7.3749995e-10 -0.57630336
7.3499995e-10 -0.59905064
7.3249995e-10 -0.58718222
7.2999995e-10 -0.58840573
7.2749995e-10 -0.61904633
7.2499995e-10 -0.59021974
7.2249995e-10 -0.55159932
7.1999995e-10 -0.58021837
7.1749995e-10 -0.57455945
7.1499995e-10 -0.61044753
7.1249995e-10 -0.60608059
7.0999995e-10 -0.5938471
7.0749995e-10 -0.56472433
7.0499995e-10 -0.59769839
7.0249995e-10 -0.59366107
6.9999995e-10 -0.5825637
6.9749995e-10 -0.61528826
6.9499995e-10 -0.60301477
6.9249995e-10 -0.60631543
6.8999995e-10 -0.5789783
6.8749995e-10 -0.59587306
6.8499995e-10 -0.6269055
6.8249995e-10 -0.60088575
6.7999995e-10 -0.59701854
6.7749995e-10 -0.60164809
6.7499994e-10 -0.5774827
6.7249994e-10 -0.57686174
6.6999994e-10 -0.61873835
6.6749994e-10 -0.58108902
6.6499994e-10 -0.5868153
6.6249994e-10 -0.59454441
6.5999994e-10 -0.58769226
6.5749994e-10 -0.58840781
6.5499994e-10 -0.62560356
6.5249994e-10 -0.59461141
6.4999994e-10 -0.60557544
6.4749994e-10 -0.62477034
6.4499994e-10 -0.60193974
6.4249994e-10 -0.58981359
6.3999994e-10 -0.59523511
6.3749994e-10 -0.62419432
6.3499994e-10 -0.62423182
6.3249994e-10 -0.6220873
6.2999994e-10 -0.62058502
6.2749994e-10 -0.60684443
6.2499994e-10 -0.62510669
6.2249994e-10 -0.63540024
6.1999994e-10 -0.62454951
6.1749994e-10 -0.63528711
6.1499994e-10 -0.59910554
6.1249994e-10 -0.61050814
6.0999994e-10 -0.63416785
6.0749994e-10 -0.6266619
6.0499994e-10 -0.62773937
6.0249994e-10 -0.61728299
5.9999994e-10 -0.64596725
5.9749994e-10 -0.61843514
5.9499994e-10 -0.60951775
5.9249994e-10 -0.6483804
5.8999994e-10 -0.64575619
5.8749994e-10 -0.67495984
5.8499994e-10 -0.63388598
5.8249994e-10 -0.66019768
5.7999994e-10 -0.60311204
5.7749994e-10 -0.66984445
5.7499994e-10 -0.65687573
5.7249994e-10 -0.63361317
5.6999994e-10 -0.64382839
5.6749994e-10 -0.64539039
5.6499994e-10 -0.64353883
5.6249994e-10 -0.66563976
5.5999994e-10 -0.64361233
5.5749994e-10 -0.67226785
5.5499993e-10 -0.68054503
5.5249993e-10 -0.67579997
5.4999993e-10 -0.70764363
5.4749993e-10 -0.69824606
5.4499993e-10 -0.71271807
5.4249993e-10 -0.71393085
5.3999993e-10 -0.68746644
5.3749993e-10 -0.70889872
5.3499993e-10 -0.7200793
5.3249999e-10 -0.71974307
5.2999999e-10 -0.71857041
5.2749999e-10 -0.73170799
5.2499999e-10 -0.71222848
5.2249999e-10 -0.7399826
5.1999999e-10 -0.75186819
5.1749999e-10 -0.72555846
5.1499999e-10 -0.76267159
5.1249999e-10 -0.72367817
5.0999999e-10 -0.74735427
5.0749999e-10 -0.7449401
5.0499999e-10 -0.71934712
5.0249999e-10 -0.76960951
4.9999999e-10 -0.76128542
4.9749999e-10 -0.74515492
4.9499999e-10 -0.76601458
4.9249999e-10 -0.77887112
4.8999999e-10 -0.77297622
4.8749998e-10 -0.78310603
4.8499998e-10 -0.75326699
4.8249998e-10 -0.76854253
4.7999998e-10 -0.77342147
4.7749998e-10 -0.79327327
4.7499998e-10 -0.77633381
4.7249998e-10 -0.77842027
4.6999998e-10 -0.74936861
4.6749998e-10 -0.76716065
4.6499998e-10 -0.77630526
4.6249998e-10 -0.75902218
4.5999998e-10 -0.7909562
4.5749998e-10 -0.79484499
4.5499998e-10 -0.76013017
4.5249998e-10 -0.77667844
4.4999998e-10 -0.78000289
4.4749998e-10 -0.79059935
4.4499998e-10 -0.81411099
4.4249998e-10 -0.76665568
4.3999998e-10 -0.78287262
4.3749998e-10 -0.77731353
4.3499998e-10 -0.77500969
4.3249998e-10 -0.75301671
4.2999998e-10 -0.76638186
4.2749998e-10 -0.75994617
4.2499998e-10 -0.77501357
4.2249998e-10 -0.76889545
4.1999998e-10 -0.78252029
4.1749998e-10 -0.77120686
4.1499998e-10 -0.78690052
4.1249998e-10 -0.77343762
4.0999998e-10 -0.7565636
4.0749998e-10 -0.76462394
4.0499998e-10 -0.74944836
4.0249998e-10 -0.78067935
3.9999998e-10 -0.76986164
3.9749998e-10 -0.80414408
3.9499998e-10 -0.77696246
3.9249998e-10 -0.74946964
3.8999998e-10 -0.76880348
3.8749998e-10 -0.75675136
3.8499998e-10 -0.76151139
3.8249998e-10 -0.75785309
3.7999998e-10 -0.80865848
3.7749998e-10 -0.77943033
3.7499998e-10 -0.7657513
3.7249998e-10 -0.73762858
3.6999998e-10 -0.74979919
3.6749997e-10 -0.74575281
3.6499997e-10 -0.77565873
3.6249997e-10 -0.73510408
3.5999997e-10 -0.79184175
3.5749997e-10 -0.77914232
3.5499997e-10 -0.75134051
3.5249997e-10 -0.77479166
3.4999997e-10 -0.7700302
3.4749997e-10 -0.77424419
3.4499997e-10 -0.76696336
3.4249997e-10 -0.77858317
3.3999997e-10 -0.7584765
3.3749997e-10 -0.76699954
3.3499997e-10 -0.78007293
3.3249997e-10 -0.79284871
3.2999997e-10 -0.76820862
3.2749997e-10 -0.78970462
3.2499997e-10 -0.80515051
3.2249997e-10 -0.7769199
3.1999997e-10 -0.76730645
3.1749997e-10 -0.80239135
3.1499997e-10 -0.78244829
3.1249997e-10 -0.77658546
3.0999997e-10 -0.78827965
3.0749997e-10 -0.79412985
3.0499997e-10 -0.77769607
3.0249997e-10 -0.82291621
2.9999997e-10 -0.78971452
2.9749997e-10 -0.77597123
2.9499997e-10 -0.80530441
2.9249997e-10 -0.81391495
2.8999997e-10 -0.83131832
2.8749997e-10 -0.82604706
2.8499997e-10 -0.83510697
2.8249997e-10 -0.81764793
2.7999997e-10 -0.78726017
2.7749997e-10 -0.81364399
2.7499997e-10 -0.83972913
2.7249997e-10 -0.82347357
2.6999997e-10 -0.86045748
2.6749997e-10 -0.82869172
2.6499997e-10 -0.82872003
2.6249997e-10 -0.83458221
2.5999997e-10 -0.87238604
2.5749997e-10 -0.83357251
2.5499997e-10 -0.87878305
2.5249997e-10 -0.83494848
2.4999997e-10 -0.83488065
2.4749996e-10 -0.84172338
2.4499996e-10 -0.83980292
2.4249996e-10 -0.87369961
2.3999996e-10 -0.88163316
2.3749996e-10 -0.86403984
2.3499996e-10 -0.86052555
2.3249996e-10 -0.89330518
2.2999996e-10 -0.85748178
2.2749996e-10 -0.8604452
2.2499996e-10 -0.87990361
2.2249996e-10 -0.88728142
2.1999996e-10 -0.86699647
2.1749996e-10 -0.8783139
2.1499996e-10 -0.90516239
2.1249996e-10 -0.89806008
2.0999996e-10 -0.86723906
2.0749996e-10 -0.89438719
2.0499996e-10 -0.88579762
2.0249996e-10 -0.89414233
1.9999996e-10 -0.93220633
1.9749996e-10 -0.89862061
1.9499996e-10 -0.92146581
1.9249996e-10 -0.92105663
1.8999996e-10 -0.91218048
1.8749996e-10 -0.92765892
1.8499996e-10 -0.95032412
1.8249996e-10 -0.93118644
1.7999996e-10 -0.92452377
1.7749996e-10 -0.9592343
1.7499996e-10 -0.92796755
1.7249996e-10 -0.95866942
1.6999996e-10 -0.95636117
1.6749996e-10 -0.9439888
1.6499996e-10 -0.93108594
1.6249996e-10 -0.96489763
1.5999996e-10 -0.95303404
1.5749996e-10 -0.95345747
1.5499996e-10 -0.94146919
1.5249996e-10 -0.99476564
1.4999996e-10 -0.99427414
1.4749996e-10 -1.0158105
1.4499996e-10 -0.98175567
1.4249996e-10 -1.0266421
1.3999996e-10 -1.0074632
1.3749996e-10 -0.99451679
1.3499996e-10 -1.0294588
1.3249996e-10 -1.0430093
1.2999996e-10 -1.0341069
1.2749996e-10 -1.0669118
1.2499995e-10 -1.0309789
1.2249995e-10 -1.0252142
1.1999995e-10 -1.0401894
1.1749995e-10 -1.0129329
1.1499995e-10 -1.0481998
1.1249995e-10 -1.0396134
1.0999995e-10 -1.0320209
1.0749995e-10 -1.0658817
1.0499995e-10 -1.0720454
1.0249995e-10 -1.0865818
9.9999953e-11 -1.0945996
9.7499953e-11 -1.0313692
9.4999952e-11 -1.0402362
9.2499952e-11 -1.0727181
8.9999952e-11 -1.0795044
8.7499952e-11 -1.0866842
8.4999952e-11 -1.1225158
8.2499951e-11 -1.1205412
7.9999951e-11 -1.1039749
7.7499951e-11 -1.1159536
7.4999951e-11 -1.0893525
7.249995e-11 -1.1037149
6.999995e-11 -1.1512743
6.7500006e-11 -1.1642921
6.5000005e-11 -1.1402624
6.2500005e-11 -1.1460888
6.0000005e-11 -1.1419381
5.7500005e-11 -1.1298686
5.5000005e-11 -1.1761198
5.2500004e-11 -1.1664453
5.0000004e-11 -1.1970943
4.7500004e-11 -1.1613597
4.5000004e-11 -1.1944699
4.2500004e-11 -1.18819
4.0000003e-11 -1.1907499
3.7500003e-11 -1.2160604
3.5000003e-11 -1.2148597
3.2500003e-11 -1.2445166
3.0000002e-11 -1.2301332
2.7500002e-11 -1.2486562
2.5000002e-11 -1.2422704
2.2500002e-11 -1.2247097
2.0000002e-11 -1.2610013
1.7500001e-11 -1.297718
1.5000001e-11 -1.28005
1.2500001e-11 -1.2785529
1.0000001e-11 -1.2810876
7.5000006e-12 -1.3245932
5.0000004e-12 -1.2991098
2.5000002e-12 -1.313561
0.0 -1.3292872
