9.9999997e-10 -0.53643864
9.9749997e-10 -0.53104651
9.9499997e-10 -0.52100796
9.9249997e-10 -0.52920204
9.8999997e-10 -0.541228
9.8749997e-10 -0.54128706
9.8499997e-10 -0.52551025
9.8249997e-10 -0.52271336
9.7999997e-10 -0.51217294
9.7749997e-10 -0.51404917
9.7499997e-10 -0.53959244
9.7249997e-10 -0.53484929
9.6999997e-10 -0.52024317
9.6749997e-10 -0.53879243
9.6499997e-10 -0.52000099
9.6249997e-10 -0.52538604
9.5999997e-10 -0.5202598
9.5749997e-10 -0.52255791
9.5499997e-10 -0.54387236
9.5249997e-10 -0.48610309
9.4999997e-10 -0.54301405
9.4749997e-10 -0.54601079
9.4499997e-10 -0.55980062
9.4249997e-10 -0.55250973
9.3999997e-10 -0.50464702
9.3749997e-10 -0.53550994
9.3499997e-10 -0.53558958
9.3249997e-10 -0.51163077
9.2999997e-10 -0.52963465
9.2749997e-10 -0.5536446
9.2499997e-10 -0.52469695
9.2249997e-10 -0.50968486
9.1999997e-10 -0.5138104
9.1749996e-10 -0.53858197
9.1499996e-10 -0.56757075
9.1249996e-10 -0.53692544
9.0999996e-10 -0.52887017
9.0749996e-10 -0.5104444
9.0499996e-10 -0.55421478
9.0249996e-10 -0.54500842
8.9999996e-10 -0.51102078
8.9749996e-10 -0.5148477
8.9499996e-10 -0.54869765
8.9249996e-10 -0.47597489
8.8999996e-10 -0.5280531
8.8749996e-10 -0.54947037
8.8499996e-10 -0.54807824
8.8249996e-10 -0.52591717
8.7999996e-10 -0.53235728
8.7749996e-10 -0.54939967
8.7499996e-10 -0.54066795
8.7249996e-10 -0.52732718
8.6999996e-10 -0.54770344
8.6749996e-10 -0.54545677
8.6499996e-10 -0.5163703
8.6249996e-10 -0.53006482
8.5999996e-10 -0.53433543
8.5749996e-10 -0.51975715
8.5499996e-10 -0.53505522
8.5249996e-10 -0.54619694
8.4999996e-10 -0.5017373
8.4749996e-10 -0.52065486
8.4499996e-10 -0.52155286
8.4249996e-10 -0.54785758
8.3999996e-10 -0.54306984
8.3749996e-10 -0.53022051
8.3499996e-10 -0.54030585
8.3249996e-10 -0.54535711
8.2999996e-10 -0.55583608
8.2749996e-10 -0.55871719
8.2499996e-10 -0.5280273
8.2249996e-10 -0.55314142
8.1999996e-10 -0.52722329
8.1749996e-10 -0.55507326
8.1499996e-10 -0.51565832
8.1249996e-10 -0.54160488
8.0999996e-10 -0.53982377
8.0749996e-10 -0.55069917
8.0499996e-10 -0.56630695
8.0249996e-10 -0.55729371
7.9999996e-10 -0.53687108
7.9749995e-10 -0.54842925
7.9499995e-10 -0.57240051
7.9249995e-10 -0.52620995
7.8999995e-10 -0.54056168
7.8749995e-10 -0.55904806
7.8499995e-10 -0.56260169
7.8249995e-10 -0.53220016
7.7999995e-10 -0.49778587
7.7749995e-10 -0.56993663
7.7499995e-10 -0.54448688
7.7249995e-10 -0.5595054
7.6999995e-10 -0.51923913
7.6749995e-10 -0.5533905
7.6499995e-10 -0.55387098
7.6249995e-10 -0.545829
7.5999995e-10 -0.56924933
7.5749995e-10 -0.52897215
7.5499995e-10 -0.57290179
7.5249995e-10 -0.56014091
7.4999995e-10 -0.5774039
7.4749995e-10 -0.58701485
7.4499995e-10 -0.53898263
7.4249995e-10 -0.55887282
7.3999995e-10 -0.55296707
7.3749995e-10 -0.53516126
7.3499995e-10 -0.5714727
7.3249995e-10 -0.5484004
7.2999995e-10 -0.56867439
7.2749995e-10 -0.57315958
7.2499995e-10 -0.57059693
7.2249995e-10 -0.54032362
7.1999995e-10 -0.56945527
7.1749995e-10 -0.56191498
7.1499995e-10 -0.56274873
7.1249995e-10 -0.58666378
7.0999995e-10 -0.60295022
7.0749995e-10 -0.5504297
7.0499995e-10 -0.55633825
7.0249995e-10 -0.55801189
6.9999995e-10 -0.56019175
6.9749995e-10 -0.57124281
6.9499995e-10 -0.59284568
6.9249995e-10 -0.54712951
6.8999995e-10 -0.58792508
6.8749995e-10 -0.57464075
6.8499995e-10 -0.5629248
6.8249995e-10 -0.56367731
6.7999995e-10 -0.59352785
6.7749995e-10 -0.570737
6.7499994e-10 -0.58147186
6.7249994e-10 -0.54620647
6.6999994e-10 -0.55088502
6.6749994e-10 -0.59015423
6.6499994e-10 -0.61596477
6.6249994e-10 -0.56340754
6.5999994e-10 -0.57439291
6.5749994e-10 -0.56578988
6.5499994e-10 -0.54129702
6.5249994e-10 -0.60128129
6.4999994e-10 -0.56544507
6.4749994e-10 -0.60109842
6.4499994e-10 -0.5980618
6.4249994e-10 -0.57737499
6.3999994e-10 -0.57545519
6.3749994e-10 -0.57686752
6.3499994e-10 -0.56200892
6.3249994e-10 -0.58889043
6.2999994e-10 -0.58642852
6.2749994e-10 -0.53438711
6.2499994e-10 -0.56748986
6.2249994e-10 -0.56388384
6.1999994e-10 -0.60909158
6.1749994e-10 -0.55055356
6.1499994e-10 -0.59740472
6.1249994e-10 -0.59953964
6.0999994e-10 -0.5911873
6.0749994e-10 -0.59412384
6.0499994e-10 -0.56282562
6.0249994e-10 -0.62119514
5.9999994e-10 -0.58199233
5.9749994e-10 -0.60003519
5.9499994e-10 -0.59358841
5.9249994e-10 -0.60257465
5.8999994e-10 -0.60751289
5.8749994e-10 -0.61043292
5.8499994e-10 -0.58792663
5.8249994e-10 -0.58194971
5.7999994e-10 -0.55330837
5.7749994e-10 -0.62921584
5.7499994e-10 -0.59241974
5.7249994e-10 -0.61349034
5.6999994e-10 -0.60642117
5.6749994e-10 -0.62586355
5.6499994e-10 -0.62666136
5.6249994e-10 -0.61928636
5.5999994e-10 -0.61321646
5.5749994e-10 -0.63754082
5.5499993e-10 -0.63925165
5.5249993e-10 -0.61050677
5.4999993e-10 -0.63518107
5.4749993e-10 -0.61644465
5.4499993e-10 -0.63368082
5.4249993e-10 -0.66431493
5.3999993e-10 -0.61063313
5.3749993e-10 -0.61631691
5.3499993e-10 -0.65135974
5.3249999e-10 -0.64249444
5.2999999e-10 -0.67458045
5.2749999e-10 -0.63404721
5.2499999e-10 -0.64585996
5.2249999e-10 -0.66030419
5.1999999e-10 -0.65744835
5.1749999e-10 -0.65930176
5.1499999e-10 -0.66617084
5.1249999e-10 -0.67324489
5.0999999e-10 -0.66099864
5.0749999e-10 -0.66136158
5.0499999e-10 -0.66856378
5.0249999e-10 -0.68630558
4.9999999e-10 -0.69565654
4.9749999e-10 -0.7051723
4.9499999e-10 -0.70558369
4.9249999e-10 -0.71198678
4.8999999e-10 -0.70294219
4.8749998e-10 -0.70680273
4.8499998e-10 -0.68934822
4.8249998e-10 -0.73644149
4.7999998e-10 -0.73595655
4.7749998e-10 -0.73080468
4.7499998e-10 -0.70466548
4.7249998e-10 -0.73621321
4.6999998e-10 -0.74700433
4.6749998e-10 -0.73510063
4.6499998e-10 -0.73898876
4.6249998e-10 -0.74033374
4.5999998e-10 -0.73347604
4.5749998e-10 -0.72844577
4.5499998e-10 -0.71302611
4.5249998e-10 -0.73223716
4.4999998e-10 -0.77396411
4.4749998e-10 -0.76776797
4.4499998e-10 -0.73732167
4.4249998e-10 -0.72947353
4.3999998e-10 -0.77729809
4.3749998e-10 -0.77455813
4.3499998e-10 -0.78012753
4.3249998e-10 -0.76348245
4.2999998e-10 -0.75751239
4.2749998e-10 -0.74395925
4.2499998e-10 -0.74156702
4.2249998e-10 -0.76194781
4.1999998e-10 -0.73799753
4.1749998e-10 -0.79056185
4.1499998e-10 -0.73007649
4.1249998e-10 -0.74027228
4.0999998e-10 -0.76145697
4.0749998e-10 -0.75691259
4.0499998e-10 -0.73885715
4.0249998e-10 -0.76732671
3.9999998e-10 -0.7550109
3.9749998e-10 -0.78891015
3.9499998e-10 -0.72686762
3.9249998e-10 -0.7555517
3.8999998e-10 -0.76074058
3.8749998e-10 -0.71158099
3.8499998e-10 -0.74312109
3.8249998e-10 -0.74036694
3.7999998e-10 -0.75497204
3.7749998e-10 -0.75520688
3.7499998e-10 -0.7521922
3.7249998e-10 -0.75206643
3.6999998e-10 -0.74570626
3.6749997e-10 -0.74982488
3.6499997e-10 -0.74619389
3.6249997e-10 -0.74705839
3.5999997e-10 -0.75717562
3.5749997e-10 -0.75890487
3.5499997e-10 -0.7685076
3.5249997e-10 -0.72551441
3.4999997e-10 -0.75554323
3.4749997e-10 -0.70647538
3.4499997e-10 -0.76206201
3.4249997e-10 -0.75355506
3.3999997e-10 -0.74301529
3.3749997e-10 -0.7678417
3.3499997e-10 -0.77392703
3.3249997e-10 -0.74886179
3.2999997e-10 -0.7729339
3.2749997e-10 -0.73737377
3.2499997e-10 -0.73473984
3.2249997e-10 -0.74319011
3.1999997e-10 -0.77770633
3.1749997e-10 -0.77510554
3.1499997e-10 -0.74256533
3.1249997e-10 -0.76238126
3.0999997e-10 -0.78243446
3.0749997e-10 -0.76481581
3.0499997e-10 -0.77279627
3.0249997e-10 -0.78738433
2.9999997e-10 -0.78359377
2.9749997e-10 -0.75467134
2.9499997e-10 -0.7716319
2.9249997e-10 -0.77578002
2.8999997e-10 -0.77908236
2.8749997e-10 -0.80342311
2.8499997e-10 -0.78206182
2.8249997e-10 -0.76287693
2.7999997e-10 -0.76477581
2.7749997e-10 -0.78534555
2.7499997e-10 -0.79635489
2.7249997e-10 -0.79074967
2.6999997e-10 -0.78838068
2.6749997e-10 -0.80805188
2.6499997e-10 -0.82401228
2.6249997e-10 -0.79770279
2.5999997e-10 -0.80230987
2.5749997e-10 -0.79190451
2.5499997e-10 -0.80172807
2.5249997e-10 -0.8142103
2.4999997e-10 -0.7910372
2.4749996e-10 -0.79799074
2.4499996e-10 -0.80712038
2.4249996e-10 -0.84509939
2.3999996e-10 -0.84593374
2.3749996e-10 -0.82106477
2.3499996e-10 -0.82343978
2.3249996e-10 -0.83408892
2.2999996e-10 -0.83731902
2.2749996e-10 -0.87085378
2.2499996e-10 -0.84923363
2.2249996e-10 -0.84578592
2.1999996e-10 -0.84961158
2.1749996e-10 -0.85711616
2.1499996e-10 -0.90108877
2.1249996e-10 -0.85844785
2.0999996e-10 -0.88601422
2.0749996e-10 -0.83509278
2.0499996e-10 -0.88369787
2.0249996e-10 -0.85480171
1.9999996e-10 -0.89402711
1.9749996e-10 -0.87966579
1.9499996e-10 -0.90728378
1.9249996e-10 -0.87618834
1.8999996e-10 -0.85743707
1.8749996e-10 -0.88358688
1.8499996e-10 -0.88887084
1.8249996e-10 -0.89440233
1.7999996e-10 -0.9035778
1.7749996e-10 -0.89870793
1.7499996e-10 -0.89529967
1.7249996e-10 -0.86604583
1.6999996e-10 -0.87895316
1.6749996e-10 -0.9308238
1.6499996e-10 -0.92271763
1.6249996e-10 -0.89972574
1.5999996e-10 -0.91044587
1.5749996e-10 -0.94596112
1.5499996e-10 -0.94043213
1.5249996e-10 -0.95941347
1.4999996e-10 -0.93272591
1.4749996e-10 -0.94221014
1.4499996e-10 -0.94106638
1.4249996e-10 -0.94969553
1.3999996e-10 -0.95385092
1.3749996e-10 -0.96846372
1.3499996e-10 -0.94210517
1.3249996e-10 -0.95915794
1.2999996e-10 -0.9926157
1.2749996e-10 -0.99462754
1.2499995e-10 -0.96959466
1.2249995e-10 -0.96027869
1.1999995e-10 -0.98509723
1.1749995e-10 -0.97312355
1.1499995e-10 -1.0101924
1.1249995e-10 -0.9828946
1.0999995e-10 -1.0086151
1.0749995e-10 -1.0074636
1.0499995e-10 -1.035282
1.0249995e-10 -1.0190377
9.9999953e-11 -1.0035937
9.7499953e-11 -0.98619032
9.4999952e-11 -1.0206723
9.2499952e-11 -1.0431517
8.9999952e-11 -1.0440221
8.7499952e-11 -1.012135
8.4999952e-11 -1.0623285
8.2499951e-11 -1.0480952
7.9999951e-11 -1.069154
7.7499951e-11 -1.0623896
7.4999951e-11 -1.0636539
7.249995e-11 -1.0758737
6.999995e-11 -1.0759276
6.7500006e-11 -1.0963184
6.5000005e-11 -1.2374429
6.2500005e-11 -1.0789484
6.0000005e-11 -1.1514684
5.7500005e-11 -1.1103134
5.5000005e-11 -1.1038141
5.2500004e-11 -1.111773
5.0000004e-11 -1.1168987
4.7500004e-11 -1.1423216
4.5000004e-11 -1.0983453
4.2500004e-11 -1.1487976
4.0000003e-11 -1.1452094
3.7500003e-11 -1.1353562
3.5000003e-11 -1.1297004
3.2500003e-11 -1.1904621
3.0000002e-11 -1.1681647
2.7500002e-11 -1.1609608
2.5000002e-11 -1.1921475
2.2500002e-11 -1.2185794
2.0000002e-11 -1.2052541
1.7500001e-11 -1.2107186
1.5000001e-11 -1.2140324
1.2500001e-11 -1.2412978
1.0000001e-11 -1.2082231
7.5000006e-12 -1.2443669
5.0000004e-12 -1.2515737
2.5000002e-12 -1.2675663
0.0 -1.2959725
