9.9999997e-10 -0.56518471
9.9749997e-10 -0.55607808
9.9499997e-10 -0.58262223
9.9249997e-10 -0.55231863
9.8999997e-10 -0.55470926
9.8749997e-10 -0.56075662
9.8499997e-10 -0.54194725
9.8249997e-10 -0.55216867
9.7999997e-10 -0.57149482
9.7749997e-10 -0.56107455
9.7499997e-10 -0.54365128
9.7249997e-10 -0.54314995
9.6999997e-10 -0.55275238
9.6749997e-10 -0.56621939
9.6499997e-10 -0.55713147
9.6249997e-10 -0.55423009
9.5999997e-10 -0.5490883
9.5749997e-10 -0.58501023
9.5499997e-10 -0.59645128
9.5249997e-10 -0.55305135
9.4999997e-10 -0.55306363
9.4749997e-10 -0.57475442
9.4499997e-10 -0.57837051
9.4249997e-10 -0.57877558
9.3999997e-10 -0.56521827
9.3749997e-10 -0.57607788
9.3499997e-10 -0.56752497
9.3249997e-10 -0.55153555
9.2999997e-10 -0.5610742
9.2749997e-10 -0.57332522
9.2499997e-10 -0.59974259
9.2249997e-10 -0.56044614
9.1999997e-10 -0.56420118
9.1749996e-10 -0.55238014
9.1499996e-10 -0.5815196
9.1249996e-10 -0.54935139
9.0999996e-10 -0.5781669
9.0749996e-10 -0.59568107
9.0499996e-10 -0.5775153
9.0249996e-10 -0.55506283
8.9999996e-10 -0.59311873
8.9749996e-10 -0.58970511
8.9499996e-10 -0.58250344
8.9249996e-10 -0.55509418
8.8999996e-10 -0.56292409
8.8749996e-10 -0.57031083
8.8499996e-10 -0.604379
8.8249996e-10 -0.56736153
8.7999996e-10 -0.57692277
8.7749996e-10 -0.55701828
8.7499996e-10 -0.56234962
8.7249996e-10 -0.55232829
8.6999996e-10 -0.5868389
8.6749996e-10 -0.62042904
8.6499996e-10 -0.57533473
8.6249996e-10 -0.56489754
8.5999996e-10 -0.57361054
8.5749996e-10 -0.57136899
8.5499996e-10 -0.62963146
8.5249996e-10 -0.58427805
8.4999996e-10 -0.59465629
8.4749996e-10 -0.60194296
8.4499996e-10 -0.58122045
8.4249996e-10 -0.56090266
8.3999996e-10 -0.58302438
8.3749996e-10 -0.59092182
8.3499996e-10 -0.57012451
8.3249996e-10 -0.61156183
8.2999996e-10 -0.56699902
8.2749996e-10 -0.59791535
8.2499996e-10 -0.59304792
8.2249996e-10 -0.61086732
8.1999996e-10 -0.58083832
8.1749996e-10 -0.59205955
8.1499996e-10 -0.57216543
8.1249996e-10 -0.57434899
8.0999996e-10 -0.58523452
8.0749996e-10 -0.56486243
8.0499996e-10 -0.59838861
8.0249996e-10 -0.5941034
7.9999996e-10 -0.58281595
7.9749995e-10 -0.58434737
7.9499995e-10 -0.58777946
7.9249995e-10 -0.61706734
7.8999995e-10 -0.62688988
7.8749995e-10 -0.58556998
7.8499995e-10 -0.58559018
7.8249995e-10 -0.59818822
7.7999995e-10 -0.57277894
7.7749995e-10 -0.61283809
7.7499995e-10 -0.60028088
7.7249995e-10 -0.58255631
7.6999995e-10 -0.59530222
7.6749995e-10 -0.60444623
7.6499995e-10 -0.6035533
7.6249995e-10 -0.56284201
7.5999995e-10 -0.57593548
7.5749995e-10 -0.60591412
7.5499995e-10 -0.59655356
7.5249995e-10 -0.62110579
7.4999995e-10 -0.61082345
7.4749995e-10 -0.6088689
7.4499995e-10 -0.5951001
7.4249995e-10 -0.59233165
7.3999995e-10 -0.60749644
7.3749995e-10 -0.57876891
7.3499995e-10 -0.59266257
7.3249995e-10 -0.61320913
7.2999995e-10 -0.59859437
7.2749995e-10 -0.60405916
7.2499995e-10 -0.5909217
7.2249995e-10 -0.58828223
7.1999995e-10 -0.56397498
7.1749995e-10 -0.58960533
7.1499995e-10 -0.5806796
7.1249995e-10 -0.62854528
7.0999995e-10 -0.60333031
7.0749995e-10 -0.62959015
7.0499995e-10 -0.58851886
7.0249995e-10 -0.57913929
6.9999995e-10 -0.5895493
6.9749995e-10 -0.61492229
6.9499995e-10 -0.6052385
6.9249995e-10 -0.62539113
6.8999995e-10 -0.59673154
6.8749995e-10 -0.61090469
6.8499995e-10 -0.59544289
6.8249995e-10 -0.62004465
6.7999995e-10 -0.59200186
6.7749995e-10 -0.61743724
6.7499994e-10 -0.60921186
6.7249994e-10 -0.59822994
6.6999994e-10 -0.58814287
6.6749994e-10 -0.60819781
6.6499994e-10 -0.63240093
6.6249994e-10 -0.62328434
6.5999994e-10 -0.59786159
6.5749994e-10 -0.5901773
6.5499994e-10 -0.6432783
6.5249994e-10 -0.60772574
6.4999994e-10 -0.61467135
6.4749994e-10 -0.60738564
6.4499994e-10 -0.62372148
6.4249994e-10 -0.62631559
6.3999994e-10 -0.61310786
6.3749994e-10 -0.63388658
6.3499994e-10 -0.61202413
6.3249994e-10 -0.60886538
6.2999994e-10 -0.61149955
6.2749994e-10 -0.64345062
6.2499994e-10 -0.61171281
6.2249994e-10 -0.62991953
6.1999994e-10 -0.63027513
6.1749994e-10 -0.63981467
6.1499994e-10 -0.59524578
6.1249994e-10 -0.62517327
6.0999994e-10 -0.64790976
6.0749994e-10 -0.63953257
6.0499994e-10 -0.6420452
6.0249994e-10 -0.63391972
5.9999994e-10 -0.62994492
5.9749994e-10 -0.63484144
5.9499994e-10 -0.62758422
5.9249994e-10 -0.6547547
5.8999994e-10 -0.64469773
5.8749994e-10 -0.64493555
5.8499994e-10 -0.63881844
5.8249994e-10 -0.6161204
5.7999994e-10 -0.63479888
5.7749994e-10 -0.61813951
5.7499994e-10 -0.6426872
5.7249994e-10 -0.59261757
5.6999994e-10 -0.60158777
5.6749994e-10 -0.63058424
5.6499994e-10 -0.62303126
5.6249994e-10 -0.64293152
5.5999994e-10 -0.65336418
5.5749994e-10 -0.64759815
5.5499993e-10 -0.65284336
5.5249993e-10 -0.6144402
5.4999993e-10 -0.62922108
5.4749993e-10 -0.67300636
5.4499993e-10 -0.66788995
5.4249993e-10 -0.66814178
5.3999993e-10 -0.65682298
5.3749993e-10 -0.64253467
5.3499993e-10 -0.63769948
5.3249999e-10 -0.6286068
5.2999999e-10 -0.64831775
5.2749999e-10 -0.65143937
5.2499999e-10 -0.63973802
5.2249999e-10 -0.66208744
5.1999999e-10 -0.69569027
5.1749999e-10 -0.64691669
5.1499999e-10 -0.65996075
5.1249999e-10 -0.66983688
5.0999999e-10 -0.65689927
5.0749999e-10 -0.66697246
5.0499999e-10 -0.67185396
5.0249999e-10 -0.65825438
4.9999999e-10 -0.67679888
4.9749999e-10 -0.66357762
4.9499999e-10 -0.66159493
4.9249999e-10 -0.67134887
4.8999999e-10 -0.68801582
4.8749998e-10 -0.66622061
4.8499998e-10 -0.6786108
4.8249998e-10 -0.66558462
4.7999998e-10 -0.67098409
4.7749998e-10 -0.65406066
4.7499998e-10 -0.68372184
4.7249998e-10 -0.68535513
4.6999998e-10 -0.68333668
4.6749998e-10 -0.6865977
4.6499998e-10 -0.6904254
4.6249998e-10 -0.675704
4.5999998e-10 -0.69896013
4.5749998e-10 -0.70325953
4.5499998e-10 -0.69758624
4.5249998e-10 -0.682468
4.4999998e-10 -0.72469151
4.4749998e-10 -0.68492776
4.4499998e-10 -0.6989795
4.4249998e-10 -0.72040415
4.3999998e-10 -0.71726483
4.3749998e-10 -0.72117478
4.3499998e-10 -0.69803482
4.3249998e-10 -0.72248536
4.2999998e-10 -0.69705737
4.2749998e-10 -0.70422918
4.2499998e-10 -0.72804111
4.2249998e-10 -0.70490766
4.1999998e-10 -0.69587791
4.1749998e-10 -0.70713067
4.1499998e-10 -0.73446
4.1249998e-10 -0.69421989
4.0999998e-10 -0.75391972
4.0749998e-10 -0.72704798
4.0499998e-10 -0.72122765
4.0249998e-10 -0.7323221
3.9999998e-10 -0.71484584
3.9749998e-10 -0.72135705
3.9499998e-10 -0.74968392
3.9249998e-10 -0.71632951
3.8999998e-10 -0.74454802
3.8749998e-10 -0.7506631
3.8499998e-10 -0.73035878
3.8249998e-10 -0.76820791
3.7999998e-10 -0.75950372
3.7749998e-10 -0.75225168
3.7499998e-10 -0.75563937
3.7249998e-10 -0.77748597
3.6999998e-10 -0.78884947
3.6749997e-10 -0.77815193
3.6499997e-10 -0.80114412
3.6249997e-10 -0.7816475
3.5999997e-10 -0.76312608
3.5749997e-10 -0.78067464
3.5499997e-10 -0.78381443
3.5249997e-10 -0.8139444
3.4999997e-10 -0.80734134
3.4749997e-10 -0.80504477
3.4499997e-10 -0.84464437
3.4249997e-10 -0.82936001
3.3999997e-10 -0.84007907
3.3749997e-10 -0.85214299
3.3499997e-10 -0.83295232
3.3249997e-10 -0.84447885
3.2999997e-10 -0.84557134
3.2749997e-10 -0.85996771
3.2499997e-10 -0.85964608
3.2249997e-10 -0.85785484
3.1999997e-10 -0.86119711
3.1749997e-10 -0.86703956
3.1499997e-10 -0.87016088
3.1249997e-10 -0.87613827
3.0999997e-10 -0.87053311
3.0749997e-10 -0.85783207
3.0499997e-10 -0.87761527
3.0249997e-10 -0.88739145
2.9999997e-10 -0.92184871
2.9749997e-10 -0.88109154
2.9499997e-10 -0.88639128
2.9249997e-10 -0.9186523
2.8999997e-10 -0.91261089
2.8749997e-10 -0.91064447
2.8499997e-10 -0.90380055
2.8249997e-10 -0.9137072
2.7999997e-10 -0.8908422
2.7749997e-10 -0.92672539
2.7499997e-10 -0.90809703
2.7249997e-10 -0.92936659
2.6999997e-10 -0.92585772
2.6749997e-10 -0.90690851
2.6499997e-10 -0.93691152
2.6249997e-10 -0.94895071
2.5999997e-10 -0.91151881
2.5749997e-10 -0.93811476
2.5499997e-10 -0.9019258
2.5249997e-10 -0.92461699
2.4999997e-10 -0.9330467
2.4749996e-10 -0.90796804
2.4499996e-10 -0.95220995
2.4249996e-10 -0.95900524
2.3999996e-10 -0.91381651
2.3749996e-10 -0.958664
2.3499996e-10 -0.96203071
2.3249996e-10 -0.93760163
2.2999996e-10 -0.94312233
2.2749996e-10 -0.91528237
2.2499996e-10 -0.94965643
2.2249996e-10 -0.96491903
2.1999996e-10 -0.94420707
2.1749996e-10 -0.95196283
2.1499996e-10 -0.94679785
2.1249996e-10 -0.96245146
2.0999996e-10 -0.96095216
2.0749996e-10 -0.97802168
2.0499996e-10 -0.94018692
2.0249996e-10 -0.96953553
1.9999996e-10 -0.97202641
1.9749996e-10 -0.98611093
1.9499996e-10 -0.98275203
1.9249996e-10 -0.96208018
1.8999996e-10 -0.95985651
1.8749996e-10 -0.96603912
1.8499996e-10 -0.97607291
1.8249996e-10 -0.983917
1.7999996e-10 -0.97081083
1.7749996e-10 -1.0112108
1.7499996e-10 -0.98509771
1.7249996e-10 -0.98008734
1.6999996e-10 -0.96209657
1.6749996e-10 -1.0154649
1.6499996e-10 -0.99015039
1.6249996e-10 -1.0212213
1.5999996e-10 -0.95159394
1.5749996e-10 -0.99558723
1.5499996e-10 -0.99864697
1.5249996e-10 -0.95497227
1.4999996e-10 -1.0185198
1.4749996e-10 -0.95013028
1.4499996e-10 -1.0037094
1.4249996e-10 -0.99690104
1.3999996e-10 -0.98782521
1.3749996e-10 -1.0107707
1.3499996e-10 -0.98610532
1.3249996e-10 -1.0024419
1.2999996e-10 -1.0022106
1.2749996e-10 -1.0100286
1.2499995e-10 -1.0114912
1.2249995e-10 -1.0842909
1.1999995e-10 -1.0319623
1.1749995e-10 -1.0532956
1.1499995e-10 -1.0337101
1.1249995e-10 -1.0557655
1.0999995e-10 -1.0450652
1.0749995e-10 -1.0569041
1.0499995e-10 -1.0436543
1.0249995e-10 -1.0289454
9.9999953e-11 -1.0646974
9.7499953e-11 -1.0671928
9.4999952e-11 -1.0882094
9.2499952e-11 -1.0672059
8.9999952e-11 -1.0677027
8.7499952e-11 -1.0981934
8.4999952e-11 -1.0942558
8.2499951e-11 -1.1093199
7.9999951e-11 -1.0908424
7.7499951e-11 -1.1072569
7.4999951e-11 -1.08972
7.249995e-11 -1.1139343
6.999995e-11 -1.1463611
6.7500006e-11 -1.1384237
6.5000005e-11 -1.1155738
6.2500005e-11 -1.1229585
6.0000005e-11 -1.1257325
5.7500005e-11 -1.1436663
5.5000005e-11 -1.1756583
5.2500004e-11 -1.1610651
5.0000004e-11 -1.1570483
4.7500004e-11 -1.1462053
4.5000004e-11 -1.1396532
4.2500004e-11 -1.1986927
4.0000003e-11 -1.1674505
3.7500003e-11 -1.1484697
3.5000003e-11 -1.2150699
3.2500003e-11 -1.1636164
3.0000002e-11 -1.1644007
2.7500002e-11 -1.2125425
2.5000002e-11 -1.1833403
2.2500002e-11 -1.2058616
2.0000002e-11 -1.2490371
1.7500001e-11 -1.223802
1.5000001e-11 -1.2328423
1.2500001e-11 -1.2670662
1.0000001e-11 -1.2360255
7.5000006e-12 -1.2411376
5.0000004e-12 -1.2660755
2.5000002e-12 -1.2702864
0.0 -1.2863696
