9.9999997e-10 -0.53517985
9.9749997e-10 -0.53892905
9.9499997e-10 -0.60641402
9.9249997e-10 -0.58762723
9.8999997e-10 -0.53661406
9.8749997e-10 -0.56592113
9.8499997e-10 -0.58603501
9.8249997e-10 -0.56894457
9.7999997e-10 -0.56374675
9.7749997e-10 -0.58155745
9.7499997e-10 -0.5720399
9.7249997e-10 -0.5579896
9.6999997e-10 -0.57350034
9.6749997e-10 -0.56382328
9.6499997e-10 -0.57428241
9.6249997e-10 -0.51936078
9.5999997e-10 -0.58505368
9.5749997e-10 -0.56621677
9.5499997e-10 -0.56226647
9.5249997e-10 -0.55953407
9.4999997e-10 -0.5693751
9.4749997e-10 -0.56204897
9.4499997e-10 -0.55534267
9.4249997e-10 -0.62239552
9.3999997e-10 -0.54988194
9.3749997e-10 -0.58034301
9.3499997e-10 -0.59413129
9.3249997e-10 -0.62535858
9.2999997e-10 -0.50729674
9.2749997e-10 -0.60208672
9.2499997e-10 -0.55133086
9.2249997e-10 -0.55289882
9.1999997e-10 -0.57552141
9.1749996e-10 -0.59575897
9.1499996e-10 -0.59473491
9.1249996e-10 -0.57334179
9.0999996e-10 -0.52122337
9.0749996e-10 -0.58066189
9.0499996e-10 -0.55975884
9.0249996e-10 -0.59277874
8.9999996e-10 -0.57089853
8.9749996e-10 -0.55964541
8.9499996e-10 -0.57037783
8.9249996e-10 -0.54003263
8.8999996e-10 -0.56231254
8.8749996e-10 -0.54982775
8.8499996e-10 -0.58050746
8.8249996e-10 -0.57522821
8.7999996e-10 -0.52399468
8.7749996e-10 -0.56535172
8.7499996e-10 -0.60493225
8.7249996e-10 -0.54131019
8.6999996e-10 -0.58743227
8.6749996e-10 -0.57273161
8.6499996e-10 -0.6063807
8.6249996e-10 -0.60234737
8.5999996e-10 -0.57422799
8.5749996e-10 -0.54671508
8.5499996e-10 -0.62305909
8.5249996e-10 -0.50765336
8.4999996e-10 -0.56963342
8.4749996e-10 -0.62014842
8.4499996e-10 -0.56103611
8.4249996e-10 -0.59350562
8.3999996e-10 -0.60644186
8.3749996e-10 -0.59017932
8.3499996e-10 -0.54807705
8.3249996e-10 -0.61151594
8.2999996e-10 -0.60010123
8.2749996e-10 -0.53506929
8.2499996e-10 -0.55367935
8.2249996e-10 -0.59178102
8.1999996e-10 -0.56211257
8.1749996e-10 -0.59934211
8.1499996e-10 -0.57964516
8.1249996e-10 -0.59394884
8.0999996e-10 -0.59582037
8.0749996e-10 -0.53919339
8.0499996e-10 -0.59400535
8.0249996e-10 -0.57064134
7.9999996e-10 -0.59098047
7.9749995e-10 -0.56110835
7.9499995e-10 -0.6087364
7.9249995e-10 -0.59839463
7.8999995e-10 -0.59075654
7.8749995e-10 -0.63352925
7.8499995e-10 -0.58714777
7.8249995e-10 -0.65356839
7.7999995e-10 -0.58963394
7.7749995e-10 -0.54880834
7.7499995e-10 -0.59779328
7.7249995e-10 -0.62616485
7.6999995e-10 -0.59490883
7.6749995e-10 -0.57018381
7.6499995e-10 -0.64576089
7.6249995e-10 -0.59854889
7.5999995e-10 -0.56997019
7.5749995e-10 -0.62022126
7.5499995e-10 -0.5897665
7.5249995e-10 -0.6082074
7.4999995e-10 -0.61053425
7.4749995e-10 -0.50858963
7.4499995e-10 -0.6223349
7.4249995e-10 -0.59773111
7.3999995e-10 -0.62892169
7.3749995e-10 -0.64206576
7.3499995e-10 -0.58262843
7.3249995e-10 -0.60381132
7.2999995e-10 -0.61229509
7.2749995e-10 -0.58594489
7.2499995e-10 -0.59745044
7.2249995e-10 -0.62055832
7.1999995e-10 -0.58238143
7.1749995e-10 -0.61951697
7.1499995e-10 -0.62092191
7.1249995e-10 -0.63740903
7.0999995e-10 -0.63870549
7.0749995e-10 -0.58100188
7.0499995e-10 -0.61498231
7.0249995e-10 -0.63599831
6.9999995e-10 -0.63707906
6.9749995e-10 -0.56391066
6.9499995e-10 -0.60133737
6.9249995e-10 -0.62747633
6.8999995e-10 -0.64251149
6.8749995e-10 -0.56210446
6.8499995e-10 -0.62866396
6.8249995e-10 -0.5888629
6.7999995e-10 -0.61335748
6.7749995e-10 -0.59336847
6.7499994e-10 -0.61870825
6.7249994e-10 -0.62908769
6.6999994e-10 -0.60942888
6.6749994e-10 -0.64647192
6.6499994e-10 -0.63098001
6.6249994e-10 -0.56357861
6.5999994e-10 -0.62309515
6.5749994e-10 -0.61900467
6.5499994e-10 -0.59033078
6.5249994e-10 -0.62743461
6.4999994e-10 -0.55222934
6.4749994e-10 -0.60128856
6.4499994e-10 -0.6112448
6.4249994e-10 -0.67907882
6.3999994e-10 -0.58002824
6.3749994e-10 -0.64588583
6.3499994e-10 -0.62543732
6.3249994e-10 -0.59073406
6.2999994e-10 -0.65381926
6.2749994e-10 -0.55249214
6.2499994e-10 -0.62777573
6.2249994e-10 -0.62155479
6.1999994e-10 -0.66259354
6.1749994e-10 -0.60942811
6.1499994e-10 -0.59898984
6.1249994e-10 -0.60617405
6.0999994e-10 -0.63419414
6.0749994e-10 -0.67019027
6.0499994e-10 -0.57779491
6.0249994e-10 -0.66695249
5.9999994e-10 -0.64296836
5.9749994e-10 -0.60682869
5.9499994e-10 -0.60865372
5.9249994e-10 -0.67089731
5.8999994e-10 -0.58121622
5.8749994e-10 -0.65567905
5.8499994e-10 -0.58693367
5.8249994e-10 -0.68625343
5.7999994e-10 -0.57664388
5.7749994e-10 -0.63703632
5.7499994e-10 -0.61703223
5.7249994e-10 -0.66119641
5.6999994e-10 -0.61642814
5.6749994e-10 -0.64655668
5.6499994e-10 -0.59256035
5.6249994e-10 -0.66826105
5.5999994e-10 -0.62783647
5.5749994e-10 -0.64581263
5.5499993e-10 -0.66413534
5.5249993e-10 -0.65006125
5.4999993e-10 -0.68673271
5.4749993e-10 -0.63877791
5.4499993e-10 -0.58405012
5.4249993e-10 -0.66712034
5.3999993e-10 -0.58374888
5.3749993e-10 -0.63796568
5.3499993e-10 -0.62863129
5.3249999e-10 -0.65533727
5.2999999e-10 -0.64488119
5.2749999e-10 -0.63939232
5.2499999e-10 -0.66047841
5.2249999e-10 -0.64344543
5.1999999e-10 -0.66207772
5.1749999e-10 -0.65987992
5.1499999e-10 -0.61778909
5.1249999e-10 -0.6573115
5.0999999e-10 -0.66151381
5.0749999e-10 -0.6429556
5.0499999e-10 -0.62762564
5.0249999e-10 -0.6541934
4.9999999e-10 -0.67227572
4.9749999e-10 -0.59236813
4.9499999e-10 -0.62086707
4.9249999e-10 -0.6233173
4.8999999e-10 -0.65663773
4.8749998e-10 -0.64602053
4.8499998e-10 -0.62104541
4.8249998e-10 -0.68568563
4.7999998e-10 -0.63810259
4.7749998e-10 -0.65190989
4.7499998e-10 -0.62830418
4.7249998e-10 -0.66011554
4.6999998e-10 -0.65103036
4.6749998e-10 -0.63920999
4.6499998e-10 -0.67998064
4.6249998e-10 -0.62768453
4.5999998e-10 -0.68067247
4.5749998e-10 -0.67925799
4.5499998e-10 -0.62252021
4.5249998e-10 -0.69332182
4.4999998e-10 -0.62557209
4.4749998e-10 -0.70036298
4.4499998e-10 -0.70424128
4.4249998e-10 -0.68203247
4.3999998e-10 -0.68665814
4.3749998e-10 -0.70646882
4.3499998e-10 -0.68825781
4.3249998e-10 -0.66369927
4.2999998e-10 -0.71589923
4.2749998e-10 -0.6995883
4.2499998e-10 -0.70362502
4.2249998e-10 -0.70169449
4.1999998e-10 -0.69687432
4.1749998e-10 -0.68873906
4.1499998e-10 -0.67109013
4.1249998e-10 -0.67477173
4.0999998e-10 -0.73055696
4.0749998e-10 -0.71454817
4.0499998e-10 -0.68997943
4.0249998e-10 -0.70238537
3.9999998e-10 -0.7034806
3.9749998e-10 -0.71555972
3.9499998e-10 -0.73816752
3.9249998e-10 -0.67641544
3.8999998e-10 -0.73269922
3.8749998e-10 -0.72460264
3.8499998e-10 -0.72556734
3.8249998e-10 -0.72619182
3.7999998e-10 -0.74668616
3.7749998e-10 -0.65584731
3.7499998e-10 -0.70258886
3.7249998e-10 -0.71721333
3.6999998e-10 -0.69046742
3.6749997e-10 -0.70710635
3.6499997e-10 -0.7062518
3.6249997e-10 -0.74351299
3.5999997e-10 -0.74188507
3.5749997e-10 -0.74999738
3.5499997e-10 -0.71879715
3.5249997e-10 -0.78061503
3.4999997e-10 -0.71705657
3.4749997e-10 -0.71590406
3.4499997e-10 -0.75973046
3.4249997e-10 -0.74498826
3.3999997e-10 -0.74681067
3.3749997e-10 -0.71379942
3.3499997e-10 -0.73769712
3.3249997e-10 -0.77054584
3.2999997e-10 -0.76237935
3.2749997e-10 -0.79591149
3.2499997e-10 -0.77723455
3.2249997e-10 -0.78642756
3.1999997e-10 -0.76809412
3.1749997e-10 -0.7685324
3.1499997e-10 -0.77150887
3.1249997e-10 -0.80156481
3.0999997e-10 -0.75164723
3.0749997e-10 -0.78111559
3.0499997e-10 -0.78998047
3.0249997e-10 -0.78107387
2.9999997e-10 -0.78934956
2.9749997e-10 -0.78632051
2.9499997e-10 -0.78943485
2.9249997e-10 -0.76807916
2.8999997e-10 -0.79159367
2.8749997e-10 -0.80899
2.8499997e-10 -0.81856412
2.8249997e-10 -0.78612947
2.7999997e-10 -0.77701688
2.7749997e-10 -0.8144334
2.7499997e-10 -0.7957983
2.7249997e-10 -0.79807079
2.6999997e-10 -0.82466477
2.6749997e-10 -0.74578184
2.6499997e-10 -0.84571153
2.6249997e-10 -0.81428927
2.5999997e-10 -0.80059451
2.5749997e-10 -0.85593396
2.5499997e-10 -0.82340217
2.5249997e-10 -0.82227927
2.4999997e-10 -0.81431925
2.4749996e-10 -0.7835421
2.4499996e-10 -0.86023271
2.4249996e-10 -0.82282299
2.3999996e-10 -0.8535099
2.3749996e-10 -0.86388761
2.3499996e-10 -0.82879287
2.3249996e-10 -0.8482042
2.2999996e-10 -0.85678113
2.2749996e-10 -0.78725189
2.2499996e-10 -0.81698704
2.2249996e-10 -0.87818325
2.1999996e-10 -0.84169936
2.1749996e-10 -0.85163593
2.1499996e-10 -0.87540168
2.1249996e-10 -0.83913344
2.0999996e-10 -0.89523363
2.0749996e-10 -0.84812915
2.0499996e-10 -0.88866305
2.0249996e-10 -0.84355688
1.9999996e-10 -0.88278782
1.9749996e-10 -0.87368017
1.9499996e-10 -0.89532661
1.9249996e-10 -0.88778645
1.8999996e-10 -0.9061349
1.8749996e-10 -0.88426036
1.8499996e-10 -0.88775748
1.8249996e-10 -0.87912351
1.7999996e-10 -0.91344619
1.7749996e-10 -0.90317154
1.7499996e-10 -0.90909147
1.7249996e-10 -0.94110024
1.6999996e-10 -0.89448321
1.6749996e-10 -0.91241395
1.6499996e-10 -0.91168964
1.6249996e-10 -0.91222364
1.5999996e-10 -0.94089478
1.5749996e-10 -0.97345221
1.5499996e-10 -0.93957794
1.5249996e-10 -0.94690514
1.4999996e-10 -0.94746798
1.4749996e-10 -0.89910322
1.4499996e-10 -0.97600269
1.4249996e-10 -0.93164408
1.3999996e-10 -0.94866908
1.3749996e-10 -0.99349529
1.3499996e-10 -0.95967597
1.3249996e-10 -0.95203644
1.2999996e-10 -0.94725585
1.2749996e-10 -0.99293596
1.2499995e-10 -0.99328631
1.2249995e-10 -0.9694382
1.1999995e-10 -0.99262452
1.1749995e-10 -1.0059532
1.1499995e-10 -1.0047314
1.1249995e-10 -1.0319097
1.0999995e-10 -0.99387956
1.0749995e-10 -0.98797661
1.0499995e-10 -0.98858333
1.0249995e-10 -0.99234235
9.9999953e-11 -1.0640199
9.7499953e-11 -1.0016264
9.4999952e-11 -1.0084138
9.2499952e-11 -1.0573994
8.9999952e-11 -1.0504758
8.7499952e-11 -1.0370998
8.4999952e-11 -1.029083
8.2499951e-11 -1.0270306
7.9999951e-11 -1.0744269
7.7499951e-11 -1.073012
7.4999951e-11 -1.0803527
7.249995e-11 -1.0632657
6.999995e-11 -1.0849924
6.7500006e-11 -1.0897233
6.5000005e-11 -1.0951614
6.2500005e-11 -1.0942549
6.0000005e-11 -1.0851506
5.7500005e-11 -1.1014425
5.5000005e-11 -1.0890636
5.2500004e-11 -1.1113238
5.0000004e-11 -1.1625078
4.7500004e-11 -1.1309371
4.5000004e-11 -1.1634042
4.2500004e-11 -1.1745272
4.0000003e-11 -1.1296809
3.7500003e-11 -1.1757723
3.5000003e-11 -1.1765548
3.2500003e-11 -1.2021992
3.0000002e-11 -1.1940235
2.7500002e-11 -1.1931682
2.5000002e-11 -1.1712855
2.2500002e-11 -1.2243289
2.0000002e-11 -1.2476466
1.7500001e-11 -1.2183082
1.5000001e-11 -1.2014903
1.2500001e-11 -1.2330956
1.0000001e-11 -1.2415063
7.5000006e-12 -1.2333592
5.0000004e-12 -1.2633638
2.5000002e-12 -1.28259
0.0 -1.2824565
