9.9999997e-10 -0.50677299
9.9749997e-10 -0.5290888
9.9499997e-10 -0.52659309
9.9249997e-10 -0.51429546
9.8999997e-10 -0.50880462
9.8749997e-10 -0.52210784
9.8499997e-10 -0.52923226
9.8249997e-10 -0.52316302
9.7999997e-10 -0.53960758
9.7749997e-10 -0.52078044
9.7499997e-10 -0.53964168
9.7249997e-10 -0.52615649
9.6999997e-10 -0.52811736
9.6749997e-10 -0.53081715
9.6499997e-10 -0.52762198
9.6249997e-10 -0.51581305
9.5999997e-10 -0.556247
9.5749997e-10 -0.55052918
9.5499997e-10 -0.52201056
9.5249997e-10 -0.50793463
9.4999997e-10 -0.55170083
9.4749997e-10 -0.52725524
9.4499997e-10 -0.54754639
9.4249997e-10 -0.55607921
9.3999997e-10 -0.51225293
9.3749997e-10 -0.52526379
9.3499997e-10 -0.55556834
9.3249997e-10 -0.51245147
9.2999997e-10 -0.5043062
9.2749997e-10 -0.5323571
9.2499997e-10 -0.53930694
9.2249997e-10 -0.53210628
9.1999997e-10 -0.52736664
9.1749996e-10 -0.57995045
9.1499996e-10 -0.51020634
9.1249996e-10 -0.52459753
9.0999996e-10 -0.53586257
9.0749996e-10 -0.53106177
9.0499996e-10 -0.55179763
9.0249996e-10 -0.53733033
8.9999996e-10 -0.52280349
8.9749996e-10 -0.5510605
8.9499996e-10 -0.54805231
8.9249996e-10 -0.56242102
8.8999996e-10 -0.53957492
8.8749996e-10 -0.55636472
8.8499996e-10 -0.55156267
8.8249996e-10 -0.50979471
8.7999996e-10 -0.56289631
8.7749996e-10 -0.5298754
8.7499996e-10 -0.53022689
8.7249996e-10 -0.54852206
8.6999996e-10 -0.5333032
8.6749996e-10 -0.54252118
8.6499996e-10 -0.55227166
8.6249996e-10 -0.53532106
8.5999996e-10 -0.5403977
8.5749996e-10 -0.51874977
8.5499996e-10 -0.55354071
8.5249996e-10 -0.55277264
8.4999996e-10 -0.56041586
8.4749996e-10 -0.5222739
8.4499996e-10 -0.52314305
8.4249996e-10 -0.55287755
8.3999996e-10 -0.54070061
8.3749996e-10 -0.55203629
8.3499996e-10 -0.58039212
8.3249996e-10 -0.53111577
8.2999996e-10 -0.54234874
8.2749996e-10 -0.54723424
8.2499996e-10 -0.51842391
8.2249996e-10 -0.52013469
8.1999996e-10 -0.55253309
8.1749996e-10 -0.53430837
8.1499996e-10 -0.54324603
8.1249996e-10 -0.56941962
8.0999996e-10 -0.53897345
8.0749996e-10 -0.52605122
8.0499996e-10 -0.53602695
8.0249996e-10 -0.54840559
7.9999996e-10 -0.54722321
7.9749995e-10 -0.54159129
7.9499995e-10 -0.56483573
7.9249995e-10 -0.54833496
7.8999995e-10 -0.56079346
7.8749995e-10 -0.53437597
7.8499995e-10 -0.52478367
7.8249995e-10 -0.56166953
7.7999995e-10 -0.55011415
7.7749995e-10 -0.56754428
7.7499995e-10 -0.53105205
7.7249995e-10 -0.54559922
7.6999995e-10 -0.58065599
7.6749995e-10 -0.56111723
7.6499995e-10 -0.55763829
7.6249995e-10 -0.56928343
7.5999995e-10 -0.52689821
7.5749995e-10 -0.55839497
7.5499995e-10 -0.56554073
7.5249995e-10 -0.53064543
7.4999995e-10 -0.54186273
7.4749995e-10 -0.57167661
7.4499995e-10 -0.56537247
7.4249995e-10 -0.55980229
7.3999995e-10 -0.57137352
7.3749995e-10 -0.57234067
7.3499995e-10 -0.56500459
7.3249995e-10 -0.55152428
7.2999995e-10 -0.55878508
7.2749995e-10 -0.57079405
7.2499995e-10 -0.56128991
7.2249995e-10 -0.56520975
7.1999995e-10 -0.54592466
7.1749995e-10 -0.56599945
7.1499995e-10 -0.5633353
7.1249995e-10 -0.56894499
7.0999995e-10 -0.56665426
7.0749995e-10 -0.54580456
7.0499995e-10 -0.55442637
7.0249995e-10 -0.56750256
6.9999995e-10 -0.55392891
6.9749995e-10 -0.57411987
6.9499995e-10 -0.56909525
6.9249995e-10 -0.54681933
6.8999995e-10 -0.55763185
6.8749995e-10 -0.56663173
6.8499995e-10 -0.55792743
6.8249995e-10 -0.57544583
6.7999995e-10 -0.55212963
6.7749995e-10 -0.56891334
6.7499994e-10 -0.59858829
6.7249994e-10 -0.58849645
6.6999994e-10 -0.56079221
6.6749994e-10 -0.55628592
6.6499994e-10 -0.56448817
6.6249994e-10 -0.55514187
6.5999994e-10 -0.56596303
6.5749994e-10 -0.57544684
6.5499994e-10 -0.58454388
6.5249994e-10 -0.61434615
6.4999994e-10 -0.60340542
6.4749994e-10 -0.5992043
6.4499994e-10 -0.60595572
6.4249994e-10 -0.57301819
6.3999994e-10 -0.59581763
6.3749994e-10 -0.57542282
6.3499994e-10 -0.56597835
6.3249994e-10 -0.56346911
6.2999994e-10 -0.58486396
6.2749994e-10 -0.61855429
6.2499994e-10 -0.57646322
6.2249994e-10 -0.57471997
6.1999994e-10 -0.59763736
6.1749994e-10 -0.59423774
6.1499994e-10 -0.60822773
6.1249994e-10 -0.59227204
6.0999994e-10 -0.59932488
6.0749994e-10 -0.62009335
6.0499994e-10 -0.57741296
6.0249994e-10 -0.60323262
5.9999994e-10 -0.61632574
5.9749994e-10 -0.60394698
5.9499994e-10 -0.59202766
5.9249994e-10 -0.62657475
5.8999994e-10 -0.61046302
5.8749994e-10 -0.61386532
5.8499994e-10 -0.59704924
5.8249994e-10 -0.62066227
5.7999994e-10 -0.63333207
5.7749994e-10 -0.62298805
5.7499994e-10 -0.66599667
5.7249994e-10 -0.62444997
5.6999994e-10 -0.63944608
5.6749994e-10 -0.64605957
5.6499994e-10 -0.65985048
5.6249994e-10 -0.61276561
5.5999994e-10 -0.68715727
5.5749994e-10 -0.70046264
5.5499993e-10 -0.64857376
5.5249993e-10 -0.66957855
5.4999993e-10 -0.68252712
5.4749993e-10 -0.67839557
5.4499993e-10 -0.69476974
5.4249993e-10 -0.67478991
5.3999993e-10 -0.69881153
5.3749993e-10 -0.70859098
5.3499993e-10 -0.70783848
5.3249999e-10 -0.73310632
5.2999999e-10 -0.70978326
5.2749999e-10 -0.72056198
5.2499999e-10 -0.71203893
5.2249999e-10 -0.71821547
5.1999999e-10 -0.74568826
5.1749999e-10 -0.71148854
5.1499999e-10 -0.69494098
5.1249999e-10 -0.72544688
5.0999999e-10 -0.71983588
5.0749999e-10 -0.73235834
5.0499999e-10 -0.70989937
5.0249999e-10 -0.74111503
4.9999999e-10 -0.72721475
4.9749999e-10 -0.76423043
4.9499999e-10 -0.73112261
4.9249999e-10 -0.73606801
4.8999999e-10 -0.74310875
4.8749998e-10 -0.73472208
4.8499998e-10 -0.73135459
4.8249998e-10 -0.73488212
4.7999998e-10 -0.74216735
4.7749998e-10 -0.75348556
4.7499998e-10 -0.74373353
4.7249998e-10 -0.76429462
4.6999998e-10 -0.75966096
4.6749998e-10 -0.75838023
4.6499998e-10 -0.73385757
4.6249998e-10 -0.75049019
4.5999998e-10 -0.77660453
4.5749998e-10 -0.74921048
4.5499998e-10 -0.7526086
4.5249998e-10 -0.7793324
4.4999998e-10 -0.76242149
4.4749998e-10 -0.74268055
4.4499998e-10 -0.77314597
4.4249998e-10 -0.76438004
4.3999998e-10 -0.77980548
4.3749998e-10 -0.76403254
4.3499998e-10 -0.78784215
4.3249998e-10 -0.76976144
4.2999998e-10 -0.79545397
4.2749998e-10 -0.7563805
4.2499998e-10 -0.74903768
4.2249998e-10 -0.78966737
4.1999998e-10 -0.7502833
4.1749998e-10 -0.74981576
4.1499998e-10 -0.79808843
4.1249998e-10 -0.72653294
4.0999998e-10 -0.75239068
4.0749998e-10 -0.73110878
4.0499998e-10 -0.75028038
4.0249998e-10 -0.76480532
3.9999998e-10 -0.74520081
3.9749998e-10 -0.74999124
3.9499998e-10 -0.78217065
3.9249998e-10 -0.72951651
3.8999998e-10 -0.74345165
3.8749998e-10 -0.74078578
3.8499998e-10 -0.7519182
3.8249998e-10 -0.74778247
3.7999998e-10 -0.75764084
3.7749998e-10 -0.70157802
3.7499998e-10 -0.76725256
3.7249998e-10 -0.72074097
3.6999998e-10 -0.72996277
3.6749997e-10 -0.74639654
3.6499997e-10 -0.7377032
3.6249997e-10 -0.73446149
3.5999997e-10 -0.74938244
3.5749997e-10 -0.72244573
3.5499997e-10 -0.71748966
3.5249997e-10 -0.7413044
3.4999997e-10 -0.7112605
3.4749997e-10 -0.75938499
3.4499997e-10 -0.75907815
3.4249997e-10 -0.74844021
3.3999997e-10 -0.76058668
3.3749997e-10 -0.72944367
3.3499997e-10 -0.7373051
3.3249997e-10 -0.75484425
3.2999997e-10 -0.73084885
3.2749997e-10 -0.7474196
3.2499997e-10 -0.72950101
3.2249997e-10 -0.7572965
3.1999997e-10 -0.74774832
3.1749997e-10 -0.74706042
3.1499997e-10 -0.74830943
3.1249997e-10 -0.75087351
3.0999997e-10 -0.76554024
3.0749997e-10 -0.76433808
3.0499997e-10 -0.77615196
3.0249997e-10 -0.75468665
2.9999997e-10 -0.76742637
2.9749997e-10 -0.7504462
2.9499997e-10 -0.79951406
2.9249997e-10 -0.80006158
2.8999997e-10 -0.78781343
2.8749997e-10 -0.79544026
2.8499997e-10 -0.77211308
2.8249997e-10 -0.79478878
2.7999997e-10 -0.77296305
2.7749997e-10 -0.79328364
2.7499997e-10 -0.79941821
2.7249997e-10 -0.80801946
2.6999997e-10 -0.77343976
2.6749997e-10 -0.7807247
2.6499997e-10 -0.81266832
2.6249997e-10 -0.83764011
2.5999997e-10 -0.80390072
2.5749997e-10 -0.81791282
2.5499997e-10 -0.83586121
2.5249997e-10 -0.83412254
2.4999997e-10 -0.82210785
2.4749996e-10 -0.84343946
2.4499996e-10 -0.80858201
2.4249996e-10 -0.79792488
2.3999996e-10 -0.828659
2.3749996e-10 -0.85063082
2.3499996e-10 -0.83789742
2.3249996e-10 -0.83934158
2.2999996e-10 -0.84243429
2.2749996e-10 -0.85172123
2.2499996e-10 -0.86853105
2.2249996e-10 -0.83761609
2.1999996e-10 -0.87179095
2.1749996e-10 -0.84458858
2.1499996e-10 -0.86860389
2.1249996e-10 -0.8924337
2.0999996e-10 -0.83180505
2.0749996e-10 -0.87048143
2.0499996e-10 -0.90192425
2.0249996e-10 -0.88166231
1.9999996e-10 -0.88293517
1.9749996e-10 -0.89936346
1.9499996e-10 -0.88006449
1.9249996e-10 -0.89019156
1.8999996e-10 -0.86894685
1.8749996e-10 -0.92570239
1.8499996e-10 -0.92154777
1.8249996e-10 -0.91508406
1.7999996e-10 -0.91319406
1.7749996e-10 -0.88588399
1.7499996e-10 -0.91965389
1.7249996e-10 -0.90245438
1.6999996e-10 -0.92965269
1.6749996e-10 -0.90262061
1.6499996e-10 -0.95572245
1.6249996e-10 -1.0000215
1.5999996e-10 -1.1408792
1.5749996e-10 -0.97576594
1.5499996e-10 -0.9700129
1.5249996e-10 -0.94433558
1.4999996e-10 -0.95861733
1.4749996e-10 -0.94527966
1.4499996e-10 -0.97250623
1.4249996e-10 -0.94601822
1.3999996e-10 -0.94999605
1.3749996e-10 -0.98087233
1.3499996e-10 -0.93928951
1.3249996e-10 -0.96562368
1.2999996e-10 -0.98146051
1.2749996e-10 -0.93759561
1.2499995e-10 -0.97592843
1.2249995e-10 -1.0089718
1.1999995e-10 -1.049036
1.1749995e-10 -1.0024507
1.1499995e-10 -1.0155592
1.1249995e-10 -0.96416825
1.0999995e-10 -1.019485
1.0749995e-10 -1.0350993
1.0499995e-10 -1.034391
1.0249995e-10 -1.0542048
9.9999953e-11 -1.0367986
9.7499953e-11 -1.0436277
9.4999952e-11 -1.0801696
9.2499952e-11 -1.0584652
8.9999952e-11 -1.0638354
8.7499952e-11 -1.082226
8.4999952e-11 -1.0614058
8.2499951e-11 -1.0495024
7.9999951e-11 -1.0691237
7.7499951e-11 -1.0776051
7.4999951e-11 -1.0998456
7.249995e-11 -1.1085805
6.999995e-11 -1.1043233
6.7500006e-11 -1.1223245
6.5000005e-11 -1.1630814
6.2500005e-11 -1.1138376
6.0000005e-11 -1.0896912
5.7500005e-11 -1.0943447
5.5000005e-11 -1.1660689
5.2500004e-11 -1.1338718
5.0000004e-11 -1.1616062
4.7500004e-11 -1.1352634
4.5000004e-11 -1.1253072
4.2500004e-11 -1.1558887
4.0000003e-11 -1.1600565
3.7500003e-11 -1.1635439
3.5000003e-11 -1.172369
3.2500003e-11 -1.1855496
3.0000002e-11 -1.1717145
2.7500002e-11 -1.2121277
2.5000002e-11 -1.196085
2.2500002e-11 -1.199302
2.0000002e-11 -1.2382976
1.7500001e-11 -1.2134087
1.5000001e-11 -1.2414014
1.2500001e-11 -1.2377446
1.0000001e-11 -1.2519196
7.5000006e-12 -1.2610055
5.0000004e-12 -1.2219803
2.5000002e-12 -1.2792085
0.0 -1.2693217
