9.9999997e-10 -0.51088834
9.9749997e-10 -0.52663058
9.9499997e-10 -0.51919717
9.9249997e-10 -0.5442276
9.8999997e-10 -0.50723553
9.8749997e-10 -0.50629008
9.8499997e-10 -0.51078504
9.8249997e-10 -0.55206823
9.7999997e-10 -0.52851915
9.7749997e-10 -0.52657932
9.7499997e-10 -0.53318447
9.7249997e-10 -0.53123248
9.6999997e-10 -0.48998713
9.6749997e-10 -0.55006218
9.6499997e-10 -0.51935899
9.6249997e-10 -0.53211504
9.5999997e-10 -0.51285356
9.5749997e-10 -0.55047727
9.5499997e-10 -0.52602333
9.5249997e-10 -0.53001279
9.4999997e-10 -0.53092611
9.4749997e-10 -0.52520478
9.4499997e-10 -0.52585799
9.4249997e-10 -0.51613575
9.3999997e-10 -0.52600676
9.3749997e-10 -0.51081103
9.3499997e-10 -0.51599604
9.3249997e-10 -0.51105011
9.2999997e-10 -0.55176276
9.2749997e-10 -0.56802446
9.2499997e-10 -0.50244528
9.2249997e-10 -0.55469
9.1999997e-10 -0.53089029
9.1749996e-10 -0.51438433
9.1499996e-10 -0.52391464
9.1249996e-10 -0.54805136
9.0999996e-10 -0.53281969
9.0749996e-10 -0.53359973
9.0499996e-10 -0.55873179
9.0249996e-10 -0.54188478
8.9999996e-10 -0.57433939
8.9749996e-10 -0.53172433
8.9499996e-10 -0.48951182
8.9249996e-10 -0.51864588
8.8999996e-10 -0.53716028
8.8749996e-10 -0.52844644
8.8499996e-10 -0.50654817
8.8249996e-10 -0.54093039
8.7999996e-10 -0.50506866
8.7749996e-10 -0.5139358
8.7499996e-10 -0.54544163
8.7249996e-10 -0.57253885
8.6999996e-10 -0.52211255
8.6749996e-10 -0.54261672
8.6499996e-10 -0.55638784
8.6249996e-10 -0.52437019
8.5999996e-10 -0.57476997
8.5749996e-10 -0.57637805
8.5499996e-10 -0.53044778
8.5249996e-10 -0.55753994
8.4999996e-10 -0.52144027
8.4749996e-10 -0.54125983
8.4499996e-10 -0.54928857
8.4249996e-10 -0.56337535
8.3999996e-10 -0.54585445
8.3749996e-10 -0.51105303
8.3499996e-10 -0.52689576
8.3249996e-10 -0.53252614
8.2999996e-10 -0.536668
8.2749996e-10 -0.53442681
8.2499996e-10 -0.55010384
8.2249996e-10 -0.5067119
8.1999996e-10 -0.53293258
8.1749996e-10 -0.54171169
8.1499996e-10 -0.48842767
8.1249996e-10 -0.54251927
8.0999996e-10 -0.50714135
8.0749996e-10 -0.5513311
8.0499996e-10 -0.5631277
8.0249996e-10 -0.54227251
7.9999996e-10 -0.54372704
7.9749995e-10 -0.52182114
7.9499995e-10 -0.55647266
7.9249995e-10 -0.54233813
7.8999995e-10 -0.53980005
7.8749995e-10 -0.54007334
7.8499995e-10 -0.57274634
7.8249995e-10 -0.54493338
7.7999995e-10 -0.54543644
7.7749995e-10 -0.51998001
7.7499995e-10 -0.53860223
7.7249995e-10 -0.53150427
7.6999995e-10 -0.54496258
7.6749995e-10 -0.54204005
7.6499995e-10 -0.54036981
7.6249995e-10 -0.58014137
7.5999995e-10 -0.52303165
7.5749995e-10 -0.52527553
7.5499995e-10 -0.55074513
7.5249995e-10 -0.54680687
7.4999995e-10 -0.57242656
7.4749995e-10 -0.53560567
7.4499995e-10 -0.52942938
7.4249995e-10 -0.51424694
7.3999995e-10 -0.60578638
7.3749995e-10 -0.52688789
7.3499995e-10 -0.53536171
7.3249995e-10 -0.53257418
7.2999995e-10 -0.56207073
7.2749995e-10 -0.57690251
7.2499995e-10 -0.54656571
7.2249995e-10 -0.54495955
7.1999995e-10 -0.55198336
7.1749995e-10 -0.56507063
7.1499995e-10 -0.53419453
7.1249995e-10 -0.56358898
7.0999995e-10 -0.56791431
7.0749995e-10 -0.59404474
7.0499995e-10 -0.54178977
7.0249995e-10 -0.56290334
6.9999995e-10 -0.54489189
6.9749995e-10 -0.547153
6.9499995e-10 -0.57365161
6.9249995e-10 -0.5711363
6.8999995e-10 -0.60796219
6.8749995e-10 -0.58566755
6.8499995e-10 -0.54776305
6.8249995e-10 -0.54215765
6.7999995e-10 -0.57378876
6.7749995e-10 -0.57393634
6.7499994e-10 -0.55081242
6.7249994e-10 -0.5544427
6.6999994e-10 -0.51259214
6.6749994e-10 -0.5920977
6.6499994e-10 -0.56805247
6.6249994e-10 -0.55615842
6.5999994e-10 -0.57116503
6.5749994e-10 -0.56519735
6.5499994e-10 -0.56332481
6.5249994e-10 -0.5951103
6.4999994e-10 -0.56291312
6.4749994e-10 -0.55617231
6.4499994e-10 -0.58114886
6.4249994e-10 -0.5724631
6.3999994e-10 -0.58597255
6.3749994e-10 -0.57043445
6.3499994e-10 -0.58477277
6.3249994e-10 -0.58130193
6.2999994e-10 -0.61926156
6.2749994e-10 -0.58471084
6.2499994e-10 -0.5945071
6.2249994e-10 -0.58223569
6.1999994e-10 -0.58730865
6.1749994e-10 -0.58285081
6.1499994e-10 -0.61049777
6.1249994e-10 -0.55933321
6.0999994e-10 -0.59348911
6.0749994e-10 -0.57170206
6.0499994e-10 -0.59107625
6.0249994e-10 -0.58153635
5.9999994e-10 -0.613617
5.9749994e-10 -0.59210563
5.9499994e-10 -0.59194183
5.9249994e-10 -0.63144726
5.8999994e-10 -0.57895297
5.8749994e-10 -0.58703434
5.8499994e-10 -0.58681864
5.8249994e-10 -0.56938696
5.7999994e-10 -0.60065407
5.7749994e-10 -0.61906433
5.7499994e-10 -0.60497135
5.7249994e-10 -0.61852151
5.6999994e-10 -0.62519282
5.6749994e-10 -0.60729069
5.6499994e-10 -0.64940214
5.6249994e-10 -0.61953509
5.5999994e-10 -0.61882311
5.5749994e-10 -0.61122
5.5499993e-10 -0.63352507
5.5249993e-10 -0.62200958
5.4999993e-10 -0.60376376
5.4749993e-10 -0.57886881
5.4499993e-10 -0.61839396
5.4249993e-10 -0.63233691
5.3999993e-10 -0.62562758
5.3749993e-10 -0.6580739
5.3499993e-10 -0.62979507
5.3249999e-10 -0.64672756
5.2999999e-10 -0.67003822
5.2749999e-10 -0.61199754
5.2499999e-10 -0.61759174
5.2249999e-10 -0.63777184
5.1999999e-10 -0.66253537
5.1749999e-10 -0.6856429
5.1499999e-10 -0.6482206
5.1249999e-10 -0.67255181
5.0999999e-10 -0.63288397
5.0749999e-10 -0.66558123
5.0499999e-10 -0.66683656
5.0249999e-10 -0.62661397
4.9999999e-10 -0.65211695
4.9749999e-10 -0.64426893
4.9499999e-10 -0.67495972
4.9249999e-10 -0.70075661
4.8999999e-10 -0.68719208
4.8749998e-10 -0.67795777
4.8499998e-10 -0.6891495
4.8249998e-10 -0.69659472
4.7999998e-10 -0.68581164
4.7749998e-10 -0.70857048
4.7499998e-10 -0.68540621
4.7249998e-10 -0.71274644
4.6999998e-10 -0.69947195
4.6749998e-10 -0.7281158
4.6499998e-10 -0.71652704
4.6249998e-10 -0.72028673
4.5999998e-10 -0.73146206
4.5749998e-10 -0.71546358
4.5499998e-10 -0.73061365
4.5249998e-10 -0.71039611
4.4999998e-10 -0.72711378
4.4749998e-10 -0.74740809
4.4499998e-10 -0.7237308
4.4249998e-10 -0.75297683
4.3999998e-10 -0.73678315
4.3749998e-10 -0.75443596
4.3499998e-10 -0.74782842
4.3249998e-10 -0.74547511
4.2999998e-10 -0.75437039
4.2749998e-10 -0.78939992
4.2499998e-10 -0.74267167
4.2249998e-10 -0.73000985
4.1999998e-10 -0.76292557
4.1749998e-10 -0.76363069
4.1499998e-10 -0.76319271
4.1249998e-10 -0.76239848
4.0999998e-10 -0.77235949
4.0749998e-10 -0.77566099
4.0499998e-10 -0.76865542
4.0249998e-10 -0.74664783
3.9999998e-10 -0.77784497
3.9749998e-10 -0.78834534
3.9499998e-10 -0.77853817
3.9249998e-10 -0.76106828
3.8999998e-10 -0.75654846
3.8749998e-10 -0.79782075
3.8499998e-10 -0.80441433
3.8249998e-10 -0.7559557
3.7999998e-10 -0.78670973
3.7749998e-10 -0.76862431
3.7499998e-10 -0.76370496
3.7249998e-10 -0.7770946
3.6999998e-10 -0.78264904
3.6749997e-10 -0.81405157
3.6499997e-10 -0.76778656
3.6249997e-10 -0.79356623
3.5999997e-10 -0.77401614
3.5749997e-10 -0.76328558
3.5499997e-10 -0.77659553
3.5249997e-10 -0.77373028
3.4999997e-10 -0.7857092
3.4749997e-10 -0.76739025
3.4499997e-10 -0.78071988
3.4249997e-10 -0.76765716
3.3999997e-10 -0.7723859
3.3749997e-10 -0.77267331
3.3499997e-10 -0.76829493
3.3249997e-10 -0.78666347
3.2999997e-10 -0.76214516
3.2749997e-10 -0.80727619
3.2499997e-10 -0.7593137
3.2249997e-10 -0.7692982
3.1999997e-10 -0.80769324
3.1749997e-10 -0.76449424
3.1499997e-10 -0.77508694
3.1249997e-10 -0.7723434
3.0999997e-10 -0.77490366
3.0749997e-10 -0.81421453
3.0499997e-10 -0.78362757
3.0249997e-10 -0.77831316
2.9999997e-10 -0.80164331
2.9749997e-10 -0.77222008
2.9499997e-10 -0.79494053
2.9249997e-10 -0.78117698
2.8999997e-10 -0.76873022
2.8749997e-10 -0.77886349
2.8499997e-10 -0.75855672
2.8249997e-10 -0.79097974
2.7999997e-10 -0.7932713
2.7749997e-10 -0.79645163
2.7499997e-10 -0.79252785
2.7249997e-10 -0.80919224
2.6999997e-10 -0.78293073
2.6749997e-10 -0.80059505
2.6499997e-10 -0.81692457
2.6249997e-10 -0.81195176
2.5999997e-10 -0.76055515
2.5749997e-10 -0.80830085
2.5499997e-10 -0.81501305
2.5249997e-10 -0.84975004
2.4999997e-10 -0.82510608
2.4749996e-10 -0.80194098
2.4499996e-10 -0.78445852
2.4249996e-10 -0.82092786
2.3999996e-10 -0.8379159
2.3749996e-10 -0.85515964
2.3499996e-10 -0.85544312
2.3249996e-10 -0.82015622
2.2999996e-10 -0.82619429
2.2749996e-10 -0.81762731
2.2499996e-10 -0.84281814
2.2249996e-10 -0.85107958
2.1999996e-10 -0.84595782
2.1749996e-10 -0.84293592
2.1499996e-10 -0.86355144
2.1249996e-10 -0.8871879
2.0999996e-10 -0.84310037
2.0749996e-10 -0.84601843
2.0499996e-10 -0.87931287
2.0249996e-10 -0.87582016
1.9999996e-10 -0.86401433
1.9749996e-10 -0.85899627
1.9499996e-10 -0.88326871
1.9249996e-10 -0.89271134
1.8999996e-10 -0.86872029
1.8749996e-10 -0.89289951
1.8499996e-10 -0.90206563
1.8249996e-10 -0.92544055
1.7999996e-10 -0.92329824
1.7749996e-10 -0.88792098
1.7499996e-10 -0.94085509
1.7249996e-10 -0.89189035
1.6999996e-10 -0.88626599
1.6749996e-10 -0.90425426
1.6499996e-10 -0.91168237
1.6249996e-10 -0.93457532
1.5999996e-10 -0.92115706
1.5749996e-10 -0.95027733
1.5499996e-10 -0.92316097
1.5249996e-10 -0.95185053
1.4999996e-10 -0.91915637
1.4749996e-10 -0.97527528
1.4499996e-10 -0.95488304
1.4249996e-10 -0.94308352
1.3999996e-10 -0.96148592
1.3749996e-10 -0.9512952
1.3499996e-10 -0.9798851
1.3249996e-10 -0.96576053
1.2999996e-10 -0.94970316
1.2749996e-10 -0.9766202
1.2499995e-10 -0.95521623
1.2249995e-10 -0.99001408
1.1999995e-10 -1.0100179
1.1749995e-10 -1.0176996
1.1499995e-10 -1.0088326
1.1249995e-10 -0.99300957
1.0999995e-10 -1.0046153
1.0749995e-10 -1.0089245
1.0499995e-10 -1.0219506
1.0249995e-10 -0.99560392
9.9999953e-11 -0.98953503
9.7499953e-11 -1.0195518
9.4999952e-11 -1.0177259
9.2499952e-11 -1.0346068
8.9999952e-11 -1.1042552
8.7499952e-11 -1.2112041
8.4999952e-11 -1.0557477
8.2499951e-11 -1.0374827
7.9999951e-11 -1.0372872
7.7499951e-11 -1.0628701
7.4999951e-11 -1.1413733
7.249995e-11 -1.0470616
6.999995e-11 -1.0730774
6.7500006e-11 -1.073954
6.5000005e-11 -1.0800399
6.2500005e-11 -1.0893903
6.0000005e-11 -1.0946039
5.7500005e-11 -1.1074698
5.5000005e-11 -1.1018462
5.2500004e-11 -1.1117107
5.0000004e-11 -1.1461031
4.7500004e-11 -1.1126016
4.5000004e-11 -1.1256502
4.2500004e-11 -1.1048009
4.0000003e-11 -1.1382626
3.7500003e-11 -1.1827669
3.5000003e-11 -1.1832055
3.2500003e-11 -1.1936252
3.0000002e-11 -1.1867168
2.7500002e-11 -1.1975625
2.5000002e-11 -1.2202517
2.2500002e-11 -1.2063987
2.0000002e-11 -1.2332258
1.7500001e-11 -1.2302362
1.5000001e-11 -1.2239699
1.2500001e-11 -1.2305106
1.0000001e-11 -1.253171
7.5000006e-12 -1.2347463
5.0000004e-12 -1.2081496
2.5000002e-12 -1.2881945
0.0 -1.3260359
