9.9999997e-10 -0.53033519
9.9749997e-10 -0.550111
9.9499997e-10 -0.57734782
9.9249997e-10 -0.52539498
9.8999997e-10 -0.53696388
9.8749997e-10 -0.53405011
9.8499997e-10 -0.52475154
9.8249997e-10 -0.50277257
9.7999997e-10 -0.51561159
9.7749997e-10 -0.52221137
9.7499997e-10 -0.52778929
9.7249997e-10 -0.50876558
9.6999997e-10 -0.54812771
9.6749997e-10 -0.54532635
9.6499997e-10 -0.55456543
9.6249997e-10 -0.53999501
9.5999997e-10 -0.52337313
9.5749997e-10 -0.53471822
9.5499997e-10 -0.54725492
9.5249997e-10 -0.56111163
9.4999997e-10 -0.56894678
9.4749997e-10 -0.52102917
9.4499997e-10 -0.54030585
9.4249997e-10 -0.53554678
9.3999997e-10 -0.55793309
9.3749997e-10 -0.55756342
9.3499997e-10 -0.53944862
9.3249997e-10 -0.5257386
9.2999997e-10 -0.54096341
9.2749997e-10 -0.52855539
9.2499997e-10 -0.53625965
9.2249997e-10 -0.52620548
9.1999997e-10 -0.52071387
9.1749996e-10 -0.56281668
9.1499996e-10 -0.51897436
9.1249996e-10 -0.53719306
9.0999996e-10 -0.56760526
9.0749996e-10 -0.53537655
9.0499996e-10 -0.5274213
9.0249996e-10 -0.55398411
8.9999996e-10 -0.51701802
8.9749996e-10 -0.55733413
8.9499996e-10 -0.53539443
8.9249996e-10 -0.55712831
8.8999996e-10 -0.54235733
8.8749996e-10 -0.56218982
8.8499996e-10 -0.52147114
8.8249996e-10 -0.54515231
8.7999996e-10 -0.56048346
8.7749996e-10 -0.53523701
8.7499996e-10 -0.55794865
8.7249996e-10 -0.54456925
8.6999996e-10 -0.49828222
8.6749996e-10 -0.55556184
8.6499996e-10 -0.53843236
8.6249996e-10 -0.57951194
8.5999996e-10 -0.53459042
8.5749996e-10 -0.53817362
8.5499996e-10 -0.51912463
8.5249996e-10 -0.53626829
8.4999996e-10 -0.53635138
8.4749996e-10 -0.50851965
8.4499996e-10 -0.55639601
8.4249996e-10 -0.53896165
8.3999996e-10 -0.54193795
8.3749996e-10 -0.52934289
8.3499996e-10 -0.56604338
8.3249996e-10 -0.56815958
8.2999996e-10 -0.56636781
8.2749996e-10 -0.56996197
8.2499996e-10 -0.55673331
8.2249996e-10 -0.56291395
8.1999996e-10 -0.53866148
8.1749996e-10 -0.57269377
8.1499996e-10 -0.54764038
8.1249996e-10 -0.5747903
8.0999996e-10 -0.53505707
8.0749996e-10 -0.55871606
8.0499996e-10 -0.55163831
8.0249996e-10 -0.55023468
7.9999996e-10 -0.57133025
7.9749995e-10 -0.52476078
7.9499995e-10 -0.59085041
7.9249995e-10 -0.54118425
7.8999995e-10 -0.54902965
7.8749995e-10 -0.5759784
7.8499995e-10 -0.55033171
7.8249995e-10 -0.5864619
7.7999995e-10 -0.55072379
7.7749995e-10 -0.59858191
7.7499995e-10 -0.59365523
7.7249995e-10 -0.57188034
7.6999995e-10 -0.55948818
7.6749995e-10 -0.55709219
7.6499995e-10 -0.5777809
7.6249995e-10 -0.58448762
7.5999995e-10 -0.5973534
7.5749995e-10 -0.56502724
7.5499995e-10 -0.56946886
7.5249995e-10 -0.60826474
7.4999995e-10 -0.5276469
7.4749995e-10 -0.57445991
7.4499995e-10 -0.59047496
7.4249995e-10 -0.54617363
7.3999995e-10 -0.57113433
7.3749995e-10 -0.58054882
7.3499995e-10 -0.57015002
7.3249995e-10 -0.5575186
7.2999995e-10 -0.57687843
7.2749995e-10 -0.58366901
7.2499995e-10 -0.56055528
7.2249995e-10 -0.55863196
7.1999995e-10 -0.58973348
7.1749995e-10 -0.59362751
7.1499995e-10 -0.56264293
7.1249995e-10 -0.55050439
7.0999995e-10 -0.56204939
7.0749995e-10 -0.54965258
7.0499995e-10 -0.58544827
7.0249995e-10 -0.60143542
6.9999995e-10 -0.57821459
6.9749995e-10 -0.57710385
6.9499995e-10 -0.58688426
6.9249995e-10 -0.56861597
6.8999995e-10 -0.54832262
6.8749995e-10 -0.57868969
6.8499995e-10 -0.59291971
6.8249995e-10 -0.5908637
6.7999995e-10 -0.5786345
6.7749995e-10 -0.57673103
6.7499994e-10 -0.59772879
6.7249994e-10 -0.608549
6.6999994e-10 -0.6065259
6.6749994e-10 -0.58903062
6.6499994e-10 -0.55215937
6.6249994e-10 -0.60757661
6.5999994e-10 -0.59411436
6.5749994e-10 -0.54520667
6.5499994e-10 -0.57855445
6.5249994e-10 -0.55018067
6.4999994e-10 -0.60948837
6.4749994e-10 -0.59280527
6.4499994e-10 -0.59713262
6.4249994e-10 -0.60534674
6.3999994e-10 -0.60829383
6.3749994e-10 -0.61760116
6.3499994e-10 -0.57903904
6.3249994e-10 -0.60534453
6.2999994e-10 -0.5961659
6.2749994e-10 -0.59676623
6.2499994e-10 -0.60617268
6.2249994e-10 -0.58903754
6.1999994e-10 -0.61307138
6.1749994e-10 -0.57952774
6.1499994e-10 -0.65336049
6.1249994e-10 -0.6327734
6.0999994e-10 -0.64510494
6.0749994e-10 -0.59487587
6.0499994e-10 -0.59567738
6.0249994e-10 -0.64920312
5.9999994e-10 -0.59112406
5.9749994e-10 -0.60657322
5.9499994e-10 -0.6276381
5.9249994e-10 -0.63190275
5.8999994e-10 -0.67407566
5.8749994e-10 -0.64941353
5.8499994e-10 -0.63234019
5.8249994e-10 -0.62987149
5.7999994e-10 -0.68447244
5.7749994e-10 -0.6351254
5.7499994e-10 -0.65720654
5.7249994e-10 -0.71088415
5.6999994e-10 -0.67203742
5.6749994e-10 -0.67215937
5.6499994e-10 -0.67292047
5.6249994e-10 -0.65732014
5.5999994e-10 -0.66812992
5.5749994e-10 -0.7179091
5.5499993e-10 -0.6775648
5.5249993e-10 -0.6921072
5.4999993e-10 -0.69495642
5.4749993e-10 -0.69530559
5.4499993e-10 -0.70870543
5.4249993e-10 -0.67821372
5.3999993e-10 -0.70624691
5.3749993e-10 -0.69518757
5.3499993e-10 -0.69727337
5.3249999e-10 -0.71012789
5.2999999e-10 -0.73162532
5.2749999e-10 -0.71942329
5.2499999e-10 -0.73606962
5.2249999e-10 -0.74282855
5.1999999e-10 -0.73555827
5.1749999e-10 -0.71895522
5.1499999e-10 -0.71254116
5.1249999e-10 -0.72763306
5.0999999e-10 -0.72000784
5.0749999e-10 -0.74742377
5.0499999e-10 -0.74929285
5.0249999e-10 -0.69812214
4.9999999e-10 -0.74653071
4.9749999e-10 -0.73222756
4.9499999e-10 -0.77581346
4.9249999e-10 -0.75455213
4.8999999e-10 -0.79097754
4.8749998e-10 -0.73052514
4.8499998e-10 -0.7581619
4.8249998e-10 -0.76512527
4.7999998e-10 -0.77936649
4.7749998e-10 -0.73132968
4.7499998e-10 -0.76870948
4.7249998e-10 -0.76030546
4.6999998e-10 -0.75217354
4.6749998e-10 -0.79612529
4.6499998e-10 -0.75270021
4.6249998e-10 -0.75161892
4.5999998e-10 -0.79239821
4.5749998e-10 -0.75685161
4.5499998e-10 -0.76631957
4.5249998e-10 -0.77406806
4.4999998e-10 -0.77897972
4.4749998e-10 -0.78680402
4.4499998e-10 -0.75625259
4.4249998e-10 -0.77101749
4.3999998e-10 -0.7849018
4.3749998e-10 -0.79108304
4.3499998e-10 -0.75539827
4.3249998e-10 -0.76985693
4.2999998e-10 -0.76786774
4.2749998e-10 -0.74689239
4.2499998e-10 -0.76453948
4.2249998e-10 -0.75894976
4.1999998e-10 -0.77353519
4.1749998e-10 -0.74115175
4.1499998e-10 -0.77279741
4.1249998e-10 -0.7057398
4.0999998e-10 -0.74276114
4.0749998e-10 -0.75984031
4.0499998e-10 -0.71493953
4.0249998e-10 -0.75813919
3.9999998e-10 -0.7645635
3.9749998e-10 -0.71669513
3.9499998e-10 -0.74326986
3.9249998e-10 -0.71229166
3.8999998e-10 -0.71331376
3.8749998e-10 -0.71960312
3.8499998e-10 -0.74295366
3.8249998e-10 -0.73824477
3.7999998e-10 -0.72449493
3.7749998e-10 -0.7548061
3.7499998e-10 -0.74276036
3.7249998e-10 -0.74115676
3.6999998e-10 -0.7453149
3.6749997e-10 -0.73672408
3.6499997e-10 -0.74442983
3.6249997e-10 -0.70812309
3.5999997e-10 -0.74038178
3.5749997e-10 -0.73607355
3.5499997e-10 -0.77503622
3.5249997e-10 -0.77412498
3.4999997e-10 -0.74923128
3.4749997e-10 -0.75346893
3.4499997e-10 -0.76189715
3.4249997e-10 -0.76629931
3.3999997e-10 -0.75298947
3.3749997e-10 -0.77283609
3.3499997e-10 -0.7451427
3.3249997e-10 -0.78177965
3.2999997e-10 -0.77688217
3.2749997e-10 -0.78676683
3.2499997e-10 -0.74919444
3.2249997e-10 -0.78583938
3.1999997e-10 -0.78560764
3.1749997e-10 -0.78599042
3.1499997e-10 -0.78399712
3.1249997e-10 -0.7509231
3.0999997e-10 -0.78711194
3.0749997e-10 -0.78184217
3.0499997e-10 -0.73911983
3.0249997e-10 -0.77953917
2.9999997e-10 -0.78529984
2.9749997e-10 -0.79703009
2.9499997e-10 -0.76670498
2.9249997e-10 -0.77398247
2.8999997e-10 -0.80347216
2.8749997e-10 -0.78416854
2.8499997e-10 -0.79799718
2.8249997e-10 -0.78316998
2.7999997e-10 -0.78314096
2.7749997e-10 -0.82775807
2.7499997e-10 -0.80834568
2.7249997e-10 -0.80164778
2.6999997e-10 -0.82440084
2.6749997e-10 -0.81900555
2.6499997e-10 -0.85661846
2.6249997e-10 -0.82341003
2.5999997e-10 -0.84544903
2.5749997e-10 -0.83440667
2.5499997e-10 -0.84803075
2.5249997e-10 -0.84970886
2.4999997e-10 -0.87940741
2.4749996e-10 -0.85532981
2.4499996e-10 -0.83023673
2.4249996e-10 -0.87512916
2.3999996e-10 -0.85229892
2.3749996e-10 -0.87514418
2.3499996e-10 -0.86567247
2.3249996e-10 -0.86826915
2.2999996e-10 -0.84612703
2.2749996e-10 -0.86089677
2.2499996e-10 -0.84547067
2.2249996e-10 -0.84809804
2.1999996e-10 -0.87093228
2.1749996e-10 -0.87251323
2.1499996e-10 -0.86914176
2.1249996e-10 -0.88499826
2.0999996e-10 -0.8876614
2.0749996e-10 -0.85475749
2.0499996e-10 -0.86746407
2.0249996e-10 -0.8881712
1.9999996e-10 -0.89342695
1.9749996e-10 -0.90598971
1.9499996e-10 -0.88980758
1.9249996e-10 -0.94419968
1.8999996e-10 -0.89778459
1.8749996e-10 -0.91420686
1.8499996e-10 -0.93474215
1.8249996e-10 -0.92303938
1.7999996e-10 -0.93210095
1.7749996e-10 -0.94893724
1.7499996e-10 -0.9301334
1.7249996e-10 -0.96521199
1.6999996e-10 -0.9685486
1.6749996e-10 -0.94990325
1.6499996e-10 -0.93206859
1.6249996e-10 -0.94313401
1.5999996e-10 -0.95447326
1.5749996e-10 -0.96925974
1.5499996e-10 -0.98626828
1.5249996e-10 -0.96124399
1.4999996e-10 -0.93905109
1.4749996e-10 -0.96586376
1.4499996e-10 -1.0000401
1.4249996e-10 -0.98457265
1.3999996e-10 -0.99231219
1.3749996e-10 -1.0067946
1.3499996e-10 -1.0009344
1.3249996e-10 -0.98723632
1.2999996e-10 -1.0081519
1.2749996e-10 -1.0277104
1.2499995e-10 -1.0208555
1.2249995e-10 -1.0147146
1.1999995e-10 -1.0158204
1.1749995e-10 -0.99684381
1.1499995e-10 -1.0312008
1.1249995e-10 -1.0206608
1.0999995e-10 -1.0485414
1.0749995e-10 -1.0413824
1.0499995e-10 -1.0624809
1.0249995e-10 -1.0635912
9.9999953e-11 -1.0373172
9.7499953e-11 -1.0379572
9.4999952e-11 -1.0946202
9.2499952e-11 -1.0345201
8.9999952e-11 -1.0563443
8.7499952e-11 -1.0844123
8.4999952e-11 -1.0980141
8.2499951e-11 -1.0825195
7.9999951e-11 -1.0938056
7.7499951e-11 -1.0827618
7.4999951e-11 -1.0966159
7.249995e-11 -1.0869943
6.999995e-11 -1.125614
6.7500006e-11 -1.1110876
6.5000005e-11 -1.0967755
6.2500005e-11 -1.1073823
6.0000005e-11 -1.1269947
5.7500005e-11 -1.1640062
5.5000005e-11 -1.11305
5.2500004e-11 -1.1377549
5.0000004e-11 -1.161377
4.7500004e-11 -1.1420456
4.5000004e-11 -1.181479
4.2500004e-11 -1.2010154
4.0000003e-11 -1.1834208
3.7500003e-11 -1.181391
3.5000003e-11 -1.2419221
3.2500003e-11 -1.21366
3.0000002e-11 -1.2079805
2.7500002e-11 -1.2218515
2.5000002e-11 -1.1853622
2.2500002e-11 -1.2413301
2.0000002e-11 -1.239499
1.7500001e-11 -1.2531157
1.5000001e-11 -1.2330365
1.2500001e-11 -1.221406
1.0000001e-11 -1.2602686
7.5000006e-12 -1.2489796
5.0000004e-12 -1.3084186
2.5000002e-12 -1.2992822
0.0 -1.2911128
