9.9999997e-10 -0.50964445
9.9749997e-10 -0.50675368
9.9499997e-10 -0.50417519
9.9249997e-10 -0.52400732
9.8999997e-10 -0.49881738
9.8749997e-10 -0.49169788
9.8499997e-10 -0.5397954
9.8249997e-10 -0.5178954
9.7999997e-10 -0.51352894
9.7749997e-10 -0.51557446
9.7499997e-10 -0.53784096
9.7249997e-10 -0.53047478
9.6999997e-10 -0.51678818
9.6749997e-10 -0.48955384
9.6499997e-10 -0.49376139
9.6249997e-10 -0.54625958
9.5999997e-10 -0.54206157
9.5749997e-10 -0.50900757
9.5499997e-10 -0.53657067
9.5249997e-10 -0.50703859
9.4999997e-10 -0.51489186
9.4749997e-10 -0.52192038
9.4499997e-10 -0.54569495
9.4249997e-10 -0.51631618
9.3999997e-10 -0.54667199
9.3749997e-10 -0.52227962
9.3499997e-10 -0.50076079
9.3249997e-10 -0.51944923
9.2999997e-10 -0.53615403
9.2749997e-10 -0.5173595
9.2499997e-10 -0.51288915
9.2249997e-10 -0.50296158
9.1999997e-10 -0.51660073
9.1749996e-10 -0.52596116
9.1499996e-10 -0.5095281
9.1249996e-10 -0.50789893
9.0999996e-10 -0.52958381
9.0749996e-10 -0.50609124
9.0499996e-10 -0.52132672
9.0249996e-10 -0.4831627
8.9999996e-10 -0.5242812
8.9749996e-10 -0.4924311
8.9499996e-10 -0.53851271
8.9249996e-10 -0.53262848
8.8999996e-10 -0.52086449
8.8749996e-10 -0.49071977
8.8499996e-10 -0.50039881
8.8249996e-10 -0.55317873
8.7999996e-10 -0.49729049
8.7749996e-10 -0.53853279
8.7499996e-10 -0.49425614
8.7249996e-10 -0.5117898
8.6999996e-10 -0.51101929
8.6749996e-10 -0.52262717
8.6499996e-10 -0.52171278
8.6249996e-10 -0.50903785
8.5999996e-10 -0.5149076
8.5749996e-10 -0.54031646
8.5499996e-10 -0.51287854
8.5249996e-10 -0.52550387
8.4999996e-10 -0.51862782
8.4749996e-10 -0.54139239
8.4499996e-10 -0.53243887
8.4249996e-10 -0.5432896
8.3999996e-10 -0.54613268
8.3749996e-10 -0.53308851
8.3499996e-10 -0.50476724
8.3249996e-10 -0.53224367
8.2999996e-10 -0.55351681
8.2749996e-10 -0.54832661
8.2499996e-10 -0.49649689
8.2249996e-10 -0.5300203
8.1999996e-10 -0.5297606
8.1749996e-10 -0.53191853
8.1499996e-10 -0.54893255
8.1249996e-10 -0.54716963
8.0999996e-10 -0.50776368
8.0749996e-10 -0.51989317
8.0499996e-10 -0.50523692
8.0249996e-10 -0.5522995
7.9999996e-10 -0.5203535
7.9749995e-10 -0.51709408
7.9499995e-10 -0.50873548
7.9249995e-10 -0.54477447
7.8999995e-10 -0.55186176
7.8749995e-10 -0.51003736
7.8499995e-10 -0.55732852
7.8249995e-10 -0.54192281
7.7999995e-10 -0.55759805
7.7749995e-10 -0.54521906
7.7499995e-10 -0.5366779
7.7249995e-10 -0.56971568
7.6999995e-10 -0.58395088
7.6749995e-10 -0.5262661
7.6499995e-10 -0.51644653
7.6249995e-10 -0.55269146
7.5999995e-10 -0.53106982
7.5749995e-10 -0.57059669
7.5499995e-10 -0.52193999
7.5249995e-10 -0.54517454
7.4999995e-10 -0.52787483
7.4749995e-10 -0.54828101
7.4499995e-10 -0.53629094
7.4249995e-10 -0.54987144
7.3999995e-10 -0.57032514
7.3749995e-10 -0.56157547
7.3499995e-10 -0.50389165
7.3249995e-10 -0.55848873
7.2999995e-10 -0.53927135
7.2749995e-10 -0.55078566
7.2499995e-10 -0.58617485
7.2249995e-10 -0.57730609
7.1999995e-10 -0.5667454
7.1749995e-10 -0.57496971
7.1499995e-10 -0.54617602
7.1249995e-10 -0.55460346
7.0999995e-10 -0.55478543
7.0749995e-10 -0.57753485
7.0499995e-10 -0.54804164
7.0249995e-10 -0.54450774
6.9999995e-10 -0.57814765
6.9749995e-10 -0.56013733
6.9499995e-10 -0.58424795
6.9249995e-10 -0.54037708
6.8999995e-10 -0.58462125
6.8749995e-10 -0.5736832
6.8499995e-10 -0.58053368
6.8249995e-10 -0.58420593
6.7999995e-10 -0.57573307
6.7749995e-10 -0.54941064
6.7499994e-10 -0.54434037
6.7249994e-10 -0.55889744
6.6999994e-10 -0.5682559
6.6749994e-10 -0.54664522
6.6499994e-10 -0.51977623
6.6249994e-10 -0.5561828
6.5999994e-10 -0.55697644
6.5749994e-10 -0.60871452
6.5499994e-10 -0.56667137
6.5249994e-10 -0.54954445
6.4999994e-10 -0.57764918
6.4749994e-10 -0.55242264
6.4499994e-10 -0.5876388
6.4249994e-10 -0.5670104
6.3999994e-10 -0.59104604
6.3749994e-10 -0.57658792
6.3499994e-10 -0.55616289
6.3249994e-10 -0.58183408
6.2999994e-10 -0.57520413
6.2749994e-10 -0.57738435
6.2499994e-10 -0.59078485
6.2249994e-10 -0.56738555
6.1999994e-10 -0.58567953
6.1749994e-10 -0.58385819
6.1499994e-10 -0.56804967
6.1249994e-10 -0.58864784
6.0999994e-10 -0.58408952
6.0749994e-10 -0.58912492
6.0499994e-10 -0.56013423
6.0249994e-10 -0.57961088
5.9999994e-10 -0.56756198
5.9749994e-10 -0.53403431
5.9499994e-10 -0.596268
5.9249994e-10 -0.58361673
5.8999994e-10 -0.58673382
5.8749994e-10 -0.58786964
5.8499994e-10 -0.60156953
5.8249994e-10 -0.58734071
5.7999994e-10 -0.58158499
5.7749994e-10 -0.60539252
5.7499994e-10 -0.59215826
5.7249994e-10 -0.56829512
5.6999994e-10 -0.60270721
5.6749994e-10 -0.59349954
5.6499994e-10 -0.59585118
5.6249994e-10 -0.59450328
5.5999994e-10 -0.59422499
5.5749994e-10 -0.57675833
5.5499993e-10 -0.6076743
5.5249993e-10 -0.57812864
5.4999993e-10 -0.61291665
5.4749993e-10 -0.60026056
5.4499993e-10 -0.60252577
5.4249993e-10 -0.56206381
5.3999993e-10 -0.58407253
5.3749993e-10 -0.59695983
5.3499993e-10 -0.5703724
5.3249999e-10 -0.6049822
5.2999999e-10 -0.61762565
5.2749999e-10 -0.63311982
5.2499999e-10 -0.57671201
5.2249999e-10 -0.59358114
5.1999999e-10 -0.61341119
5.1749999e-10 -0.59822452
5.1499999e-10 -0.59735793
5.1249999e-10 -0.59521651
5.0999999e-10 -0.60662657
5.0749999e-10 -0.64827102
5.0499999e-10 -0.6111815
5.0249999e-10 -0.60489273
4.9999999e-10 -0.63281888
4.9749999e-10 -0.62993205
4.9499999e-10 -0.63706815
4.9249999e-10 -0.64386588
4.8999999e-10 -0.64045054
4.8749998e-10 -0.6488083
4.8499998e-10 -0.63232046
4.8249998e-10 -0.6345399
4.7999998e-10 -0.62408465
4.7749998e-10 -0.6218164
4.7499998e-10 -0.62327433
4.7249998e-10 -0.64592922
4.6999998e-10 -0.64187324
4.6749998e-10 -0.67927134
4.6499998e-10 -0.61246508
4.6249998e-10 -0.6665563
4.5999998e-10 -0.66994864
4.5749998e-10 -0.66610086
4.5499998e-10 -0.65875918
4.5249998e-10 -0.66089118
4.4999998e-10 -0.65119457
4.4749998e-10 -0.70269644
4.4499998e-10 -0.68914044
4.4249998e-10 -0.69182634
4.3999998e-10 -0.70862699
4.3749998e-10 -0.68723351
4.3499998e-10 -0.68538767
4.3249998e-10 -0.70211107
4.2999998e-10 -0.7105242
4.2749998e-10 -0.69882756
4.2499998e-10 -0.70635748
4.2249998e-10 -0.72293752
4.1999998e-10 -0.70796919
4.1749998e-10 -0.71650207
4.1499998e-10 -0.7347244
4.1249998e-10 -0.71342325
4.0999998e-10 -0.72099501
4.0749998e-10 -0.73982358
4.0499998e-10 -0.73221022
4.0249998e-10 -0.75458103
3.9999998e-10 -0.73513383
3.9749998e-10 -0.7644558
3.9499998e-10 -0.77301449
3.9249998e-10 -0.73675174
3.8999998e-10 -0.76119214
3.8749998e-10 -0.77481508
3.8499998e-10 -0.79147953
3.8249998e-10 -0.76551956
3.7999998e-10 -0.8080377
3.7749998e-10 -0.7915318
3.7499998e-10 -0.74204814
3.7249998e-10 -0.74944568
3.6999998e-10 -0.78729057
3.6749997e-10 -0.78369731
3.6499997e-10 -0.76653314
3.6249997e-10 -0.7940613
3.5999997e-10 -0.80644602
3.5749997e-10 -0.80195689
3.5499997e-10 -0.78635687
3.5249997e-10 -0.80916762
3.4999997e-10 -0.7723881
3.4749997e-10 -0.8259266
3.4499997e-10 -0.82692707
3.4249997e-10 -0.83380711
3.3999997e-10 -0.80227035
3.3749997e-10 -0.81825173
3.3499997e-10 -0.82039368
3.3249997e-10 -0.81922418
3.2999997e-10 -0.80295473
3.2749997e-10 -0.81853235
3.2499997e-10 -0.8142522
3.2249997e-10 -0.81676847
3.1999997e-10 -0.83168346
3.1749997e-10 -0.81603587
3.1499997e-10 -0.78744
3.1249997e-10 -0.81135684
3.0999997e-10 -0.84776145
3.0749997e-10 -0.80951214
3.0499997e-10 -0.80056691
3.0249997e-10 -0.81835067
2.9999997e-10 -0.81221634
2.9749997e-10 -0.80270213
2.9499997e-10 -0.83025032
2.9249997e-10 -0.81742239
2.8999997e-10 -0.79975855
2.8749997e-10 -0.83782297
2.8499997e-10 -0.86263508
2.8249997e-10 -0.81586486
2.7999997e-10 -0.83061111
2.7749997e-10 -0.81901634
2.7499997e-10 -0.83209348
2.7249997e-10 -0.80443525
2.6999997e-10 -0.85292399
2.6749997e-10 -0.838229
2.6499997e-10 -0.82129681
2.6249997e-10 -0.83055425
2.5999997e-10 -0.83324933
2.5749997e-10 -0.8493309
2.5499997e-10 -0.84346807
2.5249997e-10 -0.82057834
2.4999997e-10 -0.83374417
2.4749996e-10 -0.82349455
2.4499996e-10 -0.86527854
2.4249996e-10 -0.83961624
2.3999996e-10 -0.81355166
2.3749996e-10 -0.81317985
2.3499996e-10 -0.85415787
2.3249996e-10 -0.85709178
2.2999996e-10 -0.82709116
2.2749996e-10 -0.85765421
2.2499996e-10 -0.85713691
2.2249996e-10 -0.83153147
2.1999996e-10 -0.87753385
2.1749996e-10 -0.85421234
2.1499996e-10 -0.84286612
2.1249996e-10 -0.84454083
2.0999996e-10 -0.81466395
2.0749996e-10 -0.88309598
2.0499996e-10 -0.83095199
2.0249996e-10 -0.89069033
1.9999996e-10 -0.85769725
1.9749996e-10 -0.86816537
1.9499996e-10 -0.86187476
1.9249996e-10 -0.87573248
1.8999996e-10 -0.87513578
1.8749996e-10 -0.87338549
1.8499996e-10 -0.87357312
1.8249996e-10 -0.88064545
1.7999996e-10 -0.89359039
1.7749996e-10 -0.91569453
1.7499996e-10 -0.88439405
1.7249996e-10 -0.88072151
1.6999996e-10 -0.88443047
1.6749996e-10 -0.90450484
1.6499996e-10 -0.90372467
1.6249996e-10 -0.90628392
1.5999996e-10 -0.88532841
1.5749996e-10 -0.93851715
1.5499996e-10 -0.89176023
1.5249996e-10 -0.9084394
1.4999996e-10 -0.9266721
1.4749996e-10 -0.95993429
1.4499996e-10 -0.92238182
1.4249996e-10 -0.94840151
1.3999996e-10 -0.9381907
1.3749996e-10 -0.93261564
1.3499996e-10 -0.96268529
1.3249996e-10 -0.95583469
1.2999996e-10 -0.95684075
1.2749996e-10 -0.98643541
1.2499995e-10 -0.98709512
1.2249995e-10 -0.94699275
1.1999995e-10 -0.96290743
1.1749995e-10 -0.95738608
1.1499995e-10 -0.99131608
1.1249995e-10 -0.99794048
1.0999995e-10 -0.99395752
1.0749995e-10 -1.003934
1.0499995e-10 -1.0141309
1.0249995e-10 -1.0175203
9.9999953e-11 -1.0173721
9.7499953e-11 -0.99080157
9.4999952e-11 -1.0476881
9.2499952e-11 -1.0291358
8.9999952e-11 -1.0049382
8.7499952e-11 -1.0258871
8.4999952e-11 -1.0223976
8.2499951e-11 -1.04557
7.9999951e-11 -1.0521855
7.7499951e-11 -1.0688331
7.4999951e-11 -1.0640881
7.249995e-11 -1.0481648
6.999995e-11 -1.0634805
6.7500006e-11 -1.0757391
6.5000005e-11 -1.090794
6.2500005e-11 -1.1228662
6.0000005e-11 -1.1131095
5.7500005e-11 -1.1032112
5.5000005e-11 -1.097483
5.2500004e-11 -1.1258116
5.0000004e-11 -1.1096311
4.7500004e-11 -1.1256447
4.5000004e-11 -1.1434574
4.2500004e-11 -1.140478
4.0000003e-11 -1.1166545
3.7500003e-11 -1.1771418
3.5000003e-11 -1.1780502
3.2500003e-11 -1.1557102
3.0000002e-11 -1.1937099
2.7500002e-11 -1.2077811
2.5000002e-11 -1.1974574
2.2500002e-11 -1.2079824
2.0000002e-11 -1.1853409
1.7500001e-11 -1.2119826
1.5000001e-11 -1.2164909
1.2500001e-11 -1.2311685
1.0000001e-11 -1.2193238
7.5000006e-12 -1.2575388
5.0000004e-12 -1.2440308
2.5000002e-12 -1.2366996
0.0 -1.2550304
