9.9999997e-10 -0.54473066
9.9749997e-10 -0.56800395
9.9499997e-10 -0.53764814
9.9249997e-10 -0.58304876
9.8999997e-10 -0.52568966
9.8749997e-10 -0.55579728
9.8499997e-10 -0.55308479
9.8249997e-10 -0.56591898
9.7999997e-10 -0.56291521
9.7749997e-10 -0.56008524
9.7499997e-10 -0.55541551
9.7249997e-10 -0.56962872
9.6999997e-10 -0.50801545
9.6749997e-10 -0.52948761
9.6499997e-10 -0.5538823
9.6249997e-10 -0.57017148
9.5999997e-10 -0.56361663
9.5749997e-10 -0.55338985
9.5499997e-10 -0.55448991
9.5249997e-10 -0.53996986
9.4999997e-10 -0.55034178
9.4749997e-10 -0.55276877
9.4499997e-10 -0.54168499
9.4249997e-10 -0.57798284
9.3999997e-10 -0.57644939
9.3749997e-10 -0.56794471
9.3499997e-10 -0.56672221
9.3249997e-10 -0.58698261
9.2999997e-10 -0.61422503
9.2749997e-10 -0.57784027
9.2499997e-10 -0.54977369
9.2249997e-10 -0.55104315
9.1999997e-10 -0.55877012
9.1749996e-10 -0.56198865
9.1499996e-10 -0.58837473
9.1249996e-10 -0.54860145
9.0999996e-10 -0.55644113
9.0749996e-10 -0.55551082
9.0499996e-10 -0.58058709
9.0249996e-10 -0.5506264
8.9999996e-10 -0.57965171
8.9749996e-10 -0.57413191
8.9499996e-10 -0.56499833
8.9249996e-10 -0.57904959
8.8999996e-10 -0.56838655
8.8749996e-10 -0.58260429
8.8499996e-10 -0.56591177
8.8249996e-10 -0.58071095
8.7999996e-10 -0.54062784
8.7749996e-10 -0.56318974
8.7499996e-10 -0.54811072
8.7249996e-10 -0.55697119
8.6999996e-10 -0.56631541
8.6749996e-10 -0.60077
8.6499996e-10 -0.55294269
8.6249996e-10 -0.57625437
8.5999996e-10 -0.58679008
8.5749996e-10 -0.59679371
8.5499996e-10 -0.5659976
8.5249996e-10 -0.56466633
8.4999996e-10 -0.58497351
8.4749996e-10 -0.55392051
8.4499996e-10 -0.56878734
8.4249996e-10 -0.55482745
8.3999996e-10 -0.56698358
8.3749996e-10 -0.59048545
8.3499996e-10 -0.58504385
8.3249996e-10 -0.56990129
8.2999996e-10 -0.59149247
8.2749996e-10 -0.56308681
8.2499996e-10 -0.5651269
8.2249996e-10 -0.60072505
8.1999996e-10 -0.58627307
8.1749996e-10 -0.60977226
8.1499996e-10 -0.55050302
8.1249996e-10 -0.59706485
8.0999996e-10 -0.6224705
8.0749996e-10 -0.56950295
8.0499996e-10 -0.56947422
8.0249996e-10 -0.56976128
7.9999996e-10 -0.56309414
7.9749995e-10 -0.58472127
7.9499995e-10 -0.59297824
7.9249995e-10 -0.5857507
7.8999995e-10 -0.57756609
7.8749995e-10 -0.61362261
7.8499995e-10 -0.5985257
7.8249995e-10 -0.59918398
7.7999995e-10 -0.58540076
7.7749995e-10 -0.61270648
7.7499995e-10 -0.59777188
7.7249995e-10 -0.61477667
7.6999995e-10 -0.57909781
7.6749995e-10 -0.60407823
7.6499995e-10 -0.58124691
7.6249995e-10 -0.57989788
7.5999995e-10 -0.59880269
7.5749995e-10 -0.59077108
7.5499995e-10 -0.60634786
7.5249995e-10 -0.60425645
7.4999995e-10 -0.5980072
7.4749995e-10 -0.59168386
7.4499995e-10 -0.61631685
7.4249995e-10 -0.60881811
7.3999995e-10 -0.59838963
7.3749995e-10 -0.60952711
7.3499995e-10 -0.61249638
7.3249995e-10 -0.5927484
7.2999995e-10 -0.58897156
7.2749995e-10 -0.61898404
7.2499995e-10 -0.58096075
7.2249995e-10 -0.57343841
7.1999995e-10 -0.61105418
7.1749995e-10 -0.61022389
7.1499995e-10 -0.59262085
7.1249995e-10 -0.61688519
7.0999995e-10 -0.5975408
7.0749995e-10 -0.61976653
7.0499995e-10 -0.60138857
7.0249995e-10 -0.58488351
6.9999995e-10 -0.61529905
6.9749995e-10 -0.60988927
6.9499995e-10 -0.61158127
6.9249995e-10 -0.61284906
6.8999995e-10 -0.60898584
6.8749995e-10 -0.61339837
6.8499995e-10 -0.59147239
6.8249995e-10 -0.62536192
6.7999995e-10 -0.61831039
6.7749995e-10 -0.59212297
6.7499994e-10 -0.58047134
6.7249994e-10 -0.62654161
6.6999994e-10 -0.63879818
6.6749994e-10 -0.61393929
6.6499994e-10 -0.61355531
6.6249994e-10 -0.62385195
6.5999994e-10 -0.6122216
6.5749994e-10 -0.6104607
6.5499994e-10 -0.60852766
6.5249994e-10 -0.61278975
6.4999994e-10 -0.61806291
6.4749994e-10 -0.62053806
6.4499994e-10 -0.56854463
6.4249994e-10 -0.63581496
6.3999994e-10 -0.61771363
6.3749994e-10 -0.60075063
6.3499994e-10 -0.61273843
6.3249994e-10 -0.65674025
6.2999994e-10 -0.59809184
6.2749994e-10 -0.60628974
6.2499994e-10 -0.66344911
6.2249994e-10 -0.60549575
6.1999994e-10 -0.63619721
6.1749994e-10 -0.59134603
6.1499994e-10 -0.62973291
6.1249994e-10 -0.62771517
6.0999994e-10 -0.62113309
6.0749994e-10 -0.60788655
6.0499994e-10 -0.63073504
6.0249994e-10 -0.61841726
5.9999994e-10 -0.6439451
5.9749994e-10 -0.61580628
5.9499994e-10 -0.62763113
5.9249994e-10 -0.64669234
5.8999994e-10 -0.59290451
5.8749994e-10 -0.62555897
5.8499994e-10 -0.64356089
5.8249994e-10 -0.62583244
5.7999994e-10 -0.63416541
5.7749994e-10 -0.62376672
5.7499994e-10 -0.64319301
5.7249994e-10 -0.64731795
5.6999994e-10 -0.65076369
5.6749994e-10 -0.64565569
5.6499994e-10 -0.63819551
5.6249994e-10 -0.61943847
5.5999994e-10 -0.62171924
5.5749994e-10 -0.615964
5.5499993e-10 -0.64047045
5.5249993e-10 -0.65500349
5.4999993e-10 -0.6567986
5.4749993e-10 -0.65513092
5.4499993e-10 -0.62674707
5.4249993e-10 -0.62216806
5.3999993e-10 -0.6388905
5.3749993e-10 -0.64426374
5.3499993e-10 -0.64087027
5.3249999e-10 -0.63797295
5.2999999e-10 -0.64977181
5.2749999e-10 -0.66427439
5.2499999e-10 -0.66839129
5.2249999e-10 -0.64446098
5.1999999e-10 -0.66745359
5.1749999e-10 -0.68124843
5.1499999e-10 -0.63716137
5.1249999e-10 -0.65825284
5.0999999e-10 -0.64618027
5.0749999e-10 -0.65616995
5.0499999e-10 -0.65616143
5.0249999e-10 -0.65941507
4.9999999e-10 -0.64738184
4.9749999e-10 -0.65981776
4.9499999e-10 -0.6722393
4.9249999e-10 -0.67686725
4.8999999e-10 -0.64295936
4.8749998e-10 -0.64627165
4.8499998e-10 -0.69591719
4.8249998e-10 -0.68893242
4.7999998e-10 -0.69093394
4.7749998e-10 -0.65020102
4.7499998e-10 -0.68430519
4.7249998e-10 -0.65814215
4.6999998e-10 -0.72569585
4.6749998e-10 -0.66883075
4.6499998e-10 -0.67795026
4.6249998e-10 -0.68548518
4.5999998e-10 -0.70671982
4.5749998e-10 -0.7001043
4.5499998e-10 -0.6674276
4.5249998e-10 -0.70034689
4.4999998e-10 -0.70204479
4.4749998e-10 -0.71559966
4.4499998e-10 -0.68111491
4.4249998e-10 -0.70059216
4.3999998e-10 -0.68920565
4.3749998e-10 -0.70002311
4.3499998e-10 -0.6974476
4.3249998e-10 -0.66955358
4.2999998e-10 -0.69073409
4.2749998e-10 -0.71065247
4.2499998e-10 -0.73328304
4.2249998e-10 -0.70700139
4.1999998e-10 -0.6747849
4.1749998e-10 -0.69534808
4.1499998e-10 -0.66342348
4.1249998e-10 -0.72089285
4.0999998e-10 -0.69991761
4.0749998e-10 -0.69847316
4.0499998e-10 -0.72986501
4.0249998e-10 -0.73635882
3.9999998e-10 -0.73084939
3.9749998e-10 -0.68938589
3.9499998e-10 -0.73106474
3.9249998e-10 -0.73283398
3.8999998e-10 -0.73191631
3.8749998e-10 -0.70834929
3.8499998e-10 -0.73001087
3.8249998e-10 -0.71232724
3.7999998e-10 -0.72853428
3.7749998e-10 -0.77485245
3.7499998e-10 -0.73186064
3.7249998e-10 -0.73596019
3.6999998e-10 -0.71863079
3.6749997e-10 -0.73748428
3.6499997e-10 -0.7720899
3.6249997e-10 -0.73948675
3.5999997e-10 -0.74551767
3.5749997e-10 -0.7122438
3.5499997e-10 -0.76593208
3.5249997e-10 -0.7367022
3.4999997e-10 -0.74802864
3.4749997e-10 -0.74600065
3.4499997e-10 -0.76969558
3.4249997e-10 -0.77764559
3.3999997e-10 -0.78334266
3.3749997e-10 -0.77874058
3.3499997e-10 -0.79947531
3.3249997e-10 -0.76534873
3.2999997e-10 -0.76105374
3.2749997e-10 -0.74464637
3.2499997e-10 -0.78573817
3.2249997e-10 -0.77374679
3.1999997e-10 -0.7824232
3.1749997e-10 -0.77035397
3.1499997e-10 -0.79618156
3.1249997e-10 -0.78165877
3.0999997e-10 -0.79303926
3.0749997e-10 -0.77622819
3.0499997e-10 -0.79424155
3.0249997e-10 -0.80088747
2.9999997e-10 -0.81172246
2.9749997e-10 -0.82977414
2.9499997e-10 -0.82484978
2.9249997e-10 -0.82795382
2.8999997e-10 -0.80197126
2.8749997e-10 -0.83502007
2.8499997e-10 -0.8395943
2.8249997e-10 -0.83972412
2.7999997e-10 -0.8651768
2.7749997e-10 -0.85236526
2.7499997e-10 -0.83229423
2.7249997e-10 -0.8691743
2.6999997e-10 -0.86270791
2.6749997e-10 -0.80977869
2.6499997e-10 -0.87834197
2.6249997e-10 -0.86884379
2.5999997e-10 -0.88225287
2.5749997e-10 -0.87627524
2.5499997e-10 -0.88774908
2.5249997e-10 -0.89548141
2.4999997e-10 -0.90994823
2.4749996e-10 -0.90298861
2.4499996e-10 -0.93227661
2.4249996e-10 -0.91567457
2.3999996e-10 -0.92288631
2.3749996e-10 -0.89208144
2.3499996e-10 -0.9486444
2.3249996e-10 -0.92552382
2.2999996e-10 -0.93899715
2.2749996e-10 -0.97870708
2.2499996e-10 -0.9412086
2.2249996e-10 -0.9935357
2.1999996e-10 -0.94778061
2.1749996e-10 -0.97343791
2.1499996e-10 -0.9547258
2.1249996e-10 -0.98822099
2.0999996e-10 -0.99633932
2.0749996e-10 -0.98456514
2.0499996e-10 -0.98884618
2.0249996e-10 -1.0090067
1.9999996e-10 -0.98092848
1.9749996e-10 -0.99935216
1.9499996e-10 -0.99700236
1.9249996e-10 -1.0178679
1.8999996e-10 -1.0263737
1.8749996e-10 -1.0187812
1.8499996e-10 -1.0421301
1.8249996e-10 -1.0268788
1.7999996e-10 -1.0457538
1.7749996e-10 -1.0354382
1.7499996e-10 -1.0629123
1.7249996e-10 -1.0544251
1.6999996e-10 -1.0555096
1.6749996e-10 -1.0283235
1.6499996e-10 -1.053481
1.6249996e-10 -1.0259765
1.5999996e-10 -1.0575193
1.5749996e-10 -1.0252026
1.5499996e-10 -1.0615845
1.5249996e-10 -1.0382756
1.4999996e-10 -1.0544826
1.4749996e-10 -1.0598247
1.4499996e-10 -1.0883499
1.4249996e-10 -1.0937577
1.3999996e-10 -1.0650996
1.3749996e-10 -1.0615693
1.3499996e-10 -1.0894059
1.3249996e-10 -1.0808631
1.2999996e-10 -1.074518
1.2749996e-10 -1.0978599
1.2499995e-10 -1.0783545
1.2249995e-10 -1.1029434
1.1999995e-10 -1.0993947
1.1749995e-10 -1.1087732
1.1499995e-10 -1.075502
1.1249995e-10 -1.125282
1.0999995e-10 -1.1327157
1.0749995e-10 -1.138507
1.0499995e-10 -1.0816696
1.0249995e-10 -1.1113068
9.9999953e-11 -1.119247
9.7499953e-11 -1.1202744
9.4999952e-11 -1.1142665
9.2499952e-11 -1.1215584
8.9999952e-11 -1.153216
8.7499952e-11 -1.1567473
8.4999952e-11 -1.1345237
8.2499951e-11 -1.1449769
7.9999951e-11 -1.148755
7.7499951e-11 -1.1227503
7.4999951e-11 -1.1531284
7.249995e-11 -1.1417669
6.999995e-11 -1.1748111
6.7500006e-11 -1.1182276
6.5000005e-11 -1.1631377
6.2500005e-11 -1.1672693
6.0000005e-11 -1.1743286
5.7500005e-11 -1.1757674
5.5000005e-11 -1.1817218
5.2500004e-11 -1.1663598
5.0000004e-11 -1.1833895
4.7500004e-11 -1.1734153
4.5000004e-11 -1.2124932
4.2500004e-11 -1.1898227
4.0000003e-11 -1.1510628
3.7500003e-11 -1.1882837
3.5000003e-11 -1.19557
3.2500003e-11 -1.214977
3.0000002e-11 -1.2009631
2.7500002e-11 -1.2474049
2.5000002e-11 -1.2343282
2.2500002e-11 -1.2376314
2.0000002e-11 -1.2419136
1.7500001e-11 -1.2585185
1.5000001e-11 -1.2381181
1.2500001e-11 -1.272751
1.0000001e-11 -1.2843456
7.5000006e-12 -1.2547364
5.0000004e-12 -1.2976471
2.5000002e-12 -1.2398984
0.0 -1.2627089
