9.9999997e-10 -0.9921611
9.9749997e-10 -0.93712705
9.9499997e-10 -0.85508126
9.9249997e-10 -0.91058826
9.8999997e-10 -0.86802143
9.8749997e-10 -0.92442328
9.8499997e-10 -0.92587328
9.8249997e-10 -0.87492132
9.7999997e-10 -0.92696542
9.7749997e-10 -0.91820019
9.7499997e-10 -0.96227777
9.7249997e-10 -0.94355094
9.6999997e-10 -0.99211788
9.6749997e-10 -0.96543968
9.6499997e-10 -0.87113899
9.6249997e-10 -1.021971
9.5999997e-10 -0.91951758
9.5749997e-10 -1.0057131
9.5499997e-10 -1.0072737
9.5249997e-10 -1.0144984
9.4999997e-10 -1.029143
9.4749997e-10 -0.93563104
9.4499997e-10 -1.0418783
9.4249997e-10 -0.96034878
9.3999997e-10 -1.032372
9.3749997e-10 -0.96766126
9.3499997e-10 -0.85288197
9.3249997e-10 -0.89915198
9.2999997e-10 -0.90815121
9.2749997e-10 -0.95806748
9.2499997e-10 -0.97442222
9.2249997e-10 -0.8984825
9.1999997e-10 -0.89036995
9.1749996e-10 -0.90774566
9.1499996e-10 -0.93352681
9.1249996e-10 -0.87782693
9.0999996e-10 -0.87525898
9.0749996e-10 -1.010722
9.0499996e-10 -0.96646327
9.0249996e-10 -0.94666421
8.9999996e-10 -1.0396228
8.9749996e-10 -1.0263191
8.9499996e-10 -0.87034535
8.9249996e-10 -0.85638726
8.8999996e-10 -0.93199831
8.8749996e-10 -0.99105364
8.8499996e-10 -0.87696439
8.8249996e-10 -0.95703441
8.7999996e-10 -0.96982104
8.7749996e-10 -0.9026736
8.7499996e-10 -0.94981486
8.7249996e-10 -0.91276848
8.6999996e-10 -0.9051975
8.6749996e-10 -0.95608121
8.6499996e-10 -0.89398217
8.6249996e-10 -0.89949596
8.5999996e-10 -0.83236164
8.5749996e-10 -0.8741622
8.5499996e-10 -0.9176569
8.5249996e-10 -0.98014492
8.4999996e-10 -0.89723593
8.4749996e-10 -0.92309439
8.4499996e-10 -0.99923044
8.4249996e-10 -0.95277548
8.3999996e-10 -0.88743991
8.3749996e-10 -0.919218
8.3499996e-10 -0.97901195
8.3249996e-10 -0.99164605
8.2999996e-10 -0.98964947
8.2749996e-10 -0.95041847
8.2499996e-10 -0.91269058
8.2249996e-10 -0.95237684
8.1999996e-10 -1.0657105
8.1749996e-10 -0.93980896
8.1499996e-10 -0.94768363
8.1249996e-10 -0.88787121
8.0999996e-10 -0.88868815
8.0749996e-10 -0.91660327
8.0499996e-10 -0.87146086
8.0249996e-10 -0.85238731
7.9999996e-10 -0.91171265
7.9749995e-10 -0.99519879
7.9499995e-10 -0.97888666
7.9249995e-10 -0.95605695
7.8999995e-10 -1.0041324
7.8749995e-10 -0.963485
7.8499995e-10 -0.84838241
7.8249995e-10 -0.93618971
7.7999995e-10 -0.91821909
7.7749995e-10 -1.0204034
7.7499995e-10 -0.96761614
7.7249995e-10 -0.90717739
7.6999995e-10 -0.92611676
7.6749995e-10 -0.91036737
7.6499995e-10 -0.96436894
7.6249995e-10 -0.99549383
7.5999995e-10 -0.93076414
7.5749995e-10 -0.98760474
7.5499995e-10 -1.0131644
7.5249995e-10 -0.9819935
7.4999995e-10 -0.91040939
7.4749995e-10 -0.90492636
7.4499995e-10 -1.0297909
7.4249995e-10 -0.95757747
7.3999995e-10 -0.95569956
7.3749995e-10 -1.0383719
7.3499995e-10 -1.0986556
7.3249995e-10 -0.94657069
7.2999995e-10 -0.99877381
7.2749995e-10 -0.98807698
7.2499995e-10 -1.0010585
7.2249995e-10 -0.94129592
7.1999995e-10 -0.93465257
7.1749995e-10 -0.9396323
7.1499995e-10 -0.92660624
7.1249995e-10 -1.0199533
7.0999995e-10 -1.0089405
7.0749995e-10 -1.0571893
7.0499995e-10 -1.0860198
7.0249995e-10 -1.0025452
6.9999995e-10 -1.0274483
6.9749995e-10 -1.0096312
6.9499995e-10 -0.9446817
6.9249995e-10 -0.92158318
6.8999995e-10 -0.9767651
6.8749995e-10 -0.93125564
6.8499995e-10 -0.90404403
6.8249995e-10 -0.95509905
6.7999995e-10 -0.96398681
6.7749995e-10 -0.99273062
6.7499994e-10 -0.94202995
6.7249994e-10 -1.0023925
6.6999994e-10 -0.9662469
6.6749994e-10 -0.9321301
6.6499994e-10 -0.96787131
6.6249994e-10 -0.93532997
6.5999994e-10 -0.88752902
6.5749994e-10 -0.93721902
6.5499994e-10 -0.9337095
6.5249994e-10 -0.94712228
6.4999994e-10 -0.98236221
6.4749994e-10 -1.0308727
6.4499994e-10 -0.94036096
6.4249994e-10 -1.0292226
6.3999994e-10 -1.0633209
6.3749994e-10 -0.97754282
6.3499994e-10 -0.88586241
6.3249994e-10 -0.93038797
6.2999994e-10 -0.92827463
6.2749994e-10 -0.97130978
6.2499994e-10 -0.97033501
6.2249994e-10 -0.97280914
6.1999994e-10 -0.95864338
6.1749994e-10 -0.9987247
6.1499994e-10 -1.0016299
6.1249994e-10 -1.0001209
6.0999994e-10 -1.0756449
6.0749994e-10 -1.0251969
6.0499994e-10 -1.0314331
6.0249994e-10 -1.0762113
5.9999994e-10 -0.98944539
5.9749994e-10 -0.97123665
5.9499994e-10 -0.97954386
5.9249994e-10 -0.9699018
5.8999994e-10 -0.98896176
5.8749994e-10 -1.038174
5.8499994e-10 -1.069896
5.8249994e-10 -0.94657391
5.7999994e-10 -0.96524948
5.7749994e-10 -0.88013852
5.7499994e-10 -0.94088781
5.7249994e-10 -1.0553875
5.6999994e-10 -1.0058477
5.6749994e-10 -1.0742115
5.6499994e-10 -1.1115524
5.6249994e-10 -1.0746585
5.5999994e-10 -1.0835881
5.5749994e-10 -1.0347143
5.5499993e-10 -0.97779012
5.5249993e-10 -0.98132193
5.4999993e-10 -0.89728832
5.4749993e-10 -0.9989996
5.4499993e-10 -1.0423052
5.4249993e-10 -0.9286598
5.3999993e-10 -1.0105141
5.3749993e-10 -1.0538558
5.3499993e-10 -1.0445588
5.3249999e-10 -1.0173097
5.2999999e-10 -1.0474309
5.2749999e-10 -1.1324317
5.2499999e-10 -1.069782
5.2249999e-10 -1.1179432
5.1999999e-10 -0.94134152
5.1749999e-10 -0.93616182
5.1499999e-10 -0.94744688
5.1249999e-10 -0.96611595
5.0999999e-10 -1.1218652
5.0749999e-10 -1.0692654
5.0499999e-10 -1.0264328
5.0249999e-10 -1.007183
4.9999999e-10 -0.9786576
4.9749999e-10 -1.0012153
4.9499999e-10 -0.92903531
4.9249999e-10 -0.95301884
4.8999999e-10 -1.0271773
4.8749998e-10 -1.0255598
4.8499998e-10 -1.0977335
4.8249998e-10 -1.0802118
4.7999998e-10 -1.0155209
4.7749998e-10 -1.100903
4.7499998e-10 -1.0125501
4.7249998e-10 -1.0037963
4.6999998e-10 -1.0555717
4.6749998e-10 -1.0179958
4.6499998e-10 -1.0327665
4.6249998e-10 -1.0942119
4.5999998e-10 -1.0068653
4.5749998e-10 -1.0676739
4.5499998e-10 -1.1131952
4.5249998e-10 -1.1034616
4.4999998e-10 -1.0120376
4.4749998e-10 -1.0785319
4.4499998e-10 -1.1032633
4.4249998e-10 -1.0107856
4.3999998e-10 -0.99454534
4.3749998e-10 -1.001834
4.3499998e-10 -1.014006
4.3249998e-10 -0.98311293
4.2999998e-10 -0.9859941
4.2749998e-10 -0.93998814
4.2499998e-10 -0.99270409
4.2249998e-10 -1.0999118
4.1999998e-10 -1.0338022
4.1749998e-10 -1.0644087
4.1499998e-10 -1.1062912
4.1249998e-10 -1.0104198
4.0999998e-10 -1.0295196
4.0749998e-10 -1.0468476
4.0499998e-10 -1.0064559
4.0249998e-10 -1.210768
3.9999998e-10 -1.0571035
3.9749998e-10 -0.9951303
3.9499998e-10 -1.0375586
3.9249998e-10 -0.9807539
3.8999998e-10 -1.0949814
3.8749998e-10 -1.0743229
3.8499998e-10 -1.1586095
3.8249998e-10 -1.1688226
3.7999998e-10 -1.1495335
3.7749998e-10 -1.0910265
3.7499998e-10 -1.2089685
3.7249998e-10 -1.1313026
3.6999998e-10 -1.0865847
3.6749997e-10 -1.1279877
3.6499997e-10 -1.0901518
3.6249997e-10 -1.0925283
3.5999997e-10 -1.0407131
3.5749997e-10 -1.0557443
3.5499997e-10 -1.0291917
3.5249997e-10 -1.0705218
3.4999997e-10 -1.1032249
3.4749997e-10 -1.1471338
3.4499997e-10 -1.0910743
3.4249997e-10 -1.0969026
3.3999997e-10 -1.1297315
3.3749997e-10 -1.1267948
3.3499997e-10 -1.1163057
3.3249997e-10 -1.2025511
3.2999997e-10 -1.0759809
3.2749997e-10 -1.0862758
3.2499997e-10 -1.1237781
3.2249997e-10 -1.1152818
3.1999997e-10 -1.182092
3.1749997e-10 -1.1935091
3.1499997e-10 -1.1956779
3.1249997e-10 -1.1855547
3.0999997e-10 -1.2069473
3.0749997e-10 -1.1265155
3.0499997e-10 -1.1447623
3.0249997e-10 -1.0918225
2.9999997e-10 -1.2066218
2.9749997e-10 -1.0954475
2.9499997e-10 -1.1446145
2.9249997e-10 -1.1609212
2.8999997e-10 -1.2531296
2.8749997e-10 -1.14439
2.8499997e-10 -1.1210257
2.8249997e-10 -1.0550036
2.7999997e-10 -1.0856156
2.7749997e-10 -1.2195224
2.7499997e-10 -1.0924011
2.7249997e-10 -1.1687564
2.6999997e-10 -1.2444944
2.6749997e-10 -1.1650034
2.6499997e-10 -1.2339747
2.6249997e-10 -1.1393075
2.5999997e-10 -1.2095981
2.5749997e-10 -1.2190117
2.5499997e-10 -1.2475481
2.5249997e-10 -1.2268466
2.4999997e-10 -1.1521958
2.4749996e-10 -1.2281035
2.4499996e-10 -1.2073507
2.4249996e-10 -1.1672754
2.3999996e-10 -1.2636113
2.3749996e-10 -1.2358465
2.3499996e-10 -1.2719123
2.3249996e-10 -1.2266368
2.2999996e-10 -1.2125539
2.2749996e-10 -1.2344358
2.2499996e-10 -1.2902999
2.2249996e-10 -1.2299677
2.1999996e-10 -1.2761936
2.1749996e-10 -1.1332418
2.1499996e-10 -1.1640414
2.1249996e-10 -1.1832004
2.0999996e-10 -1.2154262
2.0749996e-10 -1.1104822
2.0499996e-10 -1.1502652
2.0249996e-10 -1.2537625
1.9999996e-10 -1.0951571
1.9749996e-10 -1.1325502
1.9499996e-10 -1.1576195
1.9249996e-10 -1.1873366
1.8999996e-10 -1.1983074
1.8749996e-10 -1.1940769
1.8499996e-10 -1.1827521
1.8249996e-10 -1.297094
1.7999996e-10 -1.1968434
1.7749996e-10 -1.1858724
1.7499996e-10 -1.2993531
1.7249996e-10 -1.2645922
1.6999996e-10 -1.2195803
1.6749996e-10 -1.2282647
1.6499996e-10 -1.2195464
1.6249996e-10 -1.2867109
1.5999996e-10 -1.2679994
1.5749996e-10 -1.2608439
1.5499996e-10 -1.324031
1.5249996e-10 -1.3016773
1.4999996e-10 -1.3891207
1.4749996e-10 -1.2529404
1.4499996e-10 -1.3086537
1.4249996e-10 -1.2184707
1.3999996e-10 -1.3359994
1.3749996e-10 -1.2662971
1.3499996e-10 -1.2182218
1.3249996e-10 -1.3128853
1.2999996e-10 -1.3761419
1.2749996e-10 -1.3340802
1.2499995e-10 -1.3514742
1.2249995e-10 -1.381655
1.1999995e-10 -1.2732949
1.1749995e-10 -1.2490709
1.1499995e-10 -1.3369416
1.1249995e-10 -1.3491404
1.0999995e-10 -1.3106825
1.0749995e-10 -1.2893308
1.0499995e-10 -1.245928
1.0249995e-10 -1.2724031
9.9999953e-11 -1.3722228
9.7499953e-11 -1.4095652
9.4999952e-11 -1.3731788
9.2499952e-11 -1.3045624
8.9999952e-11 -1.4529322
8.7499952e-11 -1.3949835
8.4999952e-11 -1.3092586
8.2499951e-11 -1.400496
7.9999951e-11 -1.2588202
7.7499951e-11 -1.2766684
7.4999951e-11 -1.25596
7.249995e-11 -1.3121164
6.999995e-11 -1.3091381
6.7500006e-11 -1.4157778
6.5000005e-11 -1.2943856
6.2500005e-11 -1.3884015
6.0000005e-11 -1.4002787
5.7500005e-11 -1.3335849
5.5000005e-11 -1.3616863
5.2500004e-11 -1.3496654
5.0000004e-11 -1.4013858
4.7500004e-11 -1.4256771
4.5000004e-11 -1.4004735
4.2500004e-11 -1.4074599
4.0000003e-11 -1.474836
3.7500003e-11 -1.4355432
3.5000003e-11 -1.4626162
3.2500003e-11 -1.4380337
3.0000002e-11 -1.5244246
2.7500002e-11 -1.5509218
2.5000002e-11 -1.454492
2.2500002e-11 -1.4696196
2.0000002e-11 -1.5245186
1.7500001e-11 -1.486919
1.5000001e-11 -1.4061844
1.2500001e-11 -1.4118419
1.0000001e-11 -1.4410602
7.5000006e-12 -1.4034042
5.0000004e-12 -1.48365
2.5000002e-12 -1.5269957
0.0 -1.4338851
