9.9999997e-10 -0.53836548
9.9749997e-10 -0.51633424
9.9499997e-10 -0.52265209
9.9249997e-10 -0.54583359
9.8999997e-10 -0.53186721
9.8749997e-10 -0.53105402
9.8499997e-10 -0.51286989
9.8249997e-10 -0.56338561
9.7999997e-10 -0.54745448
9.7749997e-10 -0.53138632
9.7499997e-10 -0.53631413
9.7249997e-10 -0.51321334
9.6999997e-10 -0.53607327
9.6749997e-10 -0.50387681
9.6499997e-10 -0.5162133
9.6249997e-10 -0.53913909
9.5999997e-10 -0.52353293
9.5749997e-10 -0.5318045
9.5499997e-10 -0.55244708
9.5249997e-10 -0.57021332
9.4999997e-10 -0.52874517
9.4749997e-10 -0.48774651
9.4499997e-10 -0.53928661
9.4249997e-10 -0.50869226
9.3999997e-10 -0.53256816
9.3749997e-10 -0.55297607
9.3499997e-10 -0.49416652
9.3249997e-10 -0.52468687
9.2999997e-10 -0.53331429
9.2749997e-10 -0.54683977
9.2499997e-10 -0.54451019
9.2249997e-10 -0.53738189
9.1999997e-10 -0.53169197
9.1749996e-10 -0.51625109
9.1499996e-10 -0.55706304
9.1249996e-10 -0.52481353
9.0999996e-10 -0.54876906
9.0749996e-10 -0.5093919
9.0499996e-10 -0.56489921
9.0249996e-10 -0.54904169
8.9999996e-10 -0.54870844
8.9749996e-10 -0.52504385
8.9499996e-10 -0.53824472
8.9249996e-10 -0.54879612
8.8999996e-10 -0.55155188
8.8749996e-10 -0.53951132
8.8499996e-10 -0.54863298
8.8249996e-10 -0.57211924
8.7999996e-10 -0.53333259
8.7749996e-10 -0.55596542
8.7499996e-10 -0.51596463
8.7249996e-10 -0.52383655
8.6999996e-10 -0.5614171
8.6749996e-10 -0.56332338
8.6499996e-10 -0.55751222
8.6249996e-10 -0.53992021
8.5999996e-10 -0.56566536
8.5749996e-10 -0.536713
8.5499996e-10 -0.54035097
8.5249996e-10 -0.53871131
8.4999996e-10 -0.556445
8.4749996e-10 -0.52942395
8.4499996e-10 -0.54932112
8.4249996e-10 -0.53910011
8.3999996e-10 -0.54730254
8.3749996e-10 -0.58179337
8.3499996e-10 -0.57778054
8.3249996e-10 -0.53261358
8.2999996e-10 -0.55615652
8.2749996e-10 -0.55157298
8.2499996e-10 -0.55483103
8.2249996e-10 -0.56697142
8.1999996e-10 -0.54933244
8.1749996e-10 -0.56347287
8.1499996e-10 -0.55946958
8.1249996e-10 -0.59149688
8.0999996e-10 -0.5468874
8.0749996e-10 -0.57654256
8.0499996e-10 -0.56017166
8.0249996e-10 -0.54153681
7.9999996e-10 -0.567918
7.9749995e-10 -0.56763417
7.9499995e-10 -0.57352233
7.9249995e-10 -0.56144983
7.8999995e-10 -0.57804173
7.8749995e-10 -0.5804649
7.8499995e-10 -0.57826883
7.8249995e-10 -0.55392414
7.7999995e-10 -0.58653903
7.7749995e-10 -0.59424853
7.7499995e-10 -0.5657413
7.7249995e-10 -0.57767725
7.6999995e-10 -0.58962715
7.6749995e-10 -0.59584689
7.6499995e-10 -0.56764847
7.6249995e-10 -0.58567512
7.5999995e-10 -0.53616983
7.5749995e-10 -0.56425142
7.5499995e-10 -0.55415851
7.5249995e-10 -0.57642812
7.4999995e-10 -0.58417714
7.4749995e-10 -0.5629406
7.4499995e-10 -0.58426601
7.4249995e-10 -0.58725232
7.3999995e-10 -0.57358569
7.3749995e-10 -0.58225048
7.3499995e-10 -0.58938867
7.3249995e-10 -0.60968852
7.2999995e-10 -0.60100478
7.2749995e-10 -0.58682466
7.2499995e-10 -0.57870108
7.2249995e-10 -0.5893302
7.1999995e-10 -0.5878334
7.1749995e-10 -0.59387511
7.1499995e-10 -0.59312791
7.1249995e-10 -0.59067726
7.0999995e-10 -0.57070947
7.0749995e-10 -0.55659908
7.0499995e-10 -0.55503672
7.0249995e-10 -0.56354123
6.9999995e-10 -0.59568155
6.9749995e-10 -0.59119183
6.9499995e-10 -0.60717988
6.9249995e-10 -0.57174343
6.8999995e-10 -0.62351102
6.8749995e-10 -0.57775855
6.8499995e-10 -0.60614598
6.8249995e-10 -0.59961891
6.7999995e-10 -0.58705628
6.7749995e-10 -0.6028465
6.7499994e-10 -0.59442323
6.7249994e-10 -0.59582758
6.6999994e-10 -0.60287809
6.6749994e-10 -0.60176551
6.6499994e-10 -0.59991187
6.6249994e-10 -0.60172212
6.5999994e-10 -0.58271033
6.5749994e-10 -0.60314149
6.5499994e-10 -0.59646022
6.5249994e-10 -0.58843929
6.4999994e-10 -0.59798408
6.4749994e-10 -0.58440965
6.4499994e-10 -0.61141831
6.4249994e-10 -0.59511238
6.3999994e-10 -0.5946539
6.3749994e-10 -0.62610114
6.3499994e-10 -0.62396532
6.3249994e-10 -0.61049169
6.2999994e-10 -0.60680449
6.2749994e-10 -0.64762574
6.2499994e-10 -0.61897409
6.2249994e-10 -0.60586727
6.1999994e-10 -0.62936604
6.1749994e-10 -0.63984126
6.1499994e-10 -0.59992272
6.1249994e-10 -0.61097342
6.0999994e-10 -0.62049133
6.0749994e-10 -0.63592726
6.0499994e-10 -0.59282655
6.0249994e-10 -0.62302887
5.9999994e-10 -0.60149705
5.9749994e-10 -0.6156522
5.9499994e-10 -0.63207805
5.9249994e-10 -0.64983386
5.8999994e-10 -0.59994137
5.8749994e-10 -0.5977599
5.8499994e-10 -0.60935467
5.8249994e-10 -0.63796681
5.7999994e-10 -0.61804754
5.7749994e-10 -0.63581717
5.7499994e-10 -0.63693523
5.7249994e-10 -0.6207034
5.6999994e-10 -0.61309284
5.6749994e-10 -0.63045484
5.6499994e-10 -0.63527292
5.6249994e-10 -0.64408559
5.5999994e-10 -0.61684668
5.5749994e-10 -0.65032262
5.5499993e-10 -0.63377529
5.5249993e-10 -0.62309366
5.4999993e-10 -0.61101472
5.4749993e-10 -0.65375388
5.4499993e-10 -0.66672552
5.4249993e-10 -0.65169406
5.3999993e-10 -0.64779276
5.3749993e-10 -0.64715844
5.3499993e-10 -0.65791845
5.3249999e-10 -0.64405906
5.2999999e-10 -0.61860543
5.2749999e-10 -0.65588129
5.2499999e-10 -0.65402967
5.2249999e-10 -0.64664292
5.1999999e-10 -0.63372725
5.1749999e-10 -0.65042925
5.1499999e-10 -0.63087004
5.1249999e-10 -0.68979788
5.0999999e-10 -0.64289659
5.0749999e-10 -0.68008417
5.0499999e-10 -0.65322816
5.0249999e-10 -0.62009817
4.9999999e-10 -0.65217006
4.9749999e-10 -0.63332045
4.9499999e-10 -0.67289561
4.9249999e-10 -0.66187149
4.8999999e-10 -0.65811932
4.8749998e-10 -0.6526953
4.8499998e-10 -0.68114465
4.8249998e-10 -0.64089531
4.7999998e-10 -0.67788857
4.7749998e-10 -0.6557253
4.7499998e-10 -0.6643064
4.7249998e-10 -0.65854907
4.6999998e-10 -0.68670338
4.6749998e-10 -0.69135368
4.6499998e-10 -0.66379565
4.6249998e-10 -0.67489904
4.5999998e-10 -0.69640726
4.5749998e-10 -0.69020551
4.5499998e-10 -0.67121905
4.5249998e-10 -0.69509906
4.4999998e-10 -0.65997255
4.4749998e-10 -0.67166579
4.4499998e-10 -0.72005653
4.4249998e-10 -0.70189792
4.3999998e-10 -0.68702632
4.3749998e-10 -0.69911897
4.3499998e-10 -0.65619355
4.3249998e-10 -0.68030608
4.2999998e-10 -0.70522296
4.2749998e-10 -0.70247769
4.2499998e-10 -0.68665791
4.2249998e-10 -0.69608468
4.1999998e-10 -0.72296238
4.1749998e-10 -0.69057542
4.1499998e-10 -0.71584558
4.1249998e-10 -0.71979558
4.0999998e-10 -0.70730472
4.0749998e-10 -0.68431777
4.0499998e-10 -0.73184717
4.0249998e-10 -0.72760248
3.9999998e-10 -0.72330564
3.9749998e-10 -0.72033727
3.9499998e-10 -0.7441349
3.9249998e-10 -0.75546587
3.8999998e-10 -0.71321177
3.8749998e-10 -0.70510697
3.8499998e-10 -0.72975069
3.8249998e-10 -0.74007946
3.7999998e-10 -0.70377851
3.7749998e-10 -0.75788218
3.7499998e-10 -0.7613855
3.7249998e-10 -0.73852336
3.6999998e-10 -0.7633369
3.6749997e-10 -0.74886143
3.6499997e-10 -0.73094589
3.6249997e-10 -0.73604298
3.5999997e-10 -0.75709951
3.5749997e-10 -0.7359581
3.5499997e-10 -0.74415112
3.5249997e-10 -0.76605135
3.4999997e-10 -0.7601741
3.4749997e-10 -0.74445868
3.4499997e-10 -0.73812532
3.4249997e-10 -0.75455177
3.3999997e-10 -0.76462483
3.3749997e-10 -0.73083806
3.3499997e-10 -0.76863903
3.3249997e-10 -0.78134125
3.2999997e-10 -0.7301569
3.2749997e-10 -0.77064955
3.2499997e-10 -0.71875942
3.2249997e-10 -0.78089672
3.1999997e-10 -0.75221401
3.1749997e-10 -0.7924031
3.1499997e-10 -0.75595367
3.1249997e-10 -0.7752319
3.0999997e-10 -0.77709949
3.0749997e-10 -0.76215559
3.0499997e-10 -0.7725153
3.0249997e-10 -0.78051978
2.9999997e-10 -0.79466969
2.9749997e-10 -0.76488882
2.9499997e-10 -0.78573781
2.9249997e-10 -0.812998
2.8999997e-10 -0.77605891
2.8749997e-10 -0.80955613
2.8499997e-10 -0.8096419
2.8249997e-10 -0.79756081
2.7999997e-10 -0.7878384
2.7749997e-10 -0.78921705
2.7499997e-10 -0.81031168
2.7249997e-10 -0.79785115
2.6999997e-10 -0.84735388
2.6749997e-10 -0.80591846
2.6499997e-10 -0.81756854
2.6249997e-10 -0.82522094
2.5999997e-10 -0.81046522
2.5749997e-10 -0.84043765
2.5499997e-10 -0.81276977
2.5249997e-10 -0.83475345
2.4999997e-10 -0.84895033
2.4749996e-10 -0.84064496
2.4499996e-10 -0.83192569
2.4249996e-10 -0.8607111
2.3999996e-10 -0.86059934
2.3749996e-10 -0.85943741
2.3499996e-10 -0.84117109
2.3249996e-10 -0.85185701
2.2999996e-10 -0.86226308
2.2749996e-10 -0.89107609
2.2499996e-10 -0.88755298
2.2249996e-10 -0.87712109
2.1999996e-10 -0.90486842
2.1749996e-10 -0.87868124
2.1499996e-10 -0.87829787
2.1249996e-10 -0.87869537
2.0999996e-10 -0.889
2.0749996e-10 -0.885436
2.0499996e-10 -0.87190568
2.0249996e-10 -0.90196925
1.9999996e-10 -0.90764028
1.9749996e-10 -0.9001081
1.9499996e-10 -0.91796798
1.9249996e-10 -0.89860517
1.8999996e-10 -0.91075563
1.8749996e-10 -0.9327606
1.8499996e-10 -0.9179281
1.8249996e-10 -0.87763959
1.7999996e-10 -0.93600857
1.7749996e-10 -0.89741695
1.7499996e-10 -0.92251462
1.7249996e-10 -0.95343113
1.6999996e-10 -0.94301772
1.6749996e-10 -0.94364339
1.6499996e-10 -0.91105086
1.6249996e-10 -0.93791461
1.5999996e-10 -0.97637302
1.5749996e-10 -0.97398758
1.5499996e-10 -0.95187861
1.5249996e-10 -0.95083058
1.4999996e-10 -0.95786309
1.4749996e-10 -0.97155666
1.4499996e-10 -0.97469378
1.4249996e-10 -0.98537636
1.3999996e-10 -0.94994199
1.3749996e-10 -1.0039585
1.3499996e-10 -1.0207894
1.3249996e-10 -0.98582917
1.2999996e-10 -0.98606724
1.2749996e-10 -1.008966
1.2499995e-10 -1.0038707
1.2249995e-10 -1.0198083
1.1999995e-10 -1.0013113
1.1749995e-10 -1.0181413
1.1499995e-10 -1.0213841
1.1249995e-10 -1.0501596
1.0999995e-10 -1.017217
1.0749995e-10 -1.0485315
1.0499995e-10 -1.037302
1.0249995e-10 -1.0445422
9.9999953e-11 -1.039755
9.7499953e-11 -1.0346748
9.4999952e-11 -1.0469594
9.2499952e-11 -1.0946004
8.9999952e-11 -1.0805043
8.7499952e-11 -1.1058857
8.4999952e-11 -1.0981046
8.2499951e-11 -1.0945526
7.9999951e-11 -1.0962044
7.7499951e-11 -1.1507328
7.4999951e-11 -1.1163388
7.249995e-11 -1.1220086
6.999995e-11 -1.1325927
6.7500006e-11 -1.1214992
6.5000005e-11 -1.1724305
6.2500005e-11 -1.1396644
6.0000005e-11 -1.1501051
5.7500005e-11 -1.1792938
5.5000005e-11 -1.1807477
5.2500004e-11 -1.1901214
5.0000004e-11 -1.190275
4.7500004e-11 -1.2204338
4.5000004e-11 -1.2090675
4.2500004e-11 -1.2296723
4.0000003e-11 -1.2036531
3.7500003e-11 -1.2575111
3.5000003e-11 -1.2574245
3.2500003e-11 -1.2882921
3.0000002e-11 -1.258554
2.7500002e-11 -1.2533503
2.5000002e-11 -1.230621
2.2500002e-11 -1.2809156
2.0000002e-11 -1.3119503
1.7500001e-11 -1.2846868
1.5000001e-11 -1.2938313
1.2500001e-11 -1.2999051
1.0000001e-11 -1.2920454
7.5000006e-12 -1.3064349
5.0000004e-12 -1.3028694
2.5000002e-12 -1.3498653
0.0 -1.3578817
