9.9999997e-10 -0.516725
9.9749997e-10 -0.51057887
9.9499997e-10 -0.53904474
9.9249997e-10 -0.49242806
9.8999997e-10 -0.54477185
9.8749997e-10 -0.55266005
9.8499997e-10 -0.52969903
9.8249997e-10 -0.52100837
9.7999997e-10 -0.5219515
9.7749997e-10 -0.52627128
9.7499997e-10 -0.50667661
9.7249997e-10 -0.52990544
9.6999997e-10 -0.51031214
9.6749997e-10 -0.54984409
9.6499997e-10 -0.51883042
9.6249997e-10 -0.53145647
9.5999997e-10 -0.51316857
9.5749997e-10 -0.51556522
9.5499997e-10 -0.50711775
9.5249997e-10 -0.50852621
9.4999997e-10 -0.50356281
9.4749997e-10 -0.54077363
9.4499997e-10 -0.54742724
9.4249997e-10 -0.49008846
9.3999997e-10 -0.51695859
9.3749997e-10 -0.54001558
9.3499997e-10 -0.53848064
9.3249997e-10 -0.53114522
9.2999997e-10 -0.5465554
9.2749997e-10 -0.53480107
9.2499997e-10 -0.53148788
9.2249997e-10 -0.57117236
9.1999997e-10 -0.54473776
9.1749996e-10 -0.52341658
9.1499996e-10 -0.51217335
9.1249996e-10 -0.51258618
9.0999996e-10 -0.50973797
9.0749996e-10 -0.52181172
9.0499996e-10 -0.50625181
9.0249996e-10 -0.53972059
8.9999996e-10 -0.51239437
8.9749996e-10 -0.54515666
8.9499996e-10 -0.5556736
8.9249996e-10 -0.52343255
8.8999996e-10 -0.51069885
8.8749996e-10 -0.53853059
8.8499996e-10 -0.50600123
8.8249996e-10 -0.49707952
8.7999996e-10 -0.51680231
8.7749996e-10 -0.51495188
8.7499996e-10 -0.54467624
8.7249996e-10 -0.52446151
8.6999996e-10 -0.51560444
8.6749996e-10 -0.53792173
8.6499996e-10 -0.51651704
8.6249996e-10 -0.53196949
8.5999996e-10 -0.51661634
8.5749996e-10 -0.51198822
8.5499996e-10 -0.53121221
8.5249996e-10 -0.54618782
8.4999996e-10 -0.53380769
8.4749996e-10 -0.52920741
8.4499996e-10 -0.53496456
8.4249996e-10 -0.53398269
8.3999996e-10 -0.54326051
8.3749996e-10 -0.51422167
8.3499996e-10 -0.50568748
8.3249996e-10 -0.54618841
8.2999996e-10 -0.5074048
8.2749996e-10 -0.52908903
8.2499996e-10 -0.53159744
8.2249996e-10 -0.53167421
8.1999996e-10 -0.51791924
8.1749996e-10 -0.51579517
8.1499996e-10 -0.48805642
8.1249996e-10 -0.51293957
8.0999996e-10 -0.49631706
8.0749996e-10 -0.52091414
8.0499996e-10 -0.50100178
8.0249996e-10 -0.53494269
7.9999996e-10 -0.55299675
7.9749995e-10 -0.55600321
7.9499995e-10 -0.55012262
7.9249995e-10 -0.55746043
7.8999995e-10 -0.53720856
7.8749995e-10 -0.5212934
7.8499995e-10 -0.53191119
7.8249995e-10 -0.51795095
7.7999995e-10 -0.51272792
7.7749995e-10 -0.53749996
7.7499995e-10 -0.54524285
7.7249995e-10 -0.53221065
7.6999995e-10 -0.54191864
7.6749995e-10 -0.53857052
7.6499995e-10 -0.4950822
7.6249995e-10 -0.51988429
7.5999995e-10 -0.53506589
7.5749995e-10 -0.55549443
7.5499995e-10 -0.54593748
7.5249995e-10 -0.53292197
7.4999995e-10 -0.55692375
7.4749995e-10 -0.50881344
7.4499995e-10 -0.54821026
7.4249995e-10 -0.55228168
7.3999995e-10 -0.54943043
7.3749995e-10 -0.53726202
7.3499995e-10 -0.56417531
7.3249995e-10 -0.56415612
7.2999995e-10 -0.52330506
7.2749995e-10 -0.52351832
7.2499995e-10 -0.52691865
7.2249995e-10 -0.5382356
7.1999995e-10 -0.54942548
7.1749995e-10 -0.51258469
7.1499995e-10 -0.54933566
7.1249995e-10 -0.57200676
7.0999995e-10 -0.57258886
7.0749995e-10 -0.56649399
7.0499995e-10 -0.56739563
7.0249995e-10 -0.567779
6.9999995e-10 -0.55143732
6.9749995e-10 -0.56178164
6.9499995e-10 -0.53476036
6.9249995e-10 -0.53878105
6.8999995e-10 -0.55311203
6.8749995e-10 -0.55036235
6.8499995e-10 -0.55918443
6.8249995e-10 -0.54602426
6.7999995e-10 -0.52301985
6.7749995e-10 -0.54242694
6.7499994e-10 -0.5985561
6.7249994e-10 -0.5469225
6.6999994e-10 -0.55869299
6.6749994e-10 -0.53577775
6.6499994e-10 -0.56353426
6.6249994e-10 -0.53251833
6.5999994e-10 -0.52744013
6.5749994e-10 -0.57558656
6.5499994e-10 -0.56492579
6.5249994e-10 -0.56220514
6.4999994e-10 -0.58125567
6.4749994e-10 -0.54417229
6.4499994e-10 -0.54365677
6.4249994e-10 -0.56592166
6.3999994e-10 -0.54831433
6.3749994e-10 -0.57026619
6.3499994e-10 -0.58797902
6.3249994e-10 -0.56027824
6.2999994e-10 -0.57127136
6.2749994e-10 -0.58580923
6.2499994e-10 -0.53843838
6.2249994e-10 -0.57207918
6.1999994e-10 -0.57216096
6.1749994e-10 -0.56561136
6.1499994e-10 -0.55632937
6.1249994e-10 -0.56715661
6.0999994e-10 -0.59090954
6.0749994e-10 -0.59010011
6.0499994e-10 -0.60229331
6.0249994e-10 -0.59113854
5.9999994e-10 -0.57457322
5.9749994e-10 -0.5851202
5.9499994e-10 -0.59852654
5.9249994e-10 -0.55260986
5.8999994e-10 -0.56837898
5.8749994e-10 -0.5918563
5.8499994e-10 -0.56633699
5.8249994e-10 -0.59234029
5.7999994e-10 -0.58235222
5.7749994e-10 -0.59810376
5.7499994e-10 -0.59211725
5.7249994e-10 -0.5934872
5.6999994e-10 -0.57632607
5.6749994e-10 -0.59987855
5.6499994e-10 -0.59727395
5.6249994e-10 -0.60094064
5.5999994e-10 -0.59207952
5.5749994e-10 -0.60369188
5.5499993e-10 -0.58535367
5.5249993e-10 -0.59952664
5.4999993e-10 -0.59341323
5.4749993e-10 -0.62332267
5.4499993e-10 -0.62862551
5.4249993e-10 -0.61255395
5.3999993e-10 -0.60939968
5.3749993e-10 -0.61944985
5.3499993e-10 -0.63622284
5.3249999e-10 -0.6159634
5.2999999e-10 -0.59006023
5.2749999e-10 -0.60445791
5.2499999e-10 -0.60196257
5.2249999e-10 -0.60394686
5.1999999e-10 -0.6104297
5.1749999e-10 -0.59218466
5.1499999e-10 -0.62700605
5.1249999e-10 -0.60220724
5.0999999e-10 -0.63510168
5.0749999e-10 -0.61605686
5.0499999e-10 -0.6489026
5.0249999e-10 -0.6067903
4.9999999e-10 -0.61012077
4.9749999e-10 -0.62437856
4.9499999e-10 -0.61189765
4.9249999e-10 -0.65813798
4.8999999e-10 -0.62776256
4.8749998e-10 -0.65970778
4.8499998e-10 -0.62066358
4.8249998e-10 -0.641527
4.7999998e-10 -0.62321627
4.7749998e-10 -0.65842551
4.7499998e-10 -0.63598734
4.7249998e-10 -0.62763339
4.6999998e-10 -0.62965602
4.6749998e-10 -0.61135477
4.6499998e-10 -0.6572215
4.6249998e-10 -0.60380805
4.5999998e-10 -0.66561973
4.5749998e-10 -0.66622651
4.5499998e-10 -0.63626808
4.5249998e-10 -0.64200884
4.4999998e-10 -0.65316677
4.4749998e-10 -0.63427472
4.4499998e-10 -0.65525758
4.4249998e-10 -0.62773579
4.3999998e-10 -0.66191572
4.3749998e-10 -0.64614058
4.3499998e-10 -0.63760281
4.3249998e-10 -0.67438287
4.2999998e-10 -0.67609555
4.2749998e-10 -0.6541307
4.2499998e-10 -0.68667161
4.2249998e-10 -0.6824441
4.1999998e-10 -0.64516801
4.1749998e-10 -0.65733945
4.1499998e-10 -0.67679071
4.1249998e-10 -0.67824203
4.0999998e-10 -0.67662162
4.0749998e-10 -0.68247384
4.0499998e-10 -0.65517026
4.0249998e-10 -0.67189074
3.9999998e-10 -0.68191391
3.9749998e-10 -0.68620223
3.9499998e-10 -0.66510957
3.9249998e-10 -0.69210714
3.8999998e-10 -0.70545149
3.8749998e-10 -0.68254513
3.8499998e-10 -0.70028943
3.8249998e-10 -0.71298224
3.7999998e-10 -0.68945563
3.7749998e-10 -0.70419425
3.7499998e-10 -0.70574218
3.7249998e-10 -0.68672991
3.6999998e-10 -0.71632069
3.6749997e-10 -0.69966441
3.6499997e-10 -0.70341665
3.6249997e-10 -0.69773716
3.5999997e-10 -0.69681579
3.5749997e-10 -0.72102201
3.5499997e-10 -0.70134199
3.5249997e-10 -0.71876955
3.4999997e-10 -0.69748801
3.4749997e-10 -0.69897592
3.4499997e-10 -0.7199077
3.4249997e-10 -0.7110073
3.3999997e-10 -0.73591208
3.3749997e-10 -0.71952885
3.3499997e-10 -0.73627698
3.3249997e-10 -0.71755469
3.2999997e-10 -0.73688143
3.2749997e-10 -0.74490547
3.2499997e-10 -0.7356379
3.2249997e-10 -0.76606691
3.1999997e-10 -0.69839907
3.1749997e-10 -0.73598355
3.1499997e-10 -0.73473418
3.1249997e-10 -0.70809412
3.0999997e-10 -0.74311215
3.0749997e-10 -0.74888438
3.0499997e-10 -0.75035131
3.0249997e-10 -0.76852828
2.9999997e-10 -0.7466951
2.9749997e-10 -0.77197719
2.9499997e-10 -0.75999326
2.9249997e-10 -0.76009452
2.8999997e-10 -0.74608934
2.8749997e-10 -0.77280521
2.8499997e-10 -0.77547741
2.8249997e-10 -0.77128577
2.7999997e-10 -0.7699514
2.7749997e-10 -0.76222312
2.7499997e-10 -0.78345412
2.7249997e-10 -0.78077197
2.6999997e-10 -0.77502823
2.6749997e-10 -0.77759659
2.6499997e-10 -0.79624265
2.6249997e-10 -0.81017846
2.5999997e-10 -0.79942119
2.5749997e-10 -0.80409086
2.5499997e-10 -0.81150252
2.5249997e-10 -0.79788858
2.4999997e-10 -0.78588337
2.4749996e-10 -0.81247741
2.4499996e-10 -0.8002224
2.4249996e-10 -0.82483357
2.3999996e-10 -0.77668822
2.3749996e-10 -0.81271046
2.3499996e-10 -0.84213567
2.3249996e-10 -0.81881475
2.2999996e-10 -0.81267697
2.2749996e-10 -0.83168364
2.2499996e-10 -0.80671865
2.2249996e-10 -0.83472919
2.1999996e-10 -0.83343154
2.1749996e-10 -0.84135121
2.1499996e-10 -0.85859126
2.1249996e-10 -0.83947623
2.0999996e-10 -0.8461557
2.0749996e-10 -0.86806834
2.0499996e-10 -0.89365876
2.0249996e-10 -0.81671488
1.9999996e-10 -0.90153074
1.9749996e-10 -0.91893464
1.9499996e-10 -0.88542032
1.9249996e-10 -0.92221594
1.8999996e-10 -0.88362831
1.8749996e-10 -0.908741
1.8499996e-10 -0.920151
1.8249996e-10 -0.92764932
1.7999996e-10 -0.91404921
1.7749996e-10 -0.92126536
1.7499996e-10 -0.95906466
1.7249996e-10 -0.94491166
1.6999996e-10 -0.95625412
1.6749996e-10 -0.95254654
1.6499996e-10 -0.95079041
1.6249996e-10 -0.92647105
1.5999996e-10 -0.97512221
1.5749996e-10 -0.96410894
1.5499996e-10 -0.995875
1.5249996e-10 -0.98643601
1.4999996e-10 -0.97580504
1.4749996e-10 -0.97616094
1.4499996e-10 -1.0201993
1.4249996e-10 -0.99400061
1.3999996e-10 -0.9801994
1.3749996e-10 -1.0124013
1.3499996e-10 -1.0120432
1.3249996e-10 -1.032364
1.2999996e-10 -1.0545218
1.2749996e-10 -1.0474539
1.2499995e-10 -1.0753307
1.2249995e-10 -1.0096101
1.1999995e-10 -1.0568445
1.1749995e-10 -1.0655791
1.1499995e-10 -1.0419017
1.1249995e-10 -1.0522743
1.0999995e-10 -1.076259
1.0749995e-10 -1.0825306
1.0499995e-10 -1.0645248
1.0249995e-10 -1.0761442
9.9999953e-11 -1.0772682
9.7499953e-11 -1.0907809
9.4999952e-11 -1.0936573
9.2499952e-11 -1.0740669
8.9999952e-11 -1.0880144
8.7499952e-11 -1.1001225
8.4999952e-11 -1.0929849
8.2499951e-11 -1.0749756
7.9999951e-11 -1.0911208
7.7499951e-11 -1.1033795
7.4999951e-11 -1.1034745
7.249995e-11 -1.124091
6.999995e-11 -1.1386623
6.7500006e-11 -1.1314391
6.5000005e-11 -1.1416095
6.2500005e-11 -1.1343489
6.0000005e-11 -1.1295145
5.7500005e-11 -1.1086121
5.5000005e-11 -1.1368026
5.2500004e-11 -1.1468462
5.0000004e-11 -1.131974
4.7500004e-11 -1.1541048
4.5000004e-11 -1.1525507
4.2500004e-11 -1.154927
4.0000003e-11 -1.1679277
3.7500003e-11 -1.1709765
3.5000003e-11 -1.1734691
3.2500003e-11 -1.1949862
3.0000002e-11 -1.1565607
2.7500002e-11 -1.1920714
2.5000002e-11 -1.1938367
2.2500002e-11 -1.1943034
2.0000002e-11 -1.2075245
1.7500001e-11 -1.172654
1.5000001e-11 -1.22666
1.2500001e-11 -1.2135302
1.0000001e-11 -1.227016
7.5000006e-12 -1.1650206
5.0000004e-12 -1.2093728
2.5000002e-12 -1.2258805
0.0 -1.2540537
