9.9999997e-10 -0.53553861
9.9749997e-10 -0.53346509
9.9499997e-10 -0.54837114
9.9249997e-10 -0.5045616
9.8999997e-10 -0.53034115
9.8749997e-10 -0.5411948
9.8499997e-10 -0.52587867
9.8249997e-10 -0.52311099
9.7999997e-10 -0.53221935
9.7749997e-10 -0.53352004
9.7499997e-10 -0.50845569
9.7249997e-10 -0.53102851
9.6999997e-10 -0.51262069
9.6749997e-10 -0.5444566
9.6499997e-10 -0.58102357
9.6249997e-10 -0.55963147
9.5999997e-10 -0.52997983
9.5749997e-10 -0.559367
9.5499997e-10 -0.53017545
9.5249997e-10 -0.56116921
9.4999997e-10 -0.55014575
9.4749997e-10 -0.58452183
9.4499997e-10 -0.54997271
9.4249997e-10 -0.55270165
9.3999997e-10 -0.52791214
9.3749997e-10 -0.5568822
9.3499997e-10 -0.52294862
9.3249997e-10 -0.55759966
9.2999997e-10 -0.53724885
9.2749997e-10 -0.50320131
9.2499997e-10 -0.5336684
9.2249997e-10 -0.53840452
9.1999997e-10 -0.53540409
9.1749996e-10 -0.53188473
9.1499996e-10 -0.55701786
9.1249996e-10 -0.52739644
9.0999996e-10 -0.53444171
9.0749996e-10 -0.51898211
9.0499996e-10 -0.53591359
9.0249996e-10 -0.53607118
8.9999996e-10 -0.52775139
8.9749996e-10 -0.51711011
8.9499996e-10 -0.50259161
8.9249996e-10 -0.53667033
8.8999996e-10 -0.5453099
8.8749996e-10 -0.56345689
8.8499996e-10 -0.53973359
8.8249996e-10 -0.51362705
8.7999996e-10 -0.53552997
8.7749996e-10 -0.55190486
8.7499996e-10 -0.54316241
8.7249996e-10 -0.5482108
8.6999996e-10 -0.55374712
8.6749996e-10 -0.52052206
8.6499996e-10 -0.54391688
8.6249996e-10 -0.52959776
8.5999996e-10 -0.55795145
8.5749996e-10 -0.55947798
8.5499996e-10 -0.55756265
8.5249996e-10 -0.55553156
8.4999996e-10 -0.5491842
8.4749996e-10 -0.54962879
8.4499996e-10 -0.54314339
8.4249996e-10 -0.56000328
8.3999996e-10 -0.54736996
8.3749996e-10 -0.51490831
8.3499996e-10 -0.52374184
8.3249996e-10 -0.53049898
8.2999996e-10 -0.52569783
8.2749996e-10 -0.55051786
8.2499996e-10 -0.53549165
8.2249996e-10 -0.53644627
8.1999996e-10 -0.54392177
8.1749996e-10 -0.53489232
8.1499996e-10 -0.538315
8.1249996e-10 -0.54191118
8.0999996e-10 -0.53586596
8.0749996e-10 -0.55635101
8.0499996e-10 -0.52311999
8.0249996e-10 -0.51167566
7.9999996e-10 -0.53202212
7.9749995e-10 -0.55849677
7.9499995e-10 -0.55932158
7.9249995e-10 -0.54299772
7.8999995e-10 -0.50797486
7.8749995e-10 -0.54654574
7.8499995e-10 -0.54178131
7.8249995e-10 -0.55494982
7.7999995e-10 -0.56183839
7.7749995e-10 -0.57103479
7.7499995e-10 -0.55807167
7.7249995e-10 -0.55143684
7.6999995e-10 -0.56129313
7.6749995e-10 -0.56434298
7.6499995e-10 -0.54326779
7.6249995e-10 -0.56128716
7.5999995e-10 -0.54989135
7.5749995e-10 -0.53203368
7.5499995e-10 -0.55548722
7.5249995e-10 -0.57162994
7.4999995e-10 -0.56668383
7.4749995e-10 -0.56081861
7.4499995e-10 -0.53541273
7.4249995e-10 -0.54689366
7.3999995e-10 -0.52180082
7.3749995e-10 -0.58390182
7.3499995e-10 -0.57308829
7.3249995e-10 -0.5640865
7.2999995e-10 -0.52582389
7.2749995e-10 -0.5666213
7.2499995e-10 -0.56393182
7.2249995e-10 -0.54325044
7.1999995e-10 -0.54280168
7.1749995e-10 -0.53437752
7.1499995e-10 -0.54833645
7.1249995e-10 -0.56613457
7.0999995e-10 -0.56666434
7.0749995e-10 -0.58361125
7.0499995e-10 -0.57192749
7.0249995e-10 -0.54742765
6.9999995e-10 -0.61015153
6.9749995e-10 -0.55449104
6.9499995e-10 -0.56430948
6.9249995e-10 -0.577528
6.8999995e-10 -0.54837525
6.8749995e-10 -0.57123417
6.8499995e-10 -0.54223216
6.8249995e-10 -0.58906394
6.7999995e-10 -0.56225067
6.7749995e-10 -0.59279364
6.7499994e-10 -0.59252667
6.7249994e-10 -0.56363976
6.6999994e-10 -0.56429476
6.6749994e-10 -0.59861493
6.6499994e-10 -0.61027044
6.6249994e-10 -0.59611088
6.5999994e-10 -0.57556075
6.5749994e-10 -0.55391634
6.5499994e-10 -0.57600373
6.5249994e-10 -0.55144131
6.4999994e-10 -0.57200366
6.4749994e-10 -0.60809374
6.4499994e-10 -0.58088577
6.4249994e-10 -0.5722034
6.3999994e-10 -0.57450008
6.3749994e-10 -0.5904482
6.3499994e-10 -0.58744097
6.3249994e-10 -0.57959038
6.2999994e-10 -0.62531108
6.2749994e-10 -0.61903203
6.2499994e-10 -0.5833782
6.2249994e-10 -0.59029347
6.1999994e-10 -0.57367396
6.1749994e-10 -0.55692559
6.1499994e-10 -0.58911914
6.1249994e-10 -0.57995749
6.0999994e-10 -0.58752215
6.0749994e-10 -0.60988224
6.0499994e-10 -0.58894771
6.0249994e-10 -0.60251617
5.9999994e-10 -0.62607908
5.9749994e-10 -0.62132555
5.9499994e-10 -0.61647666
5.9249994e-10 -0.62062174
5.8999994e-10 -0.59786379
5.8749994e-10 -0.61497647
5.8499994e-10 -0.6226632
5.8249994e-10 -0.61349088
5.7999994e-10 -0.57694829
5.7749994e-10 -0.60348314
5.7499994e-10 -0.5919497
5.7249994e-10 -0.61235678
5.6999994e-10 -0.60049772
5.6749994e-10 -0.63150752
5.6499994e-10 -0.6381706
5.6249994e-10 -0.60904902
5.5999994e-10 -0.61354434
5.5749994e-10 -0.60789871
5.5499993e-10 -0.63652486
5.5249993e-10 -0.62699485
5.4999993e-10 -0.62282109
5.4749993e-10 -0.61773759
5.4499993e-10 -0.596883
5.4249993e-10 -0.63969558
5.3999993e-10 -0.61270589
5.3749993e-10 -0.65571529
5.3499993e-10 -0.64013761
5.3249999e-10 -0.61154252
5.2999999e-10 -0.60287935
5.2749999e-10 -0.66301531
5.2499999e-10 -0.64293325
5.2249999e-10 -0.60902405
5.1999999e-10 -0.64093989
5.1749999e-10 -0.64432418
5.1499999e-10 -0.63763034
5.1249999e-10 -0.67675984
5.0999999e-10 -0.62748492
5.0749999e-10 -0.63852578
5.0499999e-10 -0.6263724
5.0249999e-10 -0.62727487
4.9999999e-10 -0.64830971
4.9749999e-10 -0.6254558
4.9499999e-10 -0.64223385
4.9249999e-10 -0.65678579
4.8999999e-10 -0.64850938
4.8749998e-10 -0.6576938
4.8499998e-10 -0.67101824
4.8249998e-10 -0.63316882
4.7999998e-10 -0.65888339
4.7749998e-10 -0.65892708
4.7499998e-10 -0.67357743
4.7249998e-10 -0.63881487
4.6999998e-10 -0.66433316
4.6749998e-10 -0.63929951
4.6499998e-10 -0.66999984
4.6249998e-10 -0.67515069
4.5999998e-10 -0.6439777
4.5749998e-10 -0.66464007
4.5499998e-10 -0.65730751
4.5249998e-10 -0.67869389
4.4999998e-10 -0.6841194
4.4749998e-10 -0.65223128
4.4499998e-10 -0.66262442
4.4249998e-10 -0.65487063
4.3999998e-10 -0.64867032
4.3749998e-10 -0.67193216
4.3499998e-10 -0.66662699
4.3249998e-10 -0.70774001
4.2999998e-10 -0.69564849
4.2749998e-10 -0.69962233
4.2499998e-10 -0.65017396
4.2249998e-10 -0.68798119
4.1999998e-10 -0.70093209
4.1749998e-10 -0.71065414
4.1499998e-10 -0.68928665
4.1249998e-10 -0.68356967
4.0999998e-10 -0.67957211
4.0749998e-10 -0.6764093
4.0499998e-10 -0.70699209
4.0249998e-10 -0.7048229
3.9999998e-10 -0.70185667
3.9749998e-10 -0.70585716
3.9499998e-10 -0.6810171
3.9249998e-10 -0.70207429
3.8999998e-10 -0.72915524
3.8749998e-10 -0.69422203
3.8499998e-10 -0.73006749
3.8249998e-10 -0.69073403
3.7999998e-10 -0.71749783
3.7749998e-10 -0.72963393
3.7499998e-10 -0.74174839
3.7249998e-10 -0.72052646
3.6999998e-10 -0.72430933
3.6749997e-10 -0.73420107
3.6499997e-10 -0.7052328
3.6249997e-10 -0.74092257
3.5999997e-10 -0.73018646
3.5749997e-10 -0.75355011
3.5499997e-10 -0.74677175
3.5249997e-10 -0.76918346
3.4999997e-10 -0.75728321
3.4749997e-10 -0.74874282
3.4499997e-10 -0.76568419
3.4249997e-10 -0.74518251
3.3999997e-10 -0.7347334
3.3749997e-10 -0.74028283
3.3499997e-10 -0.75909275
3.3249997e-10 -0.73122138
3.2999997e-10 -0.71952552
3.2749997e-10 -0.74120629
3.2499997e-10 -0.74055201
3.2249997e-10 -0.72766656
3.1999997e-10 -0.74236864
3.1749997e-10 -0.74193829
3.1499997e-10 -0.76194727
3.1249997e-10 -0.75531524
3.0999997e-10 -0.76746428
3.0749997e-10 -0.76837391
3.0499997e-10 -0.74786586
3.0249997e-10 -0.76611978
2.9999997e-10 -0.7917338
2.9749997e-10 -0.78099048
2.9499997e-10 -0.77516913
2.9249997e-10 -0.76200795
2.8999997e-10 -0.77535105
2.8749997e-10 -0.77582163
2.8499997e-10 -0.78311288
2.8249997e-10 -0.76722115
2.7999997e-10 -0.80009276
2.7749997e-10 -0.82076263
2.7499997e-10 -0.76367718
2.7249997e-10 -0.80382651
2.6999997e-10 -0.84068167
2.6749997e-10 -0.80638123
2.6499997e-10 -0.83043385
2.6249997e-10 -0.81572616
2.5999997e-10 -0.80261219
2.5749997e-10 -0.82477206
2.5499997e-10 -0.80477571
2.5249997e-10 -0.82892662
2.4999997e-10 -0.82900596
2.4749996e-10 -0.81923699
2.4499996e-10 -0.8452009
2.4249996e-10 -0.81407678
2.3999996e-10 -0.84508866
2.3749996e-10 -0.82572824
2.3499996e-10 -0.83698899
2.3249996e-10 -0.84394342
2.2999996e-10 -0.84067291
2.2749996e-10 -0.82952601
2.2499996e-10 -0.87190926
2.2249996e-10 -0.87132597
2.1999996e-10 -0.82406443
2.1749996e-10 -0.84765637
2.1499996e-10 -0.87890333
2.1249996e-10 -0.8737644
2.0999996e-10 -0.88520616
2.0749996e-10 -0.87830693
2.0499996e-10 -0.88919699
2.0249996e-10 -0.90960759
1.9999996e-10 -0.86338234
1.9749996e-10 -0.91923761
1.9499996e-10 -0.91065681
1.9249996e-10 -0.92105514
1.8999996e-10 -0.9182176
1.8749996e-10 -0.95054752
1.8499996e-10 -0.92686927
1.8249996e-10 -0.9407624
1.7999996e-10 -0.91961843
1.7749996e-10 -0.98411632
1.7499996e-10 -0.96875775
1.7249996e-10 -0.93010861
1.6999996e-10 -0.95337534
1.6749996e-10 -0.96528572
1.6499996e-10 -0.9832139
1.6249996e-10 -0.95967156
1.5999996e-10 -1.0187738
1.5749996e-10 -0.98711485
1.5499996e-10 -0.97953391
1.5249996e-10 -1.004837
1.4999996e-10 -0.9987238
1.4749996e-10 -1.0461384
1.4499996e-10 -0.99773824
1.4249996e-10 -0.99922353
1.3999996e-10 -1.0135701
1.3749996e-10 -1.0407895
1.3499996e-10 -1.021224
1.3249996e-10 -1.0335481
1.2999996e-10 -1.0440414
1.2749996e-10 -1.0468513
1.2499995e-10 -1.0582989
1.2249995e-10 -1.0575931
1.1999995e-10 -1.0283352
1.1749995e-10 -1.0605968
1.1499995e-10 -1.1036315
1.1249995e-10 -1.0618904
1.0999995e-10 -1.0838801
1.0749995e-10 -1.0998051
1.0499995e-10 -1.0643487
1.0249995e-10 -1.104566
9.9999953e-11 -1.0709884
9.7499953e-11 -1.1022127
9.4999952e-11 -1.0723858
9.2499952e-11 -1.112976
8.9999952e-11 -1.0784732
8.7499952e-11 -1.1128829
8.4999952e-11 -1.1261588
8.2499951e-11 -1.1217748
7.9999951e-11 -1.0867929
7.7499951e-11 -1.1261762
7.4999951e-11 -1.1255274
7.249995e-11 -1.1342679
6.999995e-11 -1.1406356
6.7500006e-11 -1.1244036
6.5000005e-11 -1.1323962
6.2500005e-11 -1.1374117
6.0000005e-11 -1.1631744
5.7500005e-11 -1.1418014
5.5000005e-11 -1.1295474
5.2500004e-11 -1.1517001
5.0000004e-11 -1.1796867
4.7500004e-11 -1.1503197
4.5000004e-11 -1.1292074
4.2500004e-11 -1.157222
4.0000003e-11 -1.1727591
3.7500003e-11 -1.1960268
3.5000003e-11 -1.1823616
3.2500003e-11 -1.1849545
3.0000002e-11 -1.1803557
2.7500002e-11 -1.1861759
2.5000002e-11 -1.1833034
2.2500002e-11 -1.2032814
2.0000002e-11 -1.2308099
1.7500001e-11 -1.2246637
1.5000001e-11 -1.2372302
1.2500001e-11 -1.223889
1.0000001e-11 -1.209662
7.5000006e-12 -1.2301615
5.0000004e-12 -1.248046
2.5000002e-12 -1.2487117
0.0 -1.2563744
