9.9999997e-10 -0.53288555
9.9749997e-10 -0.48371914
9.9499997e-10 -0.51908779
9.9249997e-10 -0.48724154
9.8999997e-10 -0.52283776
9.8749997e-10 -0.49925962
9.8499997e-10 -0.49270606
9.8249997e-10 -0.53317404
9.7999997e-10 -0.49599296
9.7749997e-10 -0.50035322
9.7499997e-10 -0.50240445
9.7249997e-10 -0.49898314
9.6999997e-10 -0.49221361
9.6749997e-10 -0.53616613
9.6499997e-10 -0.46926379
9.6249997e-10 -0.50349277
9.5999997e-10 -0.5282709
9.5749997e-10 -0.48993525
9.5499997e-10 -0.50760132
9.5249997e-10 -0.48543176
9.4999997e-10 -0.50931877
9.4749997e-10 -0.50014275
9.4499997e-10 -0.52250189
9.4249997e-10 -0.53514075
9.3999997e-10 -0.4942728
9.3749997e-10 -0.51075107
9.3499997e-10 -0.53031945
9.3249997e-10 -0.5073266
9.2999997e-10 -0.50164741
9.2749997e-10 -0.51385105
9.2499997e-10 -0.52798039
9.2249997e-10 -0.49596289
9.1999997e-10 -0.46697876
9.1749996e-10 -0.50966799
9.1499996e-10 -0.50166512
9.1249996e-10 -0.48908636
9.0999996e-10 -0.48762915
9.0749996e-10 -0.50184762
9.0499996e-10 -0.49633884
9.0249996e-10 -0.51261538
8.9999996e-10 -0.52802724
8.9749996e-10 -0.50320047
8.9499996e-10 -0.49081141
8.9249996e-10 -0.51897848
8.8999996e-10 -0.48136938
8.8749996e-10 -0.48697078
8.8499996e-10 -0.50029975
8.8249996e-10 -0.50012571
8.7999996e-10 -0.53136462
8.7749996e-10 -0.50811362
8.7499996e-10 -0.51666898
8.7249996e-10 -0.50178218
8.6999996e-10 -0.52257907
8.6749996e-10 -0.51280063
8.6499996e-10 -0.48788682
8.6249996e-10 -0.51230931
8.5999996e-10 -0.48684049
8.5749996e-10 -0.51433873
8.5499996e-10 -0.49752375
8.5249996e-10 -0.52453649
8.4999996e-10 -0.48977789
8.4749996e-10 -0.51811332
8.4499996e-10 -0.50116348
8.4249996e-10 -0.51616329
8.3999996e-10 -0.51876265
8.3749996e-10 -0.51136589
8.3499996e-10 -0.50354582
8.3249996e-10 -0.50867969
8.2999996e-10 -0.49653399
8.2749996e-10 -0.50664973
8.2499996e-10 -0.5084275
8.2249996e-10 -0.5002504
8.1999996e-10 -0.52120769
8.1749996e-10 -0.53500473
8.1499996e-10 -0.51540565
8.1249996e-10 -0.5235154
8.0999996e-10 -0.52292192
8.0749996e-10 -0.47064653
8.0499996e-10 -0.53787285
8.0249996e-10 -0.53415668
7.9999996e-10 -0.50061172
7.9749995e-10 -0.50090659
7.9499995e-10 -0.52525878
7.9249995e-10 -0.52170712
7.8999995e-10 -0.53589153
7.8749995e-10 -0.54217756
7.8499995e-10 -0.54745603
7.8249995e-10 -0.51033515
7.7999995e-10 -0.49759233
7.7749995e-10 -0.51898611
7.7499995e-10 -0.52309042
7.7249995e-10 -0.54326755
7.6999995e-10 -0.5254035
7.6749995e-10 -0.5368169
7.6499995e-10 -0.50026453
7.6249995e-10 -0.55615109
7.5999995e-10 -0.50466543
7.5749995e-10 -0.51033765
7.5499995e-10 -0.50744367
7.5249995e-10 -0.52111459
7.4999995e-10 -0.49956045
7.4749995e-10 -0.52563137
7.4499995e-10 -0.52834672
7.4249995e-10 -0.52665669
7.3999995e-10 -0.52821201
7.3749995e-10 -0.49752608
7.3499995e-10 -0.52862442
7.3249995e-10 -0.5242697
7.2999995e-10 -0.54336751
7.2749995e-10 -0.54648614
7.2499995e-10 -0.50539267
7.2249995e-10 -0.52387577
7.1999995e-10 -0.51623708
7.1749995e-10 -0.51891184
7.1499995e-10 -0.56102145
7.1249995e-10 -0.55198956
7.0999995e-10 -0.5367254
7.0749995e-10 -0.53938121
7.0499995e-10 -0.55732638
7.0249995e-10 -0.55028242
6.9999995e-10 -0.5318864
6.9749995e-10 -0.54421943
6.9499995e-10 -0.54941875
6.9249995e-10 -0.54072154
6.8999995e-10 -0.56645852
6.8749995e-10 -0.55167645
6.8499995e-10 -0.54334754
6.8249995e-10 -0.57065761
6.7999995e-10 -0.57968152
6.7749995e-10 -0.57375431
6.7499994e-10 -0.51243842
6.7249994e-10 -0.53481328
6.6999994e-10 -0.55631614
6.6749994e-10 -0.54736817
6.6499994e-10 -0.53970236
6.6249994e-10 -0.55601299
6.5999994e-10 -0.54061919
6.5749994e-10 -0.57793397
6.5499994e-10 -0.57013679
6.5249994e-10 -0.52703184
6.4999994e-10 -0.54314393
6.4749994e-10 -0.58484244
6.4499994e-10 -0.57866669
6.4249994e-10 -0.55025756
6.3999994e-10 -0.58218312
6.3749994e-10 -0.55257988
6.3499994e-10 -0.55430669
6.3249994e-10 -0.58158857
6.2999994e-10 -0.58502978
6.2749994e-10 -0.56083286
6.2499994e-10 -0.54235125
6.2249994e-10 -0.583713
6.1999994e-10 -0.54741877
6.1749994e-10 -0.58867341
6.1499994e-10 -0.54522896
6.1249994e-10 -0.57995236
6.0999994e-10 -0.54965705
6.0749994e-10 -0.56340367
6.0499994e-10 -0.57614893
6.0249994e-10 -0.59650362
5.9999994e-10 -0.56850338
5.9749994e-10 -0.575571
5.9499994e-10 -0.55296093
5.9249994e-10 -0.54561388
5.8999994e-10 -0.59006286
5.8749994e-10 -0.60494512
5.8499994e-10 -0.60314608
5.8249994e-10 -0.5650984
5.7999994e-10 -0.58480132
5.7749994e-10 -0.57383251
5.7499994e-10 -0.60727853
5.7249994e-10 -0.57040167
5.6999994e-10 -0.59246927
5.6749994e-10 -0.56753892
5.6499994e-10 -0.58352643
5.6249994e-10 -0.60163718
5.5999994e-10 -0.59862936
5.5749994e-10 -0.59781182
5.5499993e-10 -0.62222028
5.5249993e-10 -0.5898357
5.4999993e-10 -0.58318257
5.4749993e-10 -0.59628266
5.4499993e-10 -0.60910934
5.4249993e-10 -0.59733999
5.3999993e-10 -0.58369219
5.3749993e-10 -0.60723096
5.3499993e-10 -0.61496806
5.3249999e-10 -0.62537372
5.2999999e-10 -0.61040753
5.2749999e-10 -0.607777
5.2499999e-10 -0.58727705
5.2249999e-10 -0.62295055
5.1999999e-10 -0.62561125
5.1749999e-10 -0.62324053
5.1499999e-10 -0.59644938
5.1249999e-10 -0.61391068
5.0999999e-10 -0.64265478
5.0749999e-10 -0.63039708
5.0499999e-10 -0.60859466
5.0249999e-10 -0.63343042
4.9999999e-10 -0.63673621
4.9749999e-10 -0.58702743
4.9499999e-10 -0.6434226
4.9249999e-10 -0.59667677
4.8999999e-10 -0.61068559
4.8749998e-10 -0.62970382
4.8499998e-10 -0.58837855
4.8249998e-10 -0.62593967
4.7999998e-10 -0.62997532
4.7749998e-10 -0.6303637
4.7499998e-10 -0.60826463
4.7249998e-10 -0.63069409
4.6999998e-10 -0.59698558
4.6749998e-10 -0.62520897
4.6499998e-10 -0.60899246
4.6249998e-10 -0.61156261
4.5999998e-10 -0.6316272
4.5749998e-10 -0.61227471
4.5499998e-10 -0.62674594
4.5249998e-10 -0.6051662
4.4999998e-10 -0.61530274
4.4749998e-10 -0.64934641
4.4499998e-10 -0.64803964
4.4249998e-10 -0.62042803
4.3999998e-10 -0.67343128
4.3749998e-10 -0.6332615
4.3499998e-10 -0.62664342
4.3249998e-10 -0.65267599
4.2999998e-10 -0.61488277
4.2749998e-10 -0.64165872
4.2499998e-10 -0.64204061
4.2249998e-10 -0.64801317
4.1999998e-10 -0.67543596
4.1749998e-10 -0.64862138
4.1499998e-10 -0.68074948
4.1249998e-10 -0.67910236
4.0999998e-10 -0.64967293
4.0749998e-10 -0.63790172
4.0499998e-10 -0.65174145
4.0249998e-10 -0.65742415
3.9999998e-10 -0.66347355
3.9749998e-10 -0.65771317
3.9499998e-10 -0.6673978
3.9249998e-10 -0.66301888
3.8999998e-10 -0.69289327
3.8749998e-10 -0.66391146
3.8499998e-10 -0.68273187
3.8249998e-10 -0.6770981
3.7999998e-10 -0.6716786
3.7749998e-10 -0.66787016
3.7499998e-10 -0.70562506
3.7249998e-10 -0.68152416
3.6999998e-10 -0.66061467
3.6749997e-10 -0.67098874
3.6499997e-10 -0.6823132
3.6249997e-10 -0.71094692
3.5999997e-10 -0.69285816
3.5749997e-10 -0.72253954
3.5499997e-10 -0.68069988
3.5249997e-10 -0.69873142
3.4999997e-10 -0.686912
3.4749997e-10 -0.71079874
3.4499997e-10 -0.69347805
3.4249997e-10 -0.732786
3.3999997e-10 -0.72532231
3.3749997e-10 -0.70402545
3.3499997e-10 -0.70109308
3.3249997e-10 -0.69406056
3.2999997e-10 -0.74235052
3.2749997e-10 -0.67327201
3.2499997e-10 -0.70338625
3.2249997e-10 -0.72555643
3.1999997e-10 -0.71263778
3.1749997e-10 -0.75196713
3.1499997e-10 -0.74215573
3.1249997e-10 -0.74950355
3.0999997e-10 -0.74405342
3.0749997e-10 -0.7032885
3.0499997e-10 -0.71731937
3.0249997e-10 -0.70298547
2.9999997e-10 -0.71543181
2.9749997e-10 -0.76129711
2.9499997e-10 -0.75176334
2.9249997e-10 -0.73406476
2.8999997e-10 -0.73628503
2.8749997e-10 -0.7672841
2.8499997e-10 -0.74726439
2.8249997e-10 -0.77736938
2.7999997e-10 -0.76141548
2.7749997e-10 -0.75307155
2.7499997e-10 -0.76714528
2.7249997e-10 -0.76698571
2.6999997e-10 -0.77606094
2.6749997e-10 -0.76202327
2.6499997e-10 -0.73280728
2.6249997e-10 -0.75995278
2.5999997e-10 -0.78860855
2.5749997e-10 -0.79353315
2.5499997e-10 -0.78863686
2.5249997e-10 -0.76839864
2.4999997e-10 -0.78778392
2.4749996e-10 -0.80084842
2.4499996e-10 -0.79959935
2.4249996e-10 -0.81095916
2.3999996e-10 -0.78989226
2.3749996e-10 -0.78585178
2.3499996e-10 -0.8240307
2.3249996e-10 -0.80413353
2.2999996e-10 -0.81458056
2.2749996e-10 -0.80678481
2.2499996e-10 -0.84686333
2.2249996e-10 -0.81826204
2.1999996e-10 -0.81628811
2.1749996e-10 -0.80996758
2.1499996e-10 -0.81174749
2.1249996e-10 -0.83811992
2.0999996e-10 -0.79856312
2.0749996e-10 -0.84901118
2.0499996e-10 -0.83411402
2.0249996e-10 -0.86173528
1.9999996e-10 -0.84511352
1.9749996e-10 -0.81201857
1.9499996e-10 -0.8263377
1.9249996e-10 -0.86566013
1.8999996e-10 -0.81689721
1.8749996e-10 -0.85135871
1.8499996e-10 -0.89444882
1.8249996e-10 -0.86006194
1.7999996e-10 -0.88379765
1.7749996e-10 -0.86632866
1.7499996e-10 -0.85497659
1.7249996e-10 -0.88507986
1.6999996e-10 -0.90811455
1.6749996e-10 -0.89769286
1.6499996e-10 -0.93252826
1.6249996e-10 -0.93760055
1.5999996e-10 -0.91821349
1.5749996e-10 -0.91343313
1.5499996e-10 -0.91811615
1.5249996e-10 -0.92207181
1.4999996e-10 -0.94757801
1.4749996e-10 -0.92190826
1.4499996e-10 -0.96491653
1.4249996e-10 -0.96541923
1.3999996e-10 -0.95913935
1.3749996e-10 -0.95988363
1.3499996e-10 -0.94722021
1.3249996e-10 -0.98758703
1.2999996e-10 -0.9545036
1.2749996e-10 -0.98112565
1.2499995e-10 -0.97988844
1.2249995e-10 -0.99643517
1.1999995e-10 -0.99714768
1.1749995e-10 -0.99852437
1.1499995e-10 -1.0117379
1.1249995e-10 -1.0660907
1.0999995e-10 -1.0569549
1.0749995e-10 -1.0542446
1.0499995e-10 -1.0586489
1.0249995e-10 -1.0606245
9.9999953e-11 -1.0345907
9.7499953e-11 -1.073976
9.4999952e-11 -1.0929583
9.2499952e-11 -1.1079825
8.9999952e-11 -1.0966455
8.7499952e-11 -1.1019822
8.4999952e-11 -1.1068805
8.2499951e-11 -1.108029
7.9999951e-11 -1.1336125
7.7499951e-11 -1.1480834
7.4999951e-11 -1.1355404
7.249995e-11 -1.1579553
6.999995e-11 -1.165844
6.7500006e-11 -1.1688557
6.5000005e-11 -1.2040727
6.2500005e-11 -1.1885282
6.0000005e-11 -1.2071418
5.7500005e-11 -1.2094779
5.5000005e-11 -1.2075123
5.2500004e-11 -1.2222532
5.0000004e-11 -1.2585605
4.7500004e-11 -1.2336553
4.5000004e-11 -1.2341189
4.2500004e-11 -1.220237
4.0000003e-11 -1.2159681
3.7500003e-11 -1.2356429
3.5000003e-11 -1.2557702
3.2500003e-11 -1.2782404
3.0000002e-11 -1.2896684
2.7500002e-11 -1.3178449
2.5000002e-11 -1.2925255
2.2500002e-11 -1.2863905
2.0000002e-11 -1.3099076
1.7500001e-11 -1.3267045
1.5000001e-11 -1.3297548
1.2500001e-11 -1.3222954
1.0000001e-11 -1.3662878
7.5000006e-12 -1.3578681
5.0000004e-12 -1.3765564
2.5000002e-12 -1.3901162
0.0 -1.3687865
