9.9999997e-10 -0.57408637
9.9749997e-10 -0.57733476
9.9499997e-10 -0.54037929
9.9249997e-10 -0.56809437
9.8999997e-10 -0.56585437
9.8749997e-10 -0.56165999
9.8499997e-10 -0.55295634
9.8249997e-10 -0.55127639
9.7999997e-10 -0.55238348
9.7749997e-10 -0.54281574
9.7499997e-10 -0.55496091
9.7249997e-10 -0.55281228
9.6999997e-10 -0.57035041
9.6749997e-10 -0.56221932
9.6499997e-10 -0.58485377
9.6249997e-10 -0.51779312
9.5999997e-10 -0.53676325
9.5749997e-10 -0.54030746
9.5499997e-10 -0.56278276
9.5249997e-10 -0.53329653
9.4999997e-10 -0.54235899
9.4749997e-10 -0.56268394
9.4499997e-10 -0.57661164
9.4249997e-10 -0.55708092
9.3999997e-10 -0.54465234
9.3749997e-10 -0.5739606
9.3499997e-10 -0.57255065
9.3249997e-10 -0.54969972
9.2999997e-10 -0.58125973
9.2749997e-10 -0.55218029
9.2499997e-10 -0.6008476
9.2249997e-10 -0.56119794
9.1999997e-10 -0.58930051
9.1749996e-10 -0.55303705
9.1499996e-10 -0.54786968
9.1249996e-10 -0.52926862
9.0999996e-10 -0.54889625
9.0749996e-10 -0.55734885
9.0499996e-10 -0.5909881
9.0249996e-10 -0.58207804
8.9999996e-10 -0.5587092
8.9749996e-10 -0.56068957
8.9499996e-10 -0.55932498
8.9249996e-10 -0.5836606
8.8999996e-10 -0.58532727
8.8749996e-10 -0.54971743
8.8499996e-10 -0.58060288
8.8249996e-10 -0.57578605
8.7999996e-10 -0.5851292
8.7749996e-10 -0.57410586
8.7499996e-10 -0.59114164
8.7249996e-10 -0.57119995
8.6999996e-10 -0.58561152
8.6749996e-10 -0.58063883
8.6499996e-10 -0.5495171
8.6249996e-10 -0.60301232
8.5999996e-10 -0.56393361
8.5749996e-10 -0.59548628
8.5499996e-10 -0.58475351
8.5249996e-10 -0.59730816
8.4999996e-10 -0.59655344
8.4749996e-10 -0.56601799
8.4499996e-10 -0.56379199
8.4249996e-10 -0.59112829
8.3999996e-10 -0.55942106
8.3749996e-10 -0.57641417
8.3499996e-10 -0.57605237
8.3249996e-10 -0.5976913
8.2999996e-10 -0.58023059
8.2749996e-10 -0.62117851
8.2499996e-10 -0.58509928
8.2249996e-10 -0.57169318
8.1999996e-10 -0.58101857
8.1749996e-10 -0.60262328
8.1499996e-10 -0.63194782
8.1249996e-10 -0.60027707
8.0999996e-10 -0.59816647
8.0749996e-10 -0.61530685
8.0499996e-10 -0.60427141
8.0249996e-10 -0.56196702
7.9999996e-10 -0.61753327
7.9749995e-10 -0.60778505
7.9499995e-10 -0.58360612
7.9249995e-10 -0.60418355
7.8999995e-10 -0.61509013
7.8749995e-10 -0.5970577
7.8499995e-10 -0.59776348
7.8249995e-10 -0.60236543
7.7999995e-10 -0.59278131
7.7749995e-10 -0.62726259
7.7499995e-10 -0.60823971
7.7249995e-10 -0.60556901
7.6999995e-10 -0.58224541
7.6749995e-10 -0.59656835
7.6499995e-10 -0.60956663
7.6249995e-10 -0.61154616
7.5999995e-10 -0.63003987
7.5749995e-10 -0.58343136
7.5499995e-10 -0.60302883
7.5249995e-10 -0.59178841
7.4999995e-10 -0.58965188
7.4749995e-10 -0.6167984
7.4499995e-10 -0.60404998
7.4249995e-10 -0.61569488
7.3999995e-10 -0.59413379
7.3749995e-10 -0.62661374
7.3499995e-10 -0.61969775
7.3249995e-10 -0.6239382
7.2999995e-10 -0.59134924
7.2749995e-10 -0.6146121
7.2499995e-10 -0.60989499
7.2249995e-10 -0.6481567
7.1999995e-10 -0.61539114
7.1749995e-10 -0.61832482
7.1499995e-10 -0.64504439
7.1249995e-10 -0.61693496
7.0999995e-10 -0.63371283
7.0749995e-10 -0.64665365
7.0499995e-10 -0.64143705
7.0249995e-10 -0.63496119
6.9999995e-10 -0.62824136
6.9749995e-10 -0.61170113
6.9499995e-10 -0.63157696
6.9249995e-10 -0.62485909
6.8999995e-10 -0.61835408
6.8749995e-10 -0.60279679
6.8499995e-10 -0.63943756
6.8249995e-10 -0.62419957
6.7999995e-10 -0.611821
6.7749995e-10 -0.61909151
6.7499994e-10 -0.57821786
6.7249994e-10 -0.6349898
6.6999994e-10 -0.62694603
6.6749994e-10 -0.62156683
6.6499994e-10 -0.62320894
6.6249994e-10 -0.62526691
6.5999994e-10 -0.6672194
6.5749994e-10 -0.65728468
6.5499994e-10 -0.61621803
6.5249994e-10 -0.61996126
6.4999994e-10 -0.62037855
6.4749994e-10 -0.6444577
6.4499994e-10 -0.60596347
6.4249994e-10 -0.63172847
6.3999994e-10 -0.6439538
6.3749994e-10 -0.66051131
6.3499994e-10 -0.64089519
6.3249994e-10 -0.63580263
6.2999994e-10 -0.63719606
6.2749994e-10 -0.65875083
6.2499994e-10 -0.62004781
6.2249994e-10 -0.61307985
6.1999994e-10 -0.61642933
6.1749994e-10 -0.66031802
6.1499994e-10 -0.63667411
6.1249994e-10 -0.64091539
6.0999994e-10 -0.62047416
6.0749994e-10 -0.63420975
6.0499994e-10 -0.6533339
6.0249994e-10 -0.64276242
5.9999994e-10 -0.63360602
5.9749994e-10 -0.66343653
5.9499994e-10 -0.65431678
5.9249994e-10 -0.63996094
5.8999994e-10 -0.63161838
5.8749994e-10 -0.65439564
5.8499994e-10 -0.65561336
5.8249994e-10 -0.63269174
5.7999994e-10 -0.63965362
5.7749994e-10 -0.62453246
5.7499994e-10 -0.63661224
5.7249994e-10 -0.65346527
5.6999994e-10 -0.64625847
5.6749994e-10 -0.63317531
5.6499994e-10 -0.65460497
5.6249994e-10 -0.6403898
5.5999994e-10 -0.64495349
5.5749994e-10 -0.65723503
5.5499993e-10 -0.66879725
5.5249993e-10 -0.67283279
5.4999993e-10 -0.65478182
5.4749993e-10 -0.67543852
5.4499993e-10 -0.6166414
5.4249993e-10 -0.66962337
5.3999993e-10 -0.63543642
5.3749993e-10 -0.67045784
5.3499993e-10 -0.64196819
5.3249999e-10 -0.7042498
5.2999999e-10 -0.65167296
5.2749999e-10 -0.7007755
5.2499999e-10 -0.66812801
5.2249999e-10 -0.61959702
5.1999999e-10 -0.68103588
5.1749999e-10 -0.67112285
5.1499999e-10 -0.64399445
5.1249999e-10 -0.66790599
5.0999999e-10 -0.68699157
5.0749999e-10 -0.68241739
5.0499999e-10 -0.69406569
5.0249999e-10 -0.64974606
4.9999999e-10 -0.69262409
4.9749999e-10 -0.71886122
4.9499999e-10 -0.65851718
4.9249999e-10 -0.69376749
4.8999999e-10 -0.66332316
4.8749998e-10 -0.70557117
4.8499998e-10 -0.6615895
4.8249998e-10 -0.67148298
4.7999998e-10 -0.67408127
4.7749998e-10 -0.69302046
4.7499998e-10 -0.67487168
4.7249998e-10 -0.66536099
4.6999998e-10 -0.71829677
4.6749998e-10 -0.71525103
4.6499998e-10 -0.68070388
4.6249998e-10 -0.70250344
4.5999998e-10 -0.69201946
4.5749998e-10 -0.69456339
4.5499998e-10 -0.69559342
4.5249998e-10 -0.70597559
4.4999998e-10 -0.70851499
4.4749998e-10 -0.69077277
4.4499998e-10 -0.68858135
4.4249998e-10 -0.70441055
4.3999998e-10 -0.70554405
4.3749998e-10 -0.69872671
4.3499998e-10 -0.71087998
4.3249998e-10 -0.68707955
4.2999998e-10 -0.71777725
4.2749998e-10 -0.71258688
4.2499998e-10 -0.69548088
4.2249998e-10 -0.7080875
4.1999998e-10 -0.72218329
4.1749998e-10 -0.72815216
4.1499998e-10 -0.7225064
4.1249998e-10 -0.73238456
4.0999998e-10 -0.71117961
4.0749998e-10 -0.73451418
4.0499998e-10 -0.74117559
4.0249998e-10 -0.73273957
3.9999998e-10 -0.73323053
3.9749998e-10 -0.71648669
3.9499998e-10 -0.72381645
3.9249998e-10 -0.73118389
3.8999998e-10 -0.73403567
3.8749998e-10 -0.73653412
3.8499998e-10 -0.73399949
3.8249998e-10 -0.72233456
3.7999998e-10 -0.74753386
3.7749998e-10 -0.74213219
3.7499998e-10 -0.73087108
3.7249998e-10 -0.74180943
3.6999998e-10 -0.73494184
3.6749997e-10 -0.77018815
3.6499997e-10 -0.75356877
3.6249997e-10 -0.73175031
3.5999997e-10 -0.71986032
3.5749997e-10 -0.76416749
3.5499997e-10 -0.76830137
3.5249997e-10 -0.78576326
3.4999997e-10 -0.76138937
3.4749997e-10 -0.75379485
3.4499997e-10 -0.74500161
3.4249997e-10 -0.76933676
3.3999997e-10 -0.76285905
3.3749997e-10 -0.76199079
3.3499997e-10 -0.80173123
3.3249997e-10 -0.79404831
3.2999997e-10 -0.7546888
3.2749997e-10 -0.79963559
3.2499997e-10 -0.76540083
3.2249997e-10 -0.78881663
3.1999997e-10 -0.7994619
3.1749997e-10 -0.77335548
3.1499997e-10 -0.80784279
3.1249997e-10 -0.77763486
3.0999997e-10 -0.80310184
3.0749997e-10 -0.78116775
3.0499997e-10 -0.79822564
3.0249997e-10 -0.78409374
2.9999997e-10 -0.79835337
2.9749997e-10 -0.77903759
2.9499997e-10 -0.80501044
2.9249997e-10 -0.81354678
2.8999997e-10 -0.80578941
2.8749997e-10 -0.79243153
2.8499997e-10 -0.81162399
2.8249997e-10 -0.82999504
2.7999997e-10 -0.84975326
2.7749997e-10 -0.81197065
2.7499997e-10 -0.8194015
2.7249997e-10 -0.7939024
2.6999997e-10 -0.82447779
2.6749997e-10 -0.83976281
2.6499997e-10 -0.84659326
2.6249997e-10 -0.81677788
2.5999997e-10 -0.82661563
2.5749997e-10 -0.79748678
2.5499997e-10 -0.82982439
2.5249997e-10 -0.83079958
2.4999997e-10 -0.85891128
2.4749996e-10 -0.85316199
2.4499996e-10 -0.87377369
2.4249996e-10 -0.87021369
2.3999996e-10 -0.85535532
2.3749996e-10 -0.86038172
2.3499996e-10 -0.86835998
2.3249996e-10 -0.88646024
2.2999996e-10 -0.85715353
2.2749996e-10 -0.83265316
2.2499996e-10 -0.8867259
2.2249996e-10 -0.88508731
2.1999996e-10 -0.85922617
2.1749996e-10 -0.86457688
2.1499996e-10 -0.87569577
2.1249996e-10 -0.8935495
2.0999996e-10 -0.85825258
2.0749996e-10 -0.90944958
2.0499996e-10 -0.89721274
2.0249996e-10 -0.90667683
1.9999996e-10 -0.87292886
1.9749996e-10 -0.92277604
1.9499996e-10 -0.90684021
1.9249996e-10 -0.91868401
1.8999996e-10 -0.91803646
1.8749996e-10 -0.9311462
1.8499996e-10 -0.94563502
1.8249996e-10 -0.95454979
1.7999996e-10 -0.95601827
1.7749996e-10 -0.92830729
1.7499996e-10 -0.9493854
1.7249996e-10 -0.9779616
1.6999996e-10 -0.97534984
1.6749996e-10 -0.98440689
1.6499996e-10 -0.95848548
1.6249996e-10 -0.94231296
1.5999996e-10 -1.0046682
1.5749996e-10 -1.0103438
1.5499996e-10 -1.0229044
1.5249996e-10 -1.0329194
1.4999996e-10 -1.0362686
1.4749996e-10 -1.0376313
1.4499996e-10 -1.0540692
1.4249996e-10 -1.0420517
1.3999996e-10 -1.0449574
1.3749996e-10 -1.0391035
1.3499996e-10 -1.0898571
1.3249996e-10 -1.0835922
1.2999996e-10 -1.0420144
1.2749996e-10 -1.0920533
1.2499995e-10 -1.1061481
1.2249995e-10 -1.0983315
1.1999995e-10 -1.0890419
1.1749995e-10 -1.1221857
1.1499995e-10 -1.0956401
1.1249995e-10 -1.1354158
1.0999995e-10 -1.1054323
1.0749995e-10 -1.1046293
1.0499995e-10 -1.136633
1.0249995e-10 -1.1459368
9.9999953e-11 -1.1617838
9.7499953e-11 -1.1499879
9.4999952e-11 -1.18055
9.2499952e-11 -1.1924155
8.9999952e-11 -1.1708034
8.7499952e-11 -1.1826938
8.4999952e-11 -1.1975887
8.2499951e-11 -1.2251171
7.9999951e-11 -1.1964759
7.7499951e-11 -1.1704066
7.4999951e-11 -1.219709
7.249995e-11 -1.1969259
6.999995e-11 -1.2139362
6.7500006e-11 -1.2305088
6.5000005e-11 -1.2420729
6.2500005e-11 -1.2391292
6.0000005e-11 -1.251761
5.7500005e-11 -1.2710315
5.5000005e-11 -1.2431717
5.2500004e-11 -1.2675591
5.0000004e-11 -1.2469963
4.7500004e-11 -1.3035386
4.5000004e-11 -1.2621202
4.2500004e-11 -1.3244419
4.0000003e-11 -1.303452
3.7500003e-11 -1.2901726
3.5000003e-11 -1.3209606
3.2500003e-11 -1.3131545
3.0000002e-11 -1.2998277
2.7500002e-11 -1.3446298
2.5000002e-11 -1.330171
2.2500002e-11 -1.3252646
2.0000002e-11 -1.3535396
1.7500001e-11 -1.3151689
1.5000001e-11 -1.3232653
1.2500001e-11 -1.3491795
1.0000001e-11 -1.3512553
7.5000006e-12 -1.3375632
5.0000004e-12 -1.3257442
2.5000002e-12 -1.3607186
0.0 -1.3872541
