9.9999997e-10 -0.52457595
9.9749997e-10 -0.56928748
9.9499997e-10 -0.57167572
9.9249997e-10 -0.56004024
9.8999997e-10 -0.57264596
9.8749997e-10 -0.50233155
9.8499997e-10 -0.491382
9.8249997e-10 -0.54851913
9.7999997e-10 -0.4712438
9.7749997e-10 -0.56926894
9.7499997e-10 -0.49639648
9.7249997e-10 -0.59680408
9.6999997e-10 -0.61011606
9.6749997e-10 -0.55262995
9.6499997e-10 -0.61702329
9.6249997e-10 -0.61588413
9.5999997e-10 -0.60070777
9.5749997e-10 -0.58174688
9.5499997e-10 -0.62042725
9.5249997e-10 -0.55274892
9.4999997e-10 -0.56579947
9.4749997e-10 -0.62680995
9.4499997e-10 -0.61186999
9.4249997e-10 -0.60701936
9.3999997e-10 -0.62858069
9.3749997e-10 -0.60877204
9.3499997e-10 -0.62653416
9.3249997e-10 -0.54882538
9.2999997e-10 -0.54624742
9.2749997e-10 -0.54890537
9.2499997e-10 -0.5219661
9.2249997e-10 -0.52298701
9.1999997e-10 -0.54042703
9.1749996e-10 -0.51873881
9.1499996e-10 -0.4719052
9.1249996e-10 -0.57026398
9.0999996e-10 -0.48542482
9.0749996e-10 -0.61818361
9.0499996e-10 -0.64432925
9.0249996e-10 -0.62592089
8.9999996e-10 -0.64406168
8.9749996e-10 -0.6218338
8.9499996e-10 -0.65782845
8.9249996e-10 -0.61922115
8.8999996e-10 -0.56402093
8.8749996e-10 -0.58058101
8.8499996e-10 -0.59004176
8.8249996e-10 -0.53744018
8.7999996e-10 -0.55497617
8.7749996e-10 -0.50820047
8.7499996e-10 -0.58718151
8.7249996e-10 -0.60295486
8.6999996e-10 -0.58764863
8.6749996e-10 -0.60544622
8.6499996e-10 -0.5944224
8.6249996e-10 -0.63352728
8.5999996e-10 -0.64120585
8.5749996e-10 -0.59864497
8.5499996e-10 -0.62958658
8.5249996e-10 -0.61556953
8.4999996e-10 -0.56413376
8.4749996e-10 -0.60251331
8.4499996e-10 -0.53964543
8.4249996e-10 -0.55583423
8.3999996e-10 -0.55691928
8.3749996e-10 -0.57650328
8.3499996e-10 -0.56474274
8.3249996e-10 -0.5934695
8.2999996e-10 -0.50172925
8.2749996e-10 -0.57179075
8.2499996e-10 -0.5414694
8.2249996e-10 -0.55428505
8.1999996e-10 -0.56577986
8.1749996e-10 -0.61065465
8.1499996e-10 -0.59644294
8.1249996e-10 -0.61710858
8.0999996e-10 -0.60982054
8.0749996e-10 -0.54531062
8.0499996e-10 -0.5926106
8.0249996e-10 -0.64614409
7.9999996e-10 -0.62233049
7.9749995e-10 -0.63874114
7.9499995e-10 -0.56516331
7.9249995e-10 -0.56260723
7.8999995e-10 -0.55470556
7.8749995e-10 -0.5178206
7.8499995e-10 -0.50612062
7.8249995e-10 -0.574772
7.7999995e-10 -0.58769882
7.7749995e-10 -0.56051195
7.7499995e-10 -0.58954769
7.7249995e-10 -0.56129724
7.6999995e-10 -0.61737227
7.6749995e-10 -0.65774345
7.6499995e-10 -0.60256714
7.6249995e-10 -0.6399104
7.5999995e-10 -0.62226897
7.5749995e-10 -0.51368779
7.5499995e-10 -0.52212
7.5249995e-10 -0.5549612
7.4999995e-10 -0.51153815
7.4749995e-10 -0.57579494
7.4499995e-10 -0.56953949
7.4249995e-10 -0.54726309
7.3999995e-10 -0.58519828
7.3749995e-10 -0.64058328
7.3499995e-10 -0.52252114
7.3249995e-10 -0.52336389
7.2999995e-10 -0.56034726
7.2749995e-10 -0.6022743
7.2499995e-10 -0.62632698
7.2249995e-10 -0.61858141
7.1999995e-10 -0.59653199
7.1749995e-10 -0.61430633
7.1499995e-10 -0.63838357
7.1249995e-10 -0.61564398
7.0999995e-10 -0.66203797
7.0749995e-10 -0.64184403
7.0499995e-10 -0.5431627
7.0249995e-10 -0.57599878
6.9999995e-10 -0.53727257
6.9749995e-10 -0.55263531
6.9499995e-10 -0.57305825
6.9249995e-10 -0.61167806
6.8999995e-10 -0.62706304
6.8749995e-10 -0.60611421
6.8499995e-10 -0.58545667
6.8249995e-10 -0.5567497
6.7999995e-10 -0.61276668
6.7749995e-10 -0.67725724
6.7499994e-10 -0.69688016
6.7249994e-10 -0.64305162
6.6999994e-10 -0.59403384
6.6749994e-10 -0.64562505
6.6499994e-10 -0.58275092
6.6249994e-10 -0.58188289
6.5999994e-10 -0.61093897
6.5749994e-10 -0.65786821
6.5499994e-10 -0.71007192
6.5249994e-10 -0.69852942
6.4999994e-10 -0.66564304
6.4749994e-10 -0.64010376
6.4499994e-10 -0.6807695
6.4249994e-10 -0.64936799
6.3999994e-10 -0.63886386
6.3749994e-10 -0.63534474
6.3499994e-10 -0.60675693
6.3249994e-10 -0.56917548
6.2999994e-10 -0.57705712
6.2749994e-10 -0.6084435
6.2499994e-10 -0.64429051
6.2249994e-10 -0.64551395
6.1999994e-10 -0.56223506
6.1749994e-10 -0.60788763
6.1499994e-10 -0.58608568
6.1249994e-10 -0.60390824
6.0999994e-10 -0.63701957
6.0749994e-10 -0.65421218
6.0499994e-10 -0.71374387
6.0249994e-10 -0.63414073
5.9999994e-10 -0.66306323
5.9749994e-10 -0.62312192
5.9499994e-10 -0.62663102
5.9249994e-10 -0.63898659
5.8999994e-10 -0.66943955
5.8749994e-10 -0.59017485
5.8499994e-10 -0.63642478
5.8249994e-10 -0.58500403
5.7999994e-10 -0.61206007
5.7749994e-10 -0.56462801
5.7499994e-10 -0.67948997
5.7249994e-10 -0.6979503
5.6999994e-10 -0.68631786
5.6749994e-10 -0.58145726
5.6499994e-10 -0.69495738
5.6249994e-10 -0.62475842
5.5999994e-10 -0.63652265
5.5749994e-10 -0.66363162
5.5499993e-10 -0.6159749
5.5249993e-10 -0.63225555
5.4999993e-10 -0.61245555
5.4749993e-10 -0.68673021
5.4499993e-10 -0.69625306
5.4249993e-10 -0.70362329
5.3999993e-10 -0.64436537
5.3749993e-10 -0.622814
5.3499993e-10 -0.58180302
5.3249999e-10 -0.60327387
5.2999999e-10 -0.59945184
5.2749999e-10 -0.66693962
5.2499999e-10 -0.61533827
5.2249999e-10 -0.65507334
5.1999999e-10 -0.64085603
5.1749999e-10 -0.70032698
5.1499999e-10 -0.61053526
5.1249999e-10 -0.61763728
5.0999999e-10 -0.68101996
5.0749999e-10 -0.68639898
5.0499999e-10 -0.67202497
5.0249999e-10 -0.66452706
4.9999999e-10 -0.61808759
4.9749999e-10 -0.56598306
4.9499999e-10 -0.64548939
4.9249999e-10 -0.6532169
4.8999999e-10 -0.63170677
4.8749998e-10 -0.67166668
4.8499998e-10 -0.71593833
4.8249998e-10 -0.65682447
4.7999998e-10 -0.63050914
4.7749998e-10 -0.6439988
4.7499998e-10 -0.60659337
4.7249998e-10 -0.64051998
4.6999998e-10 -0.70421755
4.6749998e-10 -0.733634
4.6499998e-10 -0.73233134
4.6249998e-10 -0.70210636
4.5999998e-10 -0.7267313
4.5749998e-10 -0.63344634
4.5499998e-10 -0.66394204
4.5249998e-10 -0.60721225
4.4999998e-10 -0.63863885
4.4749998e-10 -0.66571188
4.4499998e-10 -0.65606654
4.4249998e-10 -0.68496895
4.3999998e-10 -0.70305455
4.3749998e-10 -0.75383604
4.3499998e-10 -0.68248254
4.3249998e-10 -0.62053299
4.2999998e-10 -0.66798311
4.2749998e-10 -0.6354267
4.2499998e-10 -0.61228818
4.2249998e-10 -0.64230359
4.1999998e-10 -0.6944291
4.1749998e-10 -0.7156269
4.1499998e-10 -0.71053267
4.1249998e-10 -0.71994931
4.0999998e-10 -0.62517357
4.0749998e-10 -0.60826588
4.0499998e-10 -0.67499018
4.0249998e-10 -0.64604127
3.9999998e-10 -0.65639758
3.9749998e-10 -0.71266323
3.9499998e-10 -0.68317086
3.9249998e-10 -0.74876857
3.8999998e-10 -0.75142616
3.8749998e-10 -0.74397415
3.8499998e-10 -0.6971792
3.8249998e-10 -0.78746736
3.7999998e-10 -0.72566581
3.7749998e-10 -0.67488354
3.7499998e-10 -0.65701038
3.7249998e-10 -0.76552957
3.6999998e-10 -0.69286853
3.6749997e-10 -0.7586726
3.6499997e-10 -0.71348757
3.6249997e-10 -0.74699831
3.5999997e-10 -0.68091136
3.5749997e-10 -0.74576521
3.5499997e-10 -0.69766551
3.5249997e-10 -0.68215847
3.4999997e-10 -0.71519351
3.4749997e-10 -0.67788935
3.4499997e-10 -0.65376496
3.4249997e-10 -0.65433335
3.3999997e-10 -0.70867014
3.3749997e-10 -0.76862907
3.3499997e-10 -0.73437446
3.3249997e-10 -0.79702312
3.2999997e-10 -0.69601053
3.2749997e-10 -0.72595769
3.2499997e-10 -0.67662352
3.2249997e-10 -0.66115534
3.1999997e-10 -0.70138365
3.1749997e-10 -0.72189254
3.1499997e-10 -0.78143889
3.1249997e-10 -0.71875948
3.0999997e-10 -0.69074911
3.0749997e-10 -0.71238065
3.0499997e-10 -0.71760011
3.0249997e-10 -0.65044415
2.9999997e-10 -0.70423442
2.9749997e-10 -0.758008
2.9499997e-10 -0.70138144
2.9249997e-10 -0.72953683
2.8999997e-10 -0.72284001
2.8749997e-10 -0.81447035
2.8499997e-10 -0.76317447
2.8249997e-10 -0.69144076
2.7999997e-10 -0.67734212
2.7749997e-10 -0.70161718
2.7499997e-10 -0.71540594
2.7249997e-10 -0.73798317
2.6999997e-10 -0.81017637
2.6749997e-10 -0.77012128
2.6499997e-10 -0.80041939
2.6249997e-10 -0.80924213
2.5999997e-10 -0.76817769
2.5749997e-10 -0.74529505
2.5499997e-10 -0.74255186
2.5249997e-10 -0.75677609
2.4999997e-10 -0.76510417
2.4749996e-10 -0.8165037
2.4499996e-10 -0.8356564
2.4249996e-10 -0.78891957
2.3999996e-10 -0.79252893
2.3749996e-10 -0.7587586
2.3499996e-10 -0.74509722
2.3249996e-10 -0.74232358
2.2999996e-10 -0.76526833
2.2749996e-10 -0.83941424
2.2499996e-10 -0.85359591
2.2249996e-10 -0.81356466
2.1999996e-10 -0.74046415
2.1749996e-10 -0.74592149
2.1499996e-10 -0.7638247
2.1249996e-10 -0.7658993
2.0999996e-10 -0.86229676
2.0749996e-10 -0.84405434
2.0499996e-10 -0.82362181
2.0249996e-10 -0.80380309
1.9999996e-10 -0.72935748
1.9749996e-10 -0.73904574
1.9499996e-10 -0.81175572
1.9249996e-10 -0.88089156
1.8999996e-10 -0.85237813
1.8749996e-10 -0.77303255
1.8499996e-10 -0.84157503
1.8249996e-10 -0.88743126
1.7999996e-10 -0.9306078
1.7749996e-10 -0.77700853
1.7499996e-10 -0.8115949
1.7249996e-10 -0.85395473
1.6999996e-10 -0.887025
1.6749996e-10 -0.89060229
1.6499996e-10 -0.80050188
1.6249996e-10 -0.77968562
1.5999996e-10 -0.83375871
1.5749996e-10 -0.86063284
1.5499996e-10 -0.87009901
1.5249996e-10 -0.81652009
1.4999996e-10 -0.86218202
1.4749996e-10 -0.88214761
1.4499996e-10 -0.96437854
1.4249996e-10 -0.86439985
1.3999996e-10 -0.9109565
1.3749996e-10 -0.88338244
1.3499996e-10 -0.97647905
1.3249996e-10 -0.83705801
1.2999996e-10 -0.87586033
1.2749996e-10 -0.93358064
1.2499995e-10 -0.88961846
1.2249995e-10 -0.88964248
1.1999995e-10 -0.88507301
1.1749995e-10 -0.8880434
1.1499995e-10 -0.84288043
1.1249995e-10 -0.9489246
1.0999995e-10 -0.98733181
1.0749995e-10 -0.95049143
1.0499995e-10 -0.92179596
1.0249995e-10 -0.93134165
9.9999953e-11 -0.9560585
9.7499953e-11 -0.96502644
9.4999952e-11 -0.96034354
9.2499952e-11 -0.93489146
8.9999952e-11 -0.97458148
8.7499952e-11 -1.0066036
8.4999952e-11 -0.97601897
8.2499951e-11 -0.94830149
7.9999951e-11 -1.0138105
7.7499951e-11 -1.0053865
7.4999951e-11 -0.95447183
7.249995e-11 -0.99801987
6.999995e-11 -0.95530409
6.7500006e-11 -1.0359498
6.5000005e-11 -1.0209183
6.2500005e-11 -1.0139388
6.0000005e-11 -1.0007783
5.7500005e-11 -0.97076708
5.5000005e-11 -1.031383
5.2500004e-11 -1.0565249
5.0000004e-11 -0.96061331
4.7500004e-11 -1.0402379
4.5000004e-11 -1.0391411
4.2500004e-11 -1.0110645
4.0000003e-11 -1.0507342
3.7500003e-11 -1.0758078
3.5000003e-11 -1.0445751
3.2500003e-11 -1.0783035
3.0000002e-11 -1.0943359
2.7500002e-11 -1.0433693
2.5000002e-11 -1.1001234
2.2500002e-11 -1.0783901
2.0000002e-11 -1.1677569
1.7500001e-11 -1.0571197
1.5000001e-11 -1.0673761
1.2500001e-11 -1.101259
1.0000001e-11 -1.1675886
7.5000006e-12 -1.1796705
5.0000004e-12 -1.1158818
2.5000002e-12 -1.1397783
0.0 -1.1773744
