9.9999997e-10 -0.5528577
9.9749997e-10 -0.51755488
9.9499997e-10 -0.5416612
9.9249997e-10 -0.53811485
9.8999997e-10 -0.54354227
9.8749997e-10 -0.5154283
9.8499997e-10 -0.56268764
9.8249997e-10 -0.53117007
9.7999997e-10 -0.52343875
9.7749997e-10 -0.54092157
9.7499997e-10 -0.56738353
9.7249997e-10 -0.54320264
9.6999997e-10 -0.53047287
9.6749997e-10 -0.51584888
9.6499997e-10 -0.57103056
9.6249997e-10 -0.55145824
9.5999997e-10 -0.51808059
9.5749997e-10 -0.5386672
9.5499997e-10 -0.51209903
9.5249997e-10 -0.5503372
9.4999997e-10 -0.55416179
9.4749997e-10 -0.53536379
9.4499997e-10 -0.54707092
9.4249997e-10 -0.53254527
9.3999997e-10 -0.52385288
9.3749997e-10 -0.53078955
9.3499997e-10 -0.55580622
9.3249997e-10 -0.54832119
9.2999997e-10 -0.52067935
9.2749997e-10 -0.55396008
9.2499997e-10 -0.54886556
9.2249997e-10 -0.52371132
9.1999997e-10 -0.56291074
9.1749996e-10 -0.56332141
9.1499996e-10 -0.56004184
9.1249996e-10 -0.53175265
9.0999996e-10 -0.53985703
9.0749996e-10 -0.56561536
9.0499996e-10 -0.52867055
9.0249996e-10 -0.55684203
8.9999996e-10 -0.54825348
8.9749996e-10 -0.54356027
8.9499996e-10 -0.56825727
8.9249996e-10 -0.57734907
8.8999996e-10 -0.53467238
8.8749996e-10 -0.54297173
8.8499996e-10 -0.57039928
8.8249996e-10 -0.55767542
8.7999996e-10 -0.57274032
8.7749996e-10 -0.56546718
8.7499996e-10 -0.55159092
8.7249996e-10 -0.58821076
8.6999996e-10 -0.53846514
8.6749996e-10 -0.56624269
8.6499996e-10 -0.55249608
8.6249996e-10 -0.55960435
8.5999996e-10 -0.55113912
8.5749996e-10 -0.56120384
8.5499996e-10 -0.52931231
8.5249996e-10 -0.57601786
8.4999996e-10 -0.54226792
8.4749996e-10 -0.55512208
8.4499996e-10 -0.57417333
8.4249996e-10 -0.54997104
8.3999996e-10 -0.53838092
8.3749996e-10 -0.54176694
8.3499996e-10 -0.57085973
8.3249996e-10 -0.55319917
8.2999996e-10 -0.55961168
8.2749996e-10 -0.56163931
8.2499996e-10 -0.55602884
8.2249996e-10 -0.55658561
8.1999996e-10 -0.57635522
8.1749996e-10 -0.5732621
8.1499996e-10 -0.54861146
8.1249996e-10 -0.57343942
8.0999996e-10 -0.5828054
8.0749996e-10 -0.54688424
8.0499996e-10 -0.56229633
8.0249996e-10 -0.56984079
7.9999996e-10 -0.54390597
7.9749995e-10 -0.57536745
7.9499995e-10 -0.56717306
7.9249995e-10 -0.59030342
7.8999995e-10 -0.60292387
7.8749995e-10 -0.52964914
7.8499995e-10 -0.5645985
7.8249995e-10 -0.59833992
7.7999995e-10 -0.55626488
7.7749995e-10 -0.57140148
7.7499995e-10 -0.56447166
7.7249995e-10 -0.55222946
7.6999995e-10 -0.57279855
7.6749995e-10 -0.55364543
7.6499995e-10 -0.57857758
7.6249995e-10 -0.59191191
7.5999995e-10 -0.55972236
7.5749995e-10 -0.57395327
7.5499995e-10 -0.58880156
7.5249995e-10 -0.54729187
7.4999995e-10 -0.5805437
7.4749995e-10 -0.58385611
7.4499995e-10 -0.56304395
7.4249995e-10 -0.56894982
7.3999995e-10 -0.59852839
7.3749995e-10 -0.55302924
7.3499995e-10 -0.56260586
7.3249995e-10 -0.59199756
7.2999995e-10 -0.57470596
7.2749995e-10 -0.57087171
7.2499995e-10 -0.6055963
7.2249995e-10 -0.58998382
7.1999995e-10 -0.5906871
7.1749995e-10 -0.57718664
7.1499995e-10 -0.60501796
7.1249995e-10 -0.58787066
7.0999995e-10 -0.58456862
7.0749995e-10 -0.58703262
7.0499995e-10 -0.57234496
7.0249995e-10 -0.58755726
6.9999995e-10 -0.6063298
6.9749995e-10 -0.57495475
6.9499995e-10 -0.58497137
6.9249995e-10 -0.57724333
6.8999995e-10 -0.59970438
6.8749995e-10 -0.61201209
6.8499995e-10 -0.55803859
6.8249995e-10 -0.60112685
6.7999995e-10 -0.58441639
6.7749995e-10 -0.58824772
6.7499994e-10 -0.594136
6.7249994e-10 -0.60117853
6.6999994e-10 -0.58867192
6.6749994e-10 -0.58698905
6.6499994e-10 -0.60030961
6.6249994e-10 -0.62909168
6.5999994e-10 -0.56058043
6.5749994e-10 -0.60367918
6.5499994e-10 -0.5876621
6.5249994e-10 -0.60083753
6.4999994e-10 -0.60264266
6.4749994e-10 -0.61794066
6.4499994e-10 -0.59254241
6.4249994e-10 -0.58648443
6.3999994e-10 -0.59166032
6.3749994e-10 -0.57513821
6.3499994e-10 -0.62576759
6.3249994e-10 -0.64318323
6.2999994e-10 -0.62644333
6.2749994e-10 -0.57668233
6.2499994e-10 -0.65674603
6.2249994e-10 -0.61611313
6.1999994e-10 -0.60292983
6.1749994e-10 -0.61856037
6.1499994e-10 -0.60140544
6.1249994e-10 -0.60847306
6.0999994e-10 -0.60258508
6.0749994e-10 -0.60112381
6.0499994e-10 -0.62823319
6.0249994e-10 -0.60390216
5.9999994e-10 -0.62883657
5.9749994e-10 -0.66267419
5.9499994e-10 -0.63060433
5.9249994e-10 -0.63235492
5.8999994e-10 -0.66610467
5.8749994e-10 -0.60625404
5.8499994e-10 -0.64793551
5.8249994e-10 -0.6378575
5.7999994e-10 -0.68141466
5.7749994e-10 -0.64930826
5.7499994e-10 -0.64250678
5.7249994e-10 -0.61386728
5.6999994e-10 -0.67358583
5.6749994e-10 -0.66793066
5.6499994e-10 -0.66283327
5.6249994e-10 -0.65338886
5.5999994e-10 -0.68701655
5.5749994e-10 -0.66837186
5.5499993e-10 -0.67645812
5.5249993e-10 -0.70749176
5.4999993e-10 -0.67324638
5.4749993e-10 -0.67993611
5.4499993e-10 -0.71018356
5.4249993e-10 -0.69389445
5.3999993e-10 -0.69262886
5.3749993e-10 -0.67432165
5.3499993e-10 -0.70925122
5.3249999e-10 -0.69032234
5.2999999e-10 -0.73570526
5.2749999e-10 -0.74017644
5.2499999e-10 -0.70991415
5.2249999e-10 -0.69394535
5.1999999e-10 -0.73478585
5.1749999e-10 -0.69799536
5.1499999e-10 -0.70112199
5.1249999e-10 -0.71119052
5.0999999e-10 -0.72841704
5.0749999e-10 -0.72782815
5.0499999e-10 -0.76384616
5.0249999e-10 -0.73277086
4.9999999e-10 -0.74414945
4.9749999e-10 -0.74266386
4.9499999e-10 -0.72881734
4.9249999e-10 -0.74433684
4.8999999e-10 -0.74515098
4.8749998e-10 -0.75487155
4.8499998e-10 -0.73642546
4.8249998e-10 -0.70551312
4.7999998e-10 -0.73078072
4.7749998e-10 -0.76864052
4.7499998e-10 -0.74961013
4.7249998e-10 -0.73655927
4.6999998e-10 -0.77996141
4.6749998e-10 -0.7461614
4.6499998e-10 -0.7695933
4.6249998e-10 -0.76739514
4.5999998e-10 -0.74389344
4.5749998e-10 -0.77557254
4.5499998e-10 -0.75417465
4.5249998e-10 -0.75710106
4.4999998e-10 -0.78600967
4.4749998e-10 -0.78336322
4.4499998e-10 -0.80103934
4.4249998e-10 -0.76833797
4.3999998e-10 -0.72831893
4.3749998e-10 -0.78372991
4.3499998e-10 -0.73588133
4.3249998e-10 -0.77650088
4.2999998e-10 -0.7353667
4.2749998e-10 -0.78029186
4.2499998e-10 -0.77355826
4.2249998e-10 -0.81415164
4.1999998e-10 -0.73648638
4.1749998e-10 -0.76571769
4.1499998e-10 -0.74478263
4.1249998e-10 -0.7503373
4.0999998e-10 -0.75657314
4.0749998e-10 -0.77158076
4.0499998e-10 -0.74531764
4.0249998e-10 -0.7409929
3.9999998e-10 -0.74041981
3.9749998e-10 -0.74804342
3.9499998e-10 -0.7632708
3.9249998e-10 -0.74341571
3.8999998e-10 -0.6948052
3.8749998e-10 -0.73390782
3.8499998e-10 -0.74480331
3.8249998e-10 -0.77592057
3.7999998e-10 -0.74771231
3.7749998e-10 -0.72972476
3.7499998e-10 -0.75686836
3.7249998e-10 -0.7844907
3.6999998e-10 -0.75307721
3.6749997e-10 -0.77045608
3.6499997e-10 -0.78443348
3.6249997e-10 -0.77159619
3.5999997e-10 -0.74553317
3.5749997e-10 -0.7628687
3.5499997e-10 -0.78684407
3.5249997e-10 -0.75395113
3.4999997e-10 -0.78266394
3.4749997e-10 -0.76818395
3.4499997e-10 -0.76247525
3.4249997e-10 -0.80173284
3.3999997e-10 -0.7684204
3.3749997e-10 -0.75384974
3.3499997e-10 -0.78514558
3.3249997e-10 -0.72840369
3.2999997e-10 -0.78057212
3.2749997e-10 -0.76927602
3.2499997e-10 -0.74892205
3.2249997e-10 -0.80142283
3.1999997e-10 -0.80418992
3.1749997e-10 -0.75800043
3.1499997e-10 -0.76794088
3.1249997e-10 -0.8000192
3.0999997e-10 -0.7725296
3.0749997e-10 -0.80044299
3.0499997e-10 -0.77735049
3.0249997e-10 -0.80597281
2.9999997e-10 -0.79451203
2.9749997e-10 -0.77303463
2.9499997e-10 -0.7863574
2.9249997e-10 -0.81190979
2.8999997e-10 -0.85945231
2.8749997e-10 -0.78572959
2.8499997e-10 -0.82084566
2.8249997e-10 -0.81650114
2.7999997e-10 -0.80335182
2.7749997e-10 -0.78234351
2.7499997e-10 -0.8250038
2.7249997e-10 -0.81846839
2.6999997e-10 -0.81034917
2.6749997e-10 -0.86354464
2.6499997e-10 -0.8029868
2.6249997e-10 -0.84009713
2.5999997e-10 -0.83198065
2.5749997e-10 -0.84494317
2.5499997e-10 -0.85907692
2.5249997e-10 -0.86630452
2.4999997e-10 -0.85141975
2.4749996e-10 -0.82105577
2.4499996e-10 -0.83773386
2.4249996e-10 -0.83644462
2.3999996e-10 -0.84982902
2.3749996e-10 -0.84206408
2.3499996e-10 -0.84822834
2.3249996e-10 -0.82348013
2.2999996e-10 -0.8709721
2.2749996e-10 -0.8505255
2.2499996e-10 -0.84745324
2.2249996e-10 -0.89037549
2.1999996e-10 -0.8654722
2.1749996e-10 -0.87886876
2.1499996e-10 -0.86634719
2.1249996e-10 -0.87078077
2.0999996e-10 -0.85717517
2.0749996e-10 -0.93707997
2.0499996e-10 -0.90674067
2.0249996e-10 -0.87813026
1.9999996e-10 -0.89098305
1.9749996e-10 -0.89951301
1.9499996e-10 -0.92140353
1.9249996e-10 -0.86275989
1.8999996e-10 -0.92494148
1.8749996e-10 -0.89806175
1.8499996e-10 -0.91001225
1.8249996e-10 -0.91190636
1.7999996e-10 -0.93714243
1.7749996e-10 -0.9031418
1.7499996e-10 -0.93625259
1.7249996e-10 -0.91489446
1.6999996e-10 -0.97024488
1.6749996e-10 -0.94398957
1.6499996e-10 -0.90275222
1.6249996e-10 -0.9095282
1.5999996e-10 -0.93390501
1.5749996e-10 -0.96692258
1.5499996e-10 -0.95759225
1.5249996e-10 -0.95800388
1.4999996e-10 -0.99567729
1.4749996e-10 -0.95665658
1.4499996e-10 -0.97024834
1.4249996e-10 -0.98366052
1.3999996e-10 -0.96959358
1.3749996e-10 -0.98334408
1.3499996e-10 -0.96785682
1.3249996e-10 -1.001024
1.2999996e-10 -1.0022599
1.2749996e-10 -1.024949
1.2499995e-10 -1.0008579
1.2249995e-10 -0.99900764
1.1999995e-10 -1.0507745
1.1749995e-10 -1.0276697
1.1499995e-10 -1.0356566
1.1249995e-10 -1.0326205
1.0999995e-10 -1.017391
1.0749995e-10 -1.0429127
1.0499995e-10 -1.0523351
1.0249995e-10 -1.0477434
9.9999953e-11 -1.0630125
9.7499953e-11 -1.0688826
9.4999952e-11 -1.0662984
9.2499952e-11 -1.0667706
8.9999952e-11 -1.0753552
8.7499952e-11 -1.1132805
8.4999952e-11 -1.088793
8.2499951e-11 -1.066884
7.9999951e-11 -1.0610561
7.7499951e-11 -1.1194621
7.4999951e-11 -1.0923495
7.249995e-11 -1.0867764
6.999995e-11 -1.0997326
6.7500006e-11 -1.1478554
6.5000005e-11 -1.1321787
6.2500005e-11 -1.1286775
6.0000005e-11 -1.1187208
5.7500005e-11 -1.1336358
5.5000005e-11 -1.1351811
5.2500004e-11 -1.172889
5.0000004e-11 -1.1803997
4.7500004e-11 -1.1720214
4.5000004e-11 -1.219497
4.2500004e-11 -1.1806548
4.0000003e-11 -1.1842816
3.7500003e-11 -1.2097794
3.5000003e-11 -1.1814554
3.2500003e-11 -1.2085474
3.0000002e-11 -1.230505
2.7500002e-11 -1.218829
2.5000002e-11 -1.223987
2.2500002e-11 -1.2677485
2.0000002e-11 -1.2248371
1.7500001e-11 -1.2707537
1.5000001e-11 -1.2620404
1.2500001e-11 -1.2645277
1.0000001e-11 -1.2826165
7.5000006e-12 -1.2773952
5.0000004e-12 -1.2945002
2.5000002e-12 -1.2962793
0.0 -1.2495075
