9.9999997e-10 -0.5319103
9.9749997e-10 -0.51483011
9.9499997e-10 -0.53607851
9.9249997e-10 -0.54417044
9.8999997e-10 -0.55253375
9.8749997e-10 -0.55367321
9.8499997e-10 -0.52336192
9.8249997e-10 -0.52680153
9.7999997e-10 -0.55731386
9.7749997e-10 -0.56173944
9.7499997e-10 -0.52856451
9.7249997e-10 -0.52974313
9.6999997e-10 -0.53526932
9.6749997e-10 -0.53303117
9.6499997e-10 -0.51257664
9.6249997e-10 -0.52441812
9.5999997e-10 -0.53210574
9.5749997e-10 -0.53114915
9.5499997e-10 -0.53522801
9.5249997e-10 -0.52062827
9.4999997e-10 -0.52700955
9.4749997e-10 -0.53215027
9.4499997e-10 -0.51260293
9.4249997e-10 -0.55893523
9.3999997e-10 -0.57307953
9.3749997e-10 -0.54229236
9.3499997e-10 -0.52809763
9.3249997e-10 -0.53082979
9.2999997e-10 -0.5308997
9.2749997e-10 -0.54153526
9.2499997e-10 -0.53016448
9.2249997e-10 -0.57951266
9.1999997e-10 -0.5467658
9.1749996e-10 -0.53451627
9.1499996e-10 -0.52049828
9.1249996e-10 -0.54375267
9.0999996e-10 -0.51703972
9.0749996e-10 -0.5060575
9.0499996e-10 -0.54940844
9.0249996e-10 -0.56250507
8.9999996e-10 -0.57746863
8.9749996e-10 -0.54568565
8.9499996e-10 -0.54936457
8.9249996e-10 -0.52387553
8.8999996e-10 -0.56927353
8.8749996e-10 -0.53371114
8.8499996e-10 -0.5524956
8.8249996e-10 -0.53427088
8.7999996e-10 -0.52362019
8.7749996e-10 -0.54589337
8.7499996e-10 -0.54928029
8.7249996e-10 -0.52114159
8.6999996e-10 -0.53749943
8.6749996e-10 -0.5507617
8.6499996e-10 -0.53861088
8.6249996e-10 -0.56495678
8.5999996e-10 -0.52728808
8.5749996e-10 -0.5110237
8.5499996e-10 -0.50282425
8.5249996e-10 -0.53205466
8.4999996e-10 -0.53264529
8.4749996e-10 -0.56215549
8.4499996e-10 -0.55276817
8.4249996e-10 -0.52926081
8.3999996e-10 -0.5368548
8.3749996e-10 -0.55854803
8.3499996e-10 -0.52678108
8.3249996e-10 -0.57062852
8.2999996e-10 -0.52807343
8.2749996e-10 -0.55088925
8.2499996e-10 -0.57424611
8.2249996e-10 -0.54061902
8.1999996e-10 -0.54069865
8.1749996e-10 -0.5448491
8.1499996e-10 -0.52580249
8.1249996e-10 -0.51791441
8.0999996e-10 -0.53252453
8.0749996e-10 -0.52770454
8.0499996e-10 -0.56553388
8.0249996e-10 -0.56742144
7.9999996e-10 -0.56994796
7.9749995e-10 -0.5501101
7.9499995e-10 -0.56649899
7.9249995e-10 -0.58762622
7.8999995e-10 -0.55007213
7.8749995e-10 -0.54691368
7.8499995e-10 -0.57023627
7.8249995e-10 -0.55952483
7.7999995e-10 -0.54557657
7.7749995e-10 -0.56089252
7.7499995e-10 -0.57410985
7.7249995e-10 -0.5659076
7.6999995e-10 -0.5606814
7.6749995e-10 -0.57804656
7.6499995e-10 -0.53008461
7.6249995e-10 -0.54984581
7.5999995e-10 -0.56627077
7.5749995e-10 -0.56755787
7.5499995e-10 -0.55430537
7.5249995e-10 -0.55830437
7.4999995e-10 -0.54165804
7.4749995e-10 -0.56432873
7.4499995e-10 -0.57437021
7.4249995e-10 -0.58528543
7.3999995e-10 -0.56058776
7.3749995e-10 -0.54475784
7.3499995e-10 -0.60471648
7.3249995e-10 -0.56290781
7.2999995e-10 -0.57322133
7.2749995e-10 -0.57948834
7.2499995e-10 -0.58363718
7.2249995e-10 -0.53849971
7.1999995e-10 -0.57790816
7.1749995e-10 -0.5613097
7.1499995e-10 -0.57568139
7.1249995e-10 -0.58900648
7.0999995e-10 -0.58949405
7.0749995e-10 -0.59807378
7.0499995e-10 -0.55719709
7.0249995e-10 -0.59483898
6.9999995e-10 -0.5634349
6.9749995e-10 -0.58680892
6.9499995e-10 -0.59548855
6.9249995e-10 -0.57569271
6.8999995e-10 -0.58343875
6.8749995e-10 -0.60589492
6.8499995e-10 -0.58422089
6.8249995e-10 -0.59506869
6.7999995e-10 -0.57563531
6.7749995e-10 -0.58376765
6.7499994e-10 -0.5749774
6.7249994e-10 -0.57481158
6.6999994e-10 -0.56396663
6.6749994e-10 -0.59750414
6.6499994e-10 -0.57592535
6.6249994e-10 -0.59900421
6.5999994e-10 -0.60499972
6.5749994e-10 -0.59068948
6.5499994e-10 -0.60685587
6.5249994e-10 -0.59442359
6.4999994e-10 -0.60993373
6.4749994e-10 -0.59299016
6.4499994e-10 -0.59669816
6.4249994e-10 -0.61905581
6.3999994e-10 -0.61121655
6.3749994e-10 -0.5856775
6.3499994e-10 -0.6160472
6.3249994e-10 -0.55863309
6.2999994e-10 -0.56514442
6.2749994e-10 -0.60439008
6.2499994e-10 -0.57376558
6.2249994e-10 -0.61099243
6.1999994e-10 -0.58574814
6.1749994e-10 -0.59880638
6.1499994e-10 -0.61239064
6.1249994e-10 -0.61707324
6.0999994e-10 -0.59273016
6.0749994e-10 -0.61705422
6.0499994e-10 -0.59541363
6.0249994e-10 -0.60808498
5.9999994e-10 -0.61282486
5.9749994e-10 -0.6427089
5.9499994e-10 -0.6328342
5.9249994e-10 -0.62687653
5.8999994e-10 -0.60558158
5.8749994e-10 -0.62441182
5.8499994e-10 -0.64020216
5.8249994e-10 -0.61186624
5.7999994e-10 -0.62663829
5.7749994e-10 -0.63954675
5.7499994e-10 -0.63297236
5.7249994e-10 -0.66710275
5.6999994e-10 -0.63467914
5.6749994e-10 -0.66369969
5.6499994e-10 -0.62620908
5.6249994e-10 -0.70517486
5.5999994e-10 -0.69185787
5.5749994e-10 -0.65528101
5.5499993e-10 -0.68951809
5.5249993e-10 -0.65872025
5.4999993e-10 -0.65292835
5.4749993e-10 -0.67915553
5.4499993e-10 -0.67291147
5.4249993e-10 -0.69307816
5.3999993e-10 -0.70710474
5.3749993e-10 -0.68876278
5.3499993e-10 -0.73173523
5.3249999e-10 -0.70024645
5.2999999e-10 -0.73438764
5.2749999e-10 -0.74835551
5.2499999e-10 -0.68413985
5.2249999e-10 -0.71784735
5.1999999e-10 -0.69523728
5.1749999e-10 -0.72323465
5.1499999e-10 -0.74098217
5.1249999e-10 -0.72019345
5.0999999e-10 -0.72600687
5.0749999e-10 -0.73675364
5.0499999e-10 -0.72743082
5.0249999e-10 -0.71900821
4.9999999e-10 -0.73445588
4.9749999e-10 -0.73750001
4.9499999e-10 -0.73029244
4.9249999e-10 -0.7540791
4.8999999e-10 -0.72722477
4.8749998e-10 -0.75400752
4.8499998e-10 -0.75492173
4.8249998e-10 -0.73899138
4.7999998e-10 -0.74997717
4.7749998e-10 -0.74673682
4.7499998e-10 -0.76189876
4.7249998e-10 -0.76778722
4.6999998e-10 -0.75030136
4.6749998e-10 -0.77193922
4.6499998e-10 -0.74513805
4.6249998e-10 -0.76821136
4.5999998e-10 -0.7352221
4.5749998e-10 -0.7659446
4.5499998e-10 -0.7524938
4.5249998e-10 -0.78785652
4.4999998e-10 -0.768641
4.4749998e-10 -0.77778661
4.4499998e-10 -0.7558974
4.4249998e-10 -0.76576328
4.3999998e-10 -0.80700827
4.3749998e-10 -0.76790649
4.3499998e-10 -0.7652173
4.3249998e-10 -0.77904326
4.2999998e-10 -0.76413858
4.2749998e-10 -0.75728977
4.2499998e-10 -0.7589066
4.2249998e-10 -0.76352936
4.1999998e-10 -0.74971157
4.1749998e-10 -0.80359286
4.1499998e-10 -0.74558347
4.1249998e-10 -0.76451236
4.0999998e-10 -0.78620857
4.0749998e-10 -0.75797361
4.0499998e-10 -0.76127207
4.0249998e-10 -0.77269059
3.9999998e-10 -0.72938782
3.9749998e-10 -0.74958831
3.9499998e-10 -0.74346572
3.9249998e-10 -0.74662787
3.8999998e-10 -0.74513894
3.8749998e-10 -0.73758233
3.8499998e-10 -0.76273024
3.8249998e-10 -0.76668221
3.7999998e-10 -0.74722832
3.7749998e-10 -0.72307205
3.7499998e-10 -0.69728839
3.7249998e-10 -0.75811797
3.6999998e-10 -0.76457667
3.6749997e-10 -0.75252086
3.6499997e-10 -0.69274879
3.6249997e-10 -0.74934649
3.5999997e-10 -0.77317673
3.5749997e-10 -0.73410034
3.5499997e-10 -0.76774377
3.5249997e-10 -0.75247717
3.4999997e-10 -0.74374837
3.4749997e-10 -0.77074879
3.4499997e-10 -0.76132983
3.4249997e-10 -0.74066067
3.3999997e-10 -0.75968206
3.3749997e-10 -0.76063615
3.3499997e-10 -0.75592667
3.3249997e-10 -0.75931239
3.2999997e-10 -0.74716049
3.2749997e-10 -0.76005507
3.2499997e-10 -0.78806043
3.2249997e-10 -0.80785304
3.1999997e-10 -0.77386367
3.1749997e-10 -0.76232153
3.1499997e-10 -0.77052438
3.1249997e-10 -0.77643394
3.0999997e-10 -0.76229012
3.0749997e-10 -0.76128709
3.0499997e-10 -0.77895844
3.0249997e-10 -0.81093228
2.9999997e-10 -0.78712231
2.9749997e-10 -0.80823958
2.9499997e-10 -0.77436155
2.9249997e-10 -0.77179509
2.8999997e-10 -0.75150937
2.8749997e-10 -0.78419465
2.8499997e-10 -0.80443561
2.8249997e-10 -0.79799211
2.7999997e-10 -0.81664598
2.7749997e-10 -0.78163952
2.7499997e-10 -0.81287283
2.7249997e-10 -0.80757511
2.6999997e-10 -0.80606705
2.6749997e-10 -0.79497027
2.6499997e-10 -0.81828266
2.6249997e-10 -0.82919532
2.5999997e-10 -0.81732577
2.5749997e-10 -0.81007099
2.5499997e-10 -0.85344261
2.5249997e-10 -0.85256833
2.4999997e-10 -0.81865227
2.4749996e-10 -0.82137936
2.4499996e-10 -0.82122999
2.4249996e-10 -0.84715682
2.3999996e-10 -0.83307683
2.3749996e-10 -0.86519516
2.3499996e-10 -0.85635316
2.3249996e-10 -0.84472942
2.2999996e-10 -0.83327848
2.2749996e-10 -0.84047008
2.2499996e-10 -0.86909539
2.2249996e-10 -0.86024463
2.1999996e-10 -0.85654473
2.1749996e-10 -0.86708128
2.1499996e-10 -0.85411149
2.1249996e-10 -0.87849414
2.0999996e-10 -0.88327122
2.0749996e-10 -0.87558675
2.0499996e-10 -0.90510595
2.0249996e-10 -0.8986181
1.9999996e-10 -0.90454453
1.9749996e-10 -0.87733728
1.9499996e-10 -0.93168473
1.9249996e-10 -0.92155898
1.8999996e-10 -0.88245428
1.8749996e-10 -0.92015177
1.8499996e-10 -0.88487071
1.8249996e-10 -0.92046356
1.7999996e-10 -0.93598443
1.7749996e-10 -0.91524744
1.7499996e-10 -0.94434261
1.7249996e-10 -0.88252825
1.6999996e-10 -0.94287115
1.6749996e-10 -0.9251253
1.6499996e-10 -0.95567787
1.6249996e-10 -0.96614432
1.5999996e-10 -0.96300703
1.5749996e-10 -0.95721465
1.5499996e-10 -0.95388782
1.5249996e-10 -0.95276964
1.4999996e-10 -0.95670086
1.4749996e-10 -0.94935298
1.4499996e-10 -0.98304218
1.4249996e-10 -0.97119397
1.3999996e-10 -0.95474583
1.3749996e-10 -0.99103785
1.3499996e-10 -0.97575283
1.3249996e-10 -0.99376947
1.2999996e-10 -1.0128326
1.2749996e-10 -0.98569846
1.2499995e-10 -1.0067692
1.2249995e-10 -1.0161651
1.1999995e-10 -1.0258622
1.1749995e-10 -1.0147597
1.1499995e-10 -1.0486957
1.1249995e-10 -1.0420184
1.0999995e-10 -1.0511578
1.0749995e-10 -1.0336759
1.0499995e-10 -1.048803
1.0249995e-10 -1.0595206
9.9999953e-11 -1.0223237
9.7499953e-11 -1.0459541
9.4999952e-11 -1.0529262
9.2499952e-11 -1.0533953
8.9999952e-11 -1.0545328
8.7499952e-11 -1.078969
8.4999952e-11 -1.0996166
8.2499951e-11 -1.0937103
7.9999951e-11 -1.0849313
7.7499951e-11 -1.0927472
7.4999951e-11 -1.0695301
7.249995e-11 -1.1016214
6.999995e-11 -1.173255
6.7500006e-11 -1.1053324
6.5000005e-11 -1.1292728
6.2500005e-11 -1.1891263
6.0000005e-11 -1.1415004
5.7500005e-11 -1.1470093
5.5000005e-11 -1.1666313
5.2500004e-11 -1.1179773
5.0000004e-11 -1.1544359
4.7500004e-11 -1.1584489
4.5000004e-11 -1.1434935
4.2500004e-11 -1.1464708
4.0000003e-11 -1.1660459
3.7500003e-11 -1.2063849
3.5000003e-11 -1.2009894
3.2500003e-11 -1.2161523
3.0000002e-11 -1.1871393
2.7500002e-11 -1.1945719
2.5000002e-11 -1.2198325
2.2500002e-11 -1.2097518
2.0000002e-11 -1.2467333
1.7500001e-11 -1.2348362
1.5000001e-11 -1.2411466
1.2500001e-11 -1.2518486
1.0000001e-11 -1.2826991
7.5000006e-12 -1.2775197
5.0000004e-12 -1.241693
2.5000002e-12 -1.2778018
0.0 -1.3267417
