9.9999997e-10 -0.50966573
9.9749997e-10 -0.47634751
9.9499997e-10 -0.49561399
9.9249997e-10 -0.51380163
9.8999997e-10 -0.49943313
9.8749997e-10 -0.54805332
9.8499997e-10 -0.49548608
9.8249997e-10 -0.54108214
9.7999997e-10 -0.52408189
9.7749997e-10 -0.5126611
9.7499997e-10 -0.51260102
9.7249997e-10 -0.50414973
9.6999997e-10 -0.53924578
9.6749997e-10 -0.4983612
9.6499997e-10 -0.5089345
9.6249997e-10 -0.49377039
9.5999997e-10 -0.53904682
9.5749997e-10 -0.51340997
9.5499997e-10 -0.49916422
9.5249997e-10 -0.52373737
9.4999997e-10 -0.50797033
9.4749997e-10 -0.51060301
9.4499997e-10 -0.49579039
9.4249997e-10 -0.49141529
9.3999997e-10 -0.50522333
9.3749997e-10 -0.49201456
9.3499997e-10 -0.49919119
9.3249997e-10 -0.50566059
9.2999997e-10 -0.49846473
9.2749997e-10 -0.52411473
9.2499997e-10 -0.49876809
9.2249997e-10 -0.49665886
9.1999997e-10 -0.49328998
9.1749996e-10 -0.48850289
9.1499996e-10 -0.49266273
9.1249996e-10 -0.49930471
9.0999996e-10 -0.50934947
9.0749996e-10 -0.53325123
9.0499996e-10 -0.50990331
9.0249996e-10 -0.51577318
8.9999996e-10 -0.49743366
8.9749996e-10 -0.52031237
8.9499996e-10 -0.49704555
8.9249996e-10 -0.47355309
8.8999996e-10 -0.47421256
8.8749996e-10 -0.53112072
8.8499996e-10 -0.50181621
8.8249996e-10 -0.49472624
8.7999996e-10 -0.5255481
8.7749996e-10 -0.51979148
8.7499996e-10 -0.4788509
8.7249996e-10 -0.51348466
8.6999996e-10 -0.52493238
8.6749996e-10 -0.49426627
8.6499996e-10 -0.52661312
8.6249996e-10 -0.54379302
8.5999996e-10 -0.51066679
8.5749996e-10 -0.52197915
8.5499996e-10 -0.49418479
8.5249996e-10 -0.53842258
8.4999996e-10 -0.52357841
8.4749996e-10 -0.53481066
8.4499996e-10 -0.52080858
8.4249996e-10 -0.53667408
8.3999996e-10 -0.52337199
8.3749996e-10 -0.50473642
8.3499996e-10 -0.52948862
8.3249996e-10 -0.5243451
8.2999996e-10 -0.52874988
8.2749996e-10 -0.54294306
8.2499996e-10 -0.51788366
8.2249996e-10 -0.51068509
8.1999996e-10 -0.55067116
8.1749996e-10 -0.48174432
8.1499996e-10 -0.51774412
8.1249996e-10 -0.50966763
8.0999996e-10 -0.52206779
8.0749996e-10 -0.55474818
8.0499996e-10 -0.51537216
8.0249996e-10 -0.51983488
7.9999996e-10 -0.53027982
7.9749995e-10 -0.53531337
7.9499995e-10 -0.49380812
7.9249995e-10 -0.52403533
7.8999995e-10 -0.54117304
7.8749995e-10 -0.50658482
7.8499995e-10 -0.51777828
7.8249995e-10 -0.52701682
7.7999995e-10 -0.52434325
7.7749995e-10 -0.52212125
7.7499995e-10 -0.53506368
7.7249995e-10 -0.49693075
7.6999995e-10 -0.5271486
7.6749995e-10 -0.52124709
7.6499995e-10 -0.53255838
7.6249995e-10 -0.54442143
7.5999995e-10 -0.52329814
7.5749995e-10 -0.54550481
7.5499995e-10 -0.55075568
7.5249995e-10 -0.54355115
7.4999995e-10 -0.53722054
7.4749995e-10 -0.55492049
7.4499995e-10 -0.50609702
7.4249995e-10 -0.52281988
7.3999995e-10 -0.5313803
7.3749995e-10 -0.54322678
7.3499995e-10 -0.53214765
7.3249995e-10 -0.51240242
7.2999995e-10 -0.54767102
7.2749995e-10 -0.51041526
7.2499995e-10 -0.51392138
7.2249995e-10 -0.51280969
7.1999995e-10 -0.51314396
7.1749995e-10 -0.51952392
7.1499995e-10 -0.52173883
7.1249995e-10 -0.53979069
7.0999995e-10 -0.55847901
7.0749995e-10 -0.5248009
7.0499995e-10 -0.54660434
7.0249995e-10 -0.54610777
6.9999995e-10 -0.55140007
6.9749995e-10 -0.5701189
6.9499995e-10 -0.54105079
6.9249995e-10 -0.53538996
6.8999995e-10 -0.55901408
6.8749995e-10 -0.55155736
6.8499995e-10 -0.52439576
6.8249995e-10 -0.56401694
6.7999995e-10 -0.54766744
6.7749995e-10 -0.53480667
6.7499994e-10 -0.57600296
6.7249994e-10 -0.54850298
6.6999994e-10 -0.56441391
6.6749994e-10 -0.5542326
6.6499994e-10 -0.58251876
6.6249994e-10 -0.55747473
6.5999994e-10 -0.53391194
6.5749994e-10 -0.56366712
6.5499994e-10 -0.56771439
6.5249994e-10 -0.56651038
6.4999994e-10 -0.56893766
6.4749994e-10 -0.56126189
6.4499994e-10 -0.5576027
6.4249994e-10 -0.56342691
6.3999994e-10 -0.55869371
6.3749994e-10 -0.55672926
6.3499994e-10 -0.54880303
6.3249994e-10 -0.57912731
6.2999994e-10 -0.58023268
6.2749994e-10 -0.56846058
6.2499994e-10 -0.55076844
6.2249994e-10 -0.59135008
6.1999994e-10 -0.60086
6.1749994e-10 -0.55003297
6.1499994e-10 -0.5897541
6.1249994e-10 -0.58757001
6.0999994e-10 -0.55469322
6.0749994e-10 -0.55756515
6.0499994e-10 -0.55625254
6.0249994e-10 -0.5757277
5.9999994e-10 -0.60483295
5.9749994e-10 -0.5609138
5.9499994e-10 -0.57867247
5.9249994e-10 -0.60052538
5.8999994e-10 -0.56358027
5.8749994e-10 -0.60741514
5.8499994e-10 -0.56662774
5.8249994e-10 -0.59786445
5.7999994e-10 -0.57411891
5.7749994e-10 -0.57767385
5.7499994e-10 -0.58514315
5.7249994e-10 -0.56654537
5.6999994e-10 -0.60601449
5.6749994e-10 -0.63155407
5.6499994e-10 -0.60922664
5.6249994e-10 -0.57060051
5.5999994e-10 -0.6316663
5.5749994e-10 -0.58880275
5.5499993e-10 -0.57119197
5.5249993e-10 -0.57905871
5.4999993e-10 -0.60891515
5.4749993e-10 -0.6005677
5.4499993e-10 -0.60329461
5.4249993e-10 -0.58240527
5.3999993e-10 -0.58128583
5.3749993e-10 -0.60976499
5.3499993e-10 -0.60363293
5.3249999e-10 -0.63241541
5.2999999e-10 -0.59003824
5.2749999e-10 -0.6113615
5.2499999e-10 -0.59920174
5.2249999e-10 -0.60482711
5.1999999e-10 -0.59378457
5.1749999e-10 -0.63311064
5.1499999e-10 -0.63871485
5.1249999e-10 -0.5882352
5.0999999e-10 -0.61839992
5.0749999e-10 -0.64097697
5.0499999e-10 -0.64224458
5.0249999e-10 -0.62065411
4.9999999e-10 -0.64904773
4.9749999e-10 -0.64134681
4.9499999e-10 -0.62307358
4.9249999e-10 -0.63347709
4.8999999e-10 -0.61846697
4.8749998e-10 -0.64131582
4.8499998e-10 -0.61497378
4.8249998e-10 -0.64807075
4.7999998e-10 -0.60381001
4.7749998e-10 -0.59990865
4.7499998e-10 -0.65420699
4.7249998e-10 -0.62186468
4.6999998e-10 -0.64932668
4.6749998e-10 -0.62681913
4.6499998e-10 -0.63242978
4.6249998e-10 -0.65641689
4.5999998e-10 -0.63372552
4.5749998e-10 -0.65676159
4.5499998e-10 -0.63402671
4.5249998e-10 -0.64833999
4.4999998e-10 -0.65596992
4.4749998e-10 -0.66435915
4.4499998e-10 -0.67336226
4.4249998e-10 -0.65627038
4.3999998e-10 -0.66116679
4.3749998e-10 -0.62907219
4.3499998e-10 -0.65069777
4.3249998e-10 -0.66564572
4.2999998e-10 -0.6476832
4.2749998e-10 -0.64236367
4.2499998e-10 -0.68606728
4.2249998e-10 -0.65138519
4.1999998e-10 -0.64294505
4.1749998e-10 -0.64808822
4.1499998e-10 -0.69180959
4.1249998e-10 -0.67900264
4.0999998e-10 -0.67440861
4.0749998e-10 -0.67600405
4.0499998e-10 -0.67598736
4.0249998e-10 -0.70130372
3.9999998e-10 -0.6621471
3.9749998e-10 -0.67752117
3.9499998e-10 -0.67779475
3.9249998e-10 -0.67748618
3.8999998e-10 -0.68695462
3.8749998e-10 -0.67900527
3.8499998e-10 -0.67052913
3.8249998e-10 -0.69727886
3.7999998e-10 -0.67043442
3.7749998e-10 -0.72294903
3.7499998e-10 -0.72288221
3.7249998e-10 -0.70325774
3.6999998e-10 -0.66958582
3.6749997e-10 -0.6967085
3.6499997e-10 -0.7075631
3.6249997e-10 -0.69723624
3.5999997e-10 -0.71342826
3.5749997e-10 -0.73201448
3.5499997e-10 -0.70408159
3.5249997e-10 -0.73584712
3.4999997e-10 -0.74317431
3.4749997e-10 -0.72407013
3.4499997e-10 -0.71528411
3.4249997e-10 -0.71729809
3.3999997e-10 -0.73049402
3.3749997e-10 -0.72429824
3.3499997e-10 -0.7051928
3.3249997e-10 -0.72815251
3.2999997e-10 -0.72403687
3.2749997e-10 -0.71860105
3.2499997e-10 -0.7241298
3.2249997e-10 -0.72071326
3.1999997e-10 -0.7146821
3.1749997e-10 -0.71686709
3.1499997e-10 -0.70200086
3.1249997e-10 -0.75895256
3.0999997e-10 -0.70732343
3.0749997e-10 -0.76747066
3.0499997e-10 -0.72680151
3.0249997e-10 -0.76503974
2.9999997e-10 -0.74638915
2.9749997e-10 -0.78028572
2.9499997e-10 -0.7618221
2.9249997e-10 -0.80041432
2.8999997e-10 -0.75359464
2.8749997e-10 -0.77149022
2.8499997e-10 -0.77395916
2.8249997e-10 -0.77644658
2.7999997e-10 -0.78172785
2.7749997e-10 -0.79311806
2.7499997e-10 -0.79346132
2.7249997e-10 -0.78329128
2.6999997e-10 -0.77629721
2.6749997e-10 -0.79460198
2.6499997e-10 -0.7863251
2.6249997e-10 -0.79177469
2.5999997e-10 -0.78617585
2.5749997e-10 -0.81010997
2.5499997e-10 -0.83154309
2.5249997e-10 -0.80071491
2.4999997e-10 -0.82212013
2.4749996e-10 -0.78840882
2.4499996e-10 -0.79824424
2.4249996e-10 -0.82910067
2.3999996e-10 -0.81764829
2.3749996e-10 -0.80640787
2.3499996e-10 -0.8134197
2.3249996e-10 -0.82623285
2.2999996e-10 -0.81701857
2.2749996e-10 -0.81494933
2.2499996e-10 -0.8346374
2.2249996e-10 -0.80665421
2.1999996e-10 -0.82610345
2.1749996e-10 -0.84964341
2.1499996e-10 -0.8359918
2.1249996e-10 -0.83667666
2.0999996e-10 -0.81448418
2.0749996e-10 -0.87366629
2.0499996e-10 -0.85271847
2.0249996e-10 -0.83128703
1.9999996e-10 -0.86838394
1.9749996e-10 -0.8726176
1.9499996e-10 -0.85852021
1.9249996e-10 -0.85889179
1.8999996e-10 -0.85198402
1.8749996e-10 -0.88311702
1.8499996e-10 -0.86890739
1.8249996e-10 -0.8887285
1.7999996e-10 -0.90872729
1.7749996e-10 -0.88127643
1.7499996e-10 -0.89475065
1.7249996e-10 -0.88990808
1.6999996e-10 -0.89117289
1.6749996e-10 -0.90559435
1.6499996e-10 -0.91762727
1.6249996e-10 -0.90093696
1.5999996e-10 -0.90536904
1.5749996e-10 -0.90870774
1.5499996e-10 -0.91897309
1.5249996e-10 -0.93659574
1.4999996e-10 -0.94012785
1.4749996e-10 -0.92732698
1.4499996e-10 -0.92695373
1.4249996e-10 -0.93551815
1.3999996e-10 -0.93873489
1.3749996e-10 -0.9944734
1.3499996e-10 -0.95550931
1.3249996e-10 -0.92115611
1.2999996e-10 -0.96540385
1.2749996e-10 -0.97059613
1.2499995e-10 -0.9617613
1.2249995e-10 -0.94492257
1.1999995e-10 -0.96770006
1.1749995e-10 -0.95624584
1.1499995e-10 -1.0080032
1.1249995e-10 -0.98002845
1.0999995e-10 -0.97355682
1.0749995e-10 -0.97930795
1.0499995e-10 -0.97942221
1.0249995e-10 -1.0133054
9.9999953e-11 -1.0078956
9.7499953e-11 -0.98665947
9.4999952e-11 -1.0313909
9.2499952e-11 -1.0043159
8.9999952e-11 -0.99694967
8.7499952e-11 -1.0083268
8.4999952e-11 -1.0280634
8.2499951e-11 -1.0401593
7.9999951e-11 -1.0402718
7.7499951e-11 -1.0339638
7.4999951e-11 -1.0177767
7.249995e-11 -1.0302324
6.999995e-11 -1.054036
6.7500006e-11 -1.0773644
6.5000005e-11 -1.084512
6.2500005e-11 -1.0629996
6.0000005e-11 -1.1059371
5.7500005e-11 -1.0985588
5.5000005e-11 -1.0792601
5.2500004e-11 -1.0927017
5.0000004e-11 -1.0977215
4.7500004e-11 -1.0934306
4.5000004e-11 -1.1150086
4.2500004e-11 -1.1319813
4.0000003e-11 -1.1036558
3.7500003e-11 -1.1226252
3.5000003e-11 -1.1102872
3.2500003e-11 -1.1149009
3.0000002e-11 -1.1363192
2.7500002e-11 -1.132075
2.5000002e-11 -1.1387773
2.2500002e-11 -1.1564124
2.0000002e-11 -1.1933891
1.7500001e-11 -1.1893754
1.5000001e-11 -1.2000887
1.2500001e-11 -1.1961733
1.0000001e-11 -1.1949989
7.5000006e-12 -1.1926109
5.0000004e-12 -1.177247
2.5000002e-12 -1.2401758
0.0 -1.2418016
