9.9999997e-10 -0.52721018
9.9749997e-10 -0.52648747
9.9499997e-10 -0.51225263
9.9249997e-10 -0.50271738
9.8999997e-10 -0.46874732
9.8749997e-10 -0.51788014
9.8499997e-10 -0.524472
9.8249997e-10 -0.52797347
9.7999997e-10 -0.5217669
9.7749997e-10 -0.5236457
9.7499997e-10 -0.5371902
9.7249997e-10 -0.51657152
9.6999997e-10 -0.50032961
9.6749997e-10 -0.52305979
9.6499997e-10 -0.51472729
9.6249997e-10 -0.52605629
9.5999997e-10 -0.54384929
9.5749997e-10 -0.5077526
9.5499997e-10 -0.53838217
9.5249997e-10 -0.5176878
9.4999997e-10 -0.52875644
9.4749997e-10 -0.5094142
9.4499997e-10 -0.52437669
9.4249997e-10 -0.49923527
9.3999997e-10 -0.51182353
9.3749997e-10 -0.4936958
9.3499997e-10 -0.53995198
9.3249997e-10 -0.4939056
9.2999997e-10 -0.51308757
9.2749997e-10 -0.50513381
9.2499997e-10 -0.52341419
9.2249997e-10 -0.52985924
9.1999997e-10 -0.50893021
9.1749996e-10 -0.52687037
9.1499996e-10 -0.49950427
9.1249996e-10 -0.50186378
9.0999996e-10 -0.51962721
9.0749996e-10 -0.5460428
9.0499996e-10 -0.51601547
9.0249996e-10 -0.54078931
8.9999996e-10 -0.49131033
8.9749996e-10 -0.53764248
8.9499996e-10 -0.49738917
8.9249996e-10 -0.54990131
8.8999996e-10 -0.54152226
8.8749996e-10 -0.54607862
8.8499996e-10 -0.54712206
8.8249996e-10 -0.51801252
8.7999996e-10 -0.53955179
8.7749996e-10 -0.51674706
8.7499996e-10 -0.55320448
8.7249996e-10 -0.54030132
8.6999996e-10 -0.50404131
8.6749996e-10 -0.54345483
8.6499996e-10 -0.54055846
8.6249996e-10 -0.52148736
8.5999996e-10 -0.56583345
8.5749996e-10 -0.53876978
8.5499996e-10 -0.50980759
8.5249996e-10 -0.57733685
8.4999996e-10 -0.55212551
8.4749996e-10 -0.54639071
8.4499996e-10 -0.55075222
8.4249996e-10 -0.53637856
8.3999996e-10 -0.53916711
8.3749996e-10 -0.5369001
8.3499996e-10 -0.5513218
8.3249996e-10 -0.53349262
8.2999996e-10 -0.57159227
8.2749996e-10 -0.52177
8.2499996e-10 -0.5189327
8.2249996e-10 -0.54309809
8.1999996e-10 -0.54552633
8.1749996e-10 -0.55728793
8.1499996e-10 -0.5461719
8.1249996e-10 -0.54169846
8.0999996e-10 -0.55990648
8.0749996e-10 -0.55233878
8.0499996e-10 -0.5419783
8.0249996e-10 -0.5429045
7.9999996e-10 -0.54276854
7.9749995e-10 -0.5273326
7.9499995e-10 -0.55875671
7.9249995e-10 -0.52220809
7.8999995e-10 -0.56596071
7.8749995e-10 -0.56560916
7.8499995e-10 -0.51941276
7.8249995e-10 -0.54022962
7.7999995e-10 -0.57149023
7.7749995e-10 -0.53856456
7.7499995e-10 -0.55320323
7.7249995e-10 -0.54353625
7.6999995e-10 -0.58071202
7.6749995e-10 -0.5586217
7.6499995e-10 -0.56028003
7.6249995e-10 -0.57782578
7.5999995e-10 -0.57889307
7.5749995e-10 -0.59304976
7.5499995e-10 -0.54364055
7.5249995e-10 -0.61031133
7.4999995e-10 -0.56035286
7.4749995e-10 -0.57320321
7.4499995e-10 -0.57441336
7.4249995e-10 -0.56838208
7.3999995e-10 -0.55412
7.3749995e-10 -0.58362484
7.3499995e-10 -0.56118363
7.3249995e-10 -0.59031492
7.2999995e-10 -0.58301342
7.2749995e-10 -0.59058756
7.2499995e-10 -0.57637584
7.2249995e-10 -0.58691347
7.1999995e-10 -0.55795658
7.1749995e-10 -0.57209367
7.1499995e-10 -0.56531394
7.1249995e-10 -0.58075768
7.0999995e-10 -0.57731456
7.0749995e-10 -0.57587016
7.0499995e-10 -0.58851695
7.0249995e-10 -0.56823832
6.9999995e-10 -0.60078967
6.9749995e-10 -0.58880395
6.9499995e-10 -0.57893062
6.9249995e-10 -0.58229762
6.8999995e-10 -0.57525641
6.8749995e-10 -0.59301072
6.8499995e-10 -0.58887768
6.8249995e-10 -0.61977386
6.7999995e-10 -0.55956995
6.7749995e-10 -0.60371518
6.7499994e-10 -0.56276351
6.7249994e-10 -0.60530835
6.6999994e-10 -0.58217311
6.6749994e-10 -0.59022391
6.6499994e-10 -0.56523556
6.6249994e-10 -0.6208567
6.5999994e-10 -0.60124195
6.5749994e-10 -0.61336631
6.5499994e-10 -0.56492114
6.5249994e-10 -0.61151892
6.4999994e-10 -0.61224908
6.4749994e-10 -0.60213822
6.4499994e-10 -0.60834998
6.4249994e-10 -0.61733621
6.3999994e-10 -0.62112176
6.3749994e-10 -0.62202352
6.3499994e-10 -0.59677321
6.3249994e-10 -0.59820157
6.2999994e-10 -0.59262103
6.2749994e-10 -0.61349237
6.2499994e-10 -0.61226636
6.2249994e-10 -0.62226796
6.1999994e-10 -0.6086418
6.1749994e-10 -0.63694054
6.1499994e-10 -0.61429942
6.1249994e-10 -0.63303792
6.0999994e-10 -0.61567926
6.0749994e-10 -0.60276067
6.0499994e-10 -0.61870277
6.0249994e-10 -0.63531446
5.9999994e-10 -0.61749345
5.9749994e-10 -0.62739313
5.9499994e-10 -0.61238885
5.9249994e-10 -0.6389668
5.8999994e-10 -0.67200691
5.8749994e-10 -0.64658564
5.8499994e-10 -0.6083855
5.8249994e-10 -0.62709481
5.7999994e-10 -0.61892015
5.7749994e-10 -0.62942737
5.7499994e-10 -0.6050576
5.7249994e-10 -0.60203397
5.6999994e-10 -0.61076903
5.6749994e-10 -0.62788951
5.6499994e-10 -0.65184611
5.6249994e-10 -0.66619325
5.5999994e-10 -0.62905103
5.5749994e-10 -0.64352137
5.5499993e-10 -0.64133
5.5249993e-10 -0.6534723
5.4999993e-10 -0.67064154
5.4749993e-10 -0.65462869
5.4499993e-10 -0.61583304
5.4249993e-10 -0.64362437
5.3999993e-10 -0.61976087
5.3749993e-10 -0.67462099
5.3499993e-10 -0.65966958
5.3249999e-10 -0.63908893
5.2999999e-10 -0.63304353
5.2749999e-10 -0.66848749
5.2499999e-10 -0.63562047
5.2249999e-10 -0.62978202
5.1999999e-10 -0.65532571
5.1749999e-10 -0.64411157
5.1499999e-10 -0.64897704
5.1249999e-10 -0.64013141
5.0999999e-10 -0.64563543
5.0749999e-10 -0.69149494
5.0499999e-10 -0.66218179
5.0249999e-10 -0.65124071
4.9999999e-10 -0.65964001
4.9749999e-10 -0.68686843
4.9499999e-10 -0.63397819
4.9249999e-10 -0.64363891
4.8999999e-10 -0.67659807
4.8749998e-10 -0.67234886
4.8499998e-10 -0.66545379
4.8249998e-10 -0.64502186
4.7999998e-10 -0.68285841
4.7749998e-10 -0.649418
4.7499998e-10 -0.65279078
4.7249998e-10 -0.66560203
4.6999998e-10 -0.67965353
4.6749998e-10 -0.66459876
4.6499998e-10 -0.6905871
4.6249998e-10 -0.70616227
4.5999998e-10 -0.69409537
4.5749998e-10 -0.64523864
4.5499998e-10 -0.65265745
4.5249998e-10 -0.67403603
4.4999998e-10 -0.65075129
4.4749998e-10 -0.68407249
4.4499998e-10 -0.67836332
4.4249998e-10 -0.69738096
4.3999998e-10 -0.68281692
4.3749998e-10 -0.68181121
4.3499998e-10 -0.69674695
4.3249998e-10 -0.74391478
4.2999998e-10 -0.71846718
4.2749998e-10 -0.66839856
4.2499998e-10 -0.69548678
4.2249998e-10 -0.70787901
4.1999998e-10 -0.7056613
4.1749998e-10 -0.68565589
4.1499998e-10 -0.71935546
4.1249998e-10 -0.7092033
4.0999998e-10 -0.70587033
4.0749998e-10 -0.6921798
4.0499998e-10 -0.75970745
4.0249998e-10 -0.75795227
3.9999998e-10 -0.67855978
3.9749998e-10 -0.74901158
3.9499998e-10 -0.73716378
3.9249998e-10 -0.74523634
3.8999998e-10 -0.72446096
3.8749998e-10 -0.73921311
3.8499998e-10 -0.72457653
3.8249998e-10 -0.70289338
3.7999998e-10 -0.70983255
3.7749998e-10 -0.71152687
3.7499998e-10 -0.73161787
3.7249998e-10 -0.74105579
3.6999998e-10 -0.71588212
3.6749997e-10 -0.75989294
3.6499997e-10 -0.72879577
3.6249997e-10 -0.77162099
3.5999997e-10 -0.79373127
3.5749997e-10 -0.72112131
3.5499997e-10 -0.73105967
3.5249997e-10 -0.73167044
3.4999997e-10 -0.72701824
3.4749997e-10 -0.71516448
3.4499997e-10 -0.72930211
3.4249997e-10 -0.75753647
3.3999997e-10 -0.78924793
3.3749997e-10 -0.75371647
3.3499997e-10 -0.78196847
3.3249997e-10 -0.75276315
3.2999997e-10 -0.77198988
3.2749997e-10 -0.77309793
3.2499997e-10 -0.73592925
3.2249997e-10 -0.758982
3.1999997e-10 -0.75243646
3.1749997e-10 -0.76848257
3.1499997e-10 -0.73181963
3.1249997e-10 -0.79403824
3.0999997e-10 -0.78374243
3.0749997e-10 -0.75631905
3.0499997e-10 -0.7769987
3.0249997e-10 -0.76338971
2.9999997e-10 -0.78758734
2.9749997e-10 -0.79292983
2.9499997e-10 -0.82678682
2.9249997e-10 -0.78420448
2.8999997e-10 -0.8225292
2.8749997e-10 -0.80893415
2.8499997e-10 -0.80612075
2.8249997e-10 -0.78523457
2.7999997e-10 -0.78741413
2.7749997e-10 -0.84544176
2.7499997e-10 -0.82666224
2.7249997e-10 -0.77503866
2.6999997e-10 -0.82176876
2.6749997e-10 -0.81902266
2.6499997e-10 -0.85300499
2.6249997e-10 -0.89265305
2.5999997e-10 -0.85381293
2.5749997e-10 -0.84372467
2.5499997e-10 -0.8022626
2.5249997e-10 -0.8061955
2.4999997e-10 -0.85153383
2.4749996e-10 -0.84282863
2.4499996e-10 -0.83000696
2.4249996e-10 -0.83718371
2.3999996e-10 -0.85281581
2.3749996e-10 -0.89481378
2.3499996e-10 -0.86524969
2.3249996e-10 -0.88324434
2.2999996e-10 -0.89551425
2.2749996e-10 -0.85656434
2.2499996e-10 -0.87562138
2.2249996e-10 -0.85188061
2.1999996e-10 -0.85336083
2.1749996e-10 -0.8887459
2.1499996e-10 -0.87482369
2.1249996e-10 -0.84189701
2.0999996e-10 -0.87368333
2.0749996e-10 -0.87990683
2.0499996e-10 -0.89902836
2.0249996e-10 -0.93216711
1.9999996e-10 -0.86954612
1.9749996e-10 -0.9015274
1.9499996e-10 -0.93280977
1.9249996e-10 -0.90890193
1.8999996e-10 -0.95547569
1.8749996e-10 -0.90782243
1.8499996e-10 -0.95666152
1.8249996e-10 -0.93207198
1.7999996e-10 -0.91644698
1.7749996e-10 -0.89406532
1.7499996e-10 -0.90605313
1.7249996e-10 -0.91251355
1.6999996e-10 -0.90742475
1.6749996e-10 -0.94660217
1.6499996e-10 -0.92894012
1.6249996e-10 -0.91083896
1.5999996e-10 -0.97473115
1.5749996e-10 -0.93599719
1.5499996e-10 -0.96101761
1.5249996e-10 -0.94075245
1.4999996e-10 -0.97643447
1.4749996e-10 -1.022799
1.4499996e-10 -0.98349518
1.4249996e-10 -0.9293856
1.3999996e-10 -0.97332984
1.3749996e-10 -0.9640339
1.3499996e-10 -0.96281934
1.3249996e-10 -0.9611634
1.2999996e-10 -0.98677617
1.2749996e-10 -1.0128071
1.2499995e-10 -1.0297437
1.2249995e-10 -1.0411023
1.1999995e-10 -1.0093546
1.1749995e-10 -1.0108852
1.1499995e-10 -1.0229791
1.1249995e-10 -1.0077788
1.0999995e-10 -1.026914
1.0749995e-10 -1.0338892
1.0499995e-10 -1.0516413
1.0249995e-10 -1.0796744
9.9999953e-11 -1.0406417
9.7499953e-11 -1.0086952
9.4999952e-11 -1.059056
9.2499952e-11 -1.0673425
8.9999952e-11 -1.0638846
8.7499952e-11 -1.0909704
8.4999952e-11 -1.1054963
8.2499951e-11 -1.0633892
7.9999951e-11 -1.053448
7.7499951e-11 -1.0521804
7.4999951e-11 -1.0927352
7.249995e-11 -1.1045347
6.999995e-11 -1.0478692
6.7500006e-11 -1.1188757
6.5000005e-11 -1.1110573
6.2500005e-11 -1.1267155
6.0000005e-11 -1.1289773
5.7500005e-11 -1.1403928
5.5000005e-11 -1.136492
5.2500004e-11 -1.145575
5.0000004e-11 -1.1305749
4.7500004e-11 -1.1835415
4.5000004e-11 -1.1278936
4.2500004e-11 -1.1395646
4.0000003e-11 -1.1169211
3.7500003e-11 -1.1727476
3.5000003e-11 -1.1802174
3.2500003e-11 -1.1683638
3.0000002e-11 -1.1550599
2.7500002e-11 -1.2214597
2.5000002e-11 -1.2177681
2.2500002e-11 -1.17322
2.0000002e-11 -1.2239716
1.7500001e-11 -1.2521325
1.5000001e-11 -1.2215809
1.2500001e-11 -1.2474068
1.0000001e-11 -1.2424226
7.5000006e-12 -1.2676095
5.0000004e-12 -1.2288892
2.5000002e-12 -1.3038177
0.0 -1.2500788
