9.9999997e-10 -0.55320829
9.9749997e-10 -0.53955466
9.9499997e-10 -0.52612352
9.9249997e-10 -0.56813747
9.8999997e-10 -0.5299167
9.8749997e-10 -0.55802912
9.8499997e-10 -0.54524785
9.8249997e-10 -0.52808613
9.7999997e-10 -0.54656196
9.7749997e-10 -0.53347772
9.7499997e-10 -0.55105036
9.7249997e-10 -0.57218683
9.6999997e-10 -0.54596859
9.6749997e-10 -0.55456007
9.6499997e-10 -0.56341922
9.6249997e-10 -0.55436105
9.5999997e-10 -0.55239117
9.5749997e-10 -0.537633
9.5499997e-10 -0.54610503
9.5249997e-10 -0.51822186
9.4999997e-10 -0.55490535
9.4749997e-10 -0.51633781
9.4499997e-10 -0.55616361
9.4249997e-10 -0.56928205
9.3999997e-10 -0.54826725
9.3749997e-10 -0.54783708
9.3499997e-10 -0.51344484
9.3249997e-10 -0.56100273
9.2999997e-10 -0.56800824
9.2749997e-10 -0.56447405
9.2499997e-10 -0.5559957
9.2249997e-10 -0.55254745
9.1999997e-10 -0.55548561
9.1749996e-10 -0.53901517
9.1499996e-10 -0.54099864
9.1249996e-10 -0.56622154
9.0999996e-10 -0.56664294
9.0749996e-10 -0.56698644
9.0499996e-10 -0.55909079
9.0249996e-10 -0.53875065
8.9999996e-10 -0.56156868
8.9749996e-10 -0.55961984
8.9499996e-10 -0.53997171
8.9249996e-10 -0.54755795
8.8999996e-10 -0.56690639
8.8749996e-10 -0.54437572
8.8499996e-10 -0.53812438
8.8249996e-10 -0.55135608
8.7999996e-10 -0.55943871
8.7749996e-10 -0.56609792
8.7499996e-10 -0.54450411
8.7249996e-10 -0.55144131
8.6999996e-10 -0.58522332
8.6749996e-10 -0.5678767
8.6499996e-10 -0.54859632
8.6249996e-10 -0.57795137
8.5999996e-10 -0.58796811
8.5749996e-10 -0.55684716
8.5499996e-10 -0.5698328
8.5249996e-10 -0.57850456
8.4999996e-10 -0.52652466
8.4749996e-10 -0.55144155
8.4499996e-10 -0.55332184
8.4249996e-10 -0.55440295
8.3999996e-10 -0.58166373
8.3749996e-10 -0.59090102
8.3499996e-10 -0.55437303
8.3249996e-10 -0.59802908
8.2999996e-10 -0.55641919
8.2749996e-10 -0.60323346
8.2499996e-10 -0.56870198
8.2249996e-10 -0.5900569
8.1999996e-10 -0.58608061
8.1749996e-10 -0.54661214
8.1499996e-10 -0.55284429
8.1249996e-10 -0.6117382
8.0999996e-10 -0.609824
8.0749996e-10 -0.5653702
8.0499996e-10 -0.59322464
8.0249996e-10 -0.56484789
7.9999996e-10 -0.57431126
7.9749995e-10 -0.58581007
7.9499995e-10 -0.57418621
7.9249995e-10 -0.58319783
7.8999995e-10 -0.58325428
7.8749995e-10 -0.55631268
7.8499995e-10 -0.56920803
7.8249995e-10 -0.59802693
7.7999995e-10 -0.57409245
7.7749995e-10 -0.60835934
7.7499995e-10 -0.57295823
7.7249995e-10 -0.5952028
7.6999995e-10 -0.59539813
7.6749995e-10 -0.58325833
7.6499995e-10 -0.60646397
7.6249995e-10 -0.60571665
7.5999995e-10 -0.6229108
7.5749995e-10 -0.61247581
7.5499995e-10 -0.59495425
7.5249995e-10 -0.593472
7.4999995e-10 -0.56137031
7.4749995e-10 -0.60099798
7.4499995e-10 -0.60189319
7.4249995e-10 -0.58891422
7.3999995e-10 -0.60398084
7.3749995e-10 -0.58732575
7.3499995e-10 -0.57546914
7.3249995e-10 -0.58002204
7.2999995e-10 -0.63202494
7.2749995e-10 -0.59962714
7.2499995e-10 -0.61279035
7.2249995e-10 -0.60582852
7.1999995e-10 -0.60310352
7.1749995e-10 -0.59995449
7.1499995e-10 -0.61295593
7.1249995e-10 -0.59315461
7.0999995e-10 -0.60629469
7.0749995e-10 -0.60013992
7.0499995e-10 -0.56208849
7.0249995e-10 -0.62391245
6.9999995e-10 -0.61317486
6.9749995e-10 -0.60708904
6.9499995e-10 -0.60832572
6.9249995e-10 -0.61508769
6.8999995e-10 -0.62583852
6.8749995e-10 -0.62331069
6.8499995e-10 -0.62662852
6.8249995e-10 -0.58837968
6.7999995e-10 -0.6434592
6.7749995e-10 -0.62984806
6.7499994e-10 -0.62431151
6.7249994e-10 -0.61405903
6.6999994e-10 -0.61678457
6.6749994e-10 -0.64357185
6.6499994e-10 -0.60463512
6.6249994e-10 -0.62820017
6.5999994e-10 -0.61785698
6.5749994e-10 -0.62061048
6.5499994e-10 -0.61105907
6.5249994e-10 -0.62658459
6.4999994e-10 -0.61591113
6.4749994e-10 -0.63173664
6.4499994e-10 -0.60844588
6.4249994e-10 -0.61051852
6.3999994e-10 -0.6486752
6.3749994e-10 -0.64537197
6.3499994e-10 -0.62710422
6.3249994e-10 -0.6224156
6.2999994e-10 -0.62110084
6.2749994e-10 -0.64168018
6.2499994e-10 -0.65958983
6.2249994e-10 -0.62634856
6.1999994e-10 -0.6503157
6.1749994e-10 -0.64657545
6.1499994e-10 -0.64611286
6.1249994e-10 -0.64560699
6.0999994e-10 -0.64456517
6.0749994e-10 -0.65932375
6.0499994e-10 -0.66098696
6.0249994e-10 -0.68197018
5.9999994e-10 -0.61178464
5.9749994e-10 -0.63812482
5.9499994e-10 -0.66799909
5.9249994e-10 -0.66035712
5.8999994e-10 -0.66783321
5.8749994e-10 -0.64828378
5.8499994e-10 -0.65275449
5.8249994e-10 -0.64565265
5.7999994e-10 -0.66391319
5.7749994e-10 -0.63706654
5.7499994e-10 -0.64695179
5.7249994e-10 -0.64976996
5.6999994e-10 -0.65604395
5.6749994e-10 -0.63501632
5.6499994e-10 -0.67798179
5.6249994e-10 -0.66831702
5.5999994e-10 -0.6642881
5.5749994e-10 -0.67082614
5.5499993e-10 -0.66176087
5.5249993e-10 -0.69237953
5.4999993e-10 -0.65863168
5.4749993e-10 -0.68255156
5.4499993e-10 -0.65643591
5.4249993e-10 -0.68557841
5.3999993e-10 -0.66362667
5.3749993e-10 -0.66149479
5.3499993e-10 -0.65232801
5.3249999e-10 -0.66897285
5.2999999e-10 -0.66881269
5.2749999e-10 -0.68004495
5.2499999e-10 -0.66268575
5.2249999e-10 -0.67161155
5.1999999e-10 -0.70255142
5.1749999e-10 -0.68420076
5.1499999e-10 -0.65973568
5.1249999e-10 -0.68674248
5.0999999e-10 -0.70467347
5.0749999e-10 -0.69565749
5.0499999e-10 -0.6814568
5.0249999e-10 -0.67725497
4.9999999e-10 -0.67568052
4.9749999e-10 -0.7059077
4.9499999e-10 -0.68114579
4.9249999e-10 -0.6714288
4.8999999e-10 -0.67087793
4.8749998e-10 -0.70311046
4.8499998e-10 -0.6942094
4.8249998e-10 -0.72401315
4.7999998e-10 -0.70887053
4.7749998e-10 -0.69466335
4.7499998e-10 -0.71702135
4.7249998e-10 -0.67714942
4.6999998e-10 -0.73116851
4.6749998e-10 -0.69423932
4.6499998e-10 -0.68015069
4.6249998e-10 -0.68961579
4.5999998e-10 -0.70672888
4.5749998e-10 -0.70490503
4.5499998e-10 -0.68128508
4.5249998e-10 -0.69975108
4.4999998e-10 -0.72485685
4.4749998e-10 -0.68796259
4.4499998e-10 -0.70991039
4.4249998e-10 -0.71533608
4.3999998e-10 -0.73937631
4.3749998e-10 -0.73058683
4.3499998e-10 -0.71731198
4.3249998e-10 -0.72492284
4.2999998e-10 -0.73515749
4.2749998e-10 -0.7080487
4.2499998e-10 -0.74157739
4.2249998e-10 -0.73856676
4.1999998e-10 -0.75755268
4.1749998e-10 -0.72472537
4.1499998e-10 -0.74097961
4.1249998e-10 -0.7251389
4.0999998e-10 -0.71345317
4.0749998e-10 -0.72621107
4.0499998e-10 -0.74521208
4.0249998e-10 -0.74111307
3.9999998e-10 -0.71360499
3.9749998e-10 -0.72215056
3.9499998e-10 -0.74477684
3.9249998e-10 -0.7336089
3.8999998e-10 -0.72993815
3.8749998e-10 -0.74118668
3.8499998e-10 -0.74771684
3.8249998e-10 -0.75842857
3.7999998e-10 -0.73073334
3.7749998e-10 -0.74812484
3.7499998e-10 -0.72381955
3.7249998e-10 -0.76499796
3.6999998e-10 -0.75805658
3.6749997e-10 -0.77419782
3.6499997e-10 -0.76924103
3.6249997e-10 -0.72859317
3.5999997e-10 -0.76633674
3.5749997e-10 -0.76726782
3.5499997e-10 -0.77165997
3.5249997e-10 -0.76361877
3.4999997e-10 -0.77180213
3.4749997e-10 -0.7613163
3.4499997e-10 -0.77609485
3.4249997e-10 -0.7465362
3.3999997e-10 -0.78043878
3.3749997e-10 -0.76287949
3.3499997e-10 -0.74055028
3.3249997e-10 -0.75436848
3.2999997e-10 -0.78721541
3.2749997e-10 -0.78230757
3.2499997e-10 -0.78394538
3.2249997e-10 -0.78002131
3.1999997e-10 -0.81294358
3.1749997e-10 -0.78198647
3.1499997e-10 -0.77937019
3.1249997e-10 -0.79048204
3.0999997e-10 -0.77433723
3.0749997e-10 -0.7949416
3.0499997e-10 -0.81961405
3.0249997e-10 -0.83142364
2.9999997e-10 -0.79943198
2.9749997e-10 -0.79988515
2.9499997e-10 -0.82682163
2.9249997e-10 -0.80444014
2.8999997e-10 -0.80698961
2.8749997e-10 -0.82261175
2.8499997e-10 -0.78877592
2.8249997e-10 -0.78563118
2.7999997e-10 -0.82735819
2.7749997e-10 -0.84974813
2.7499997e-10 -0.83277088
2.7249997e-10 -0.83053505
2.6999997e-10 -0.82867479
2.6749997e-10 -0.84005237
2.6499997e-10 -0.82938886
2.6249997e-10 -0.81457812
2.5999997e-10 -0.83632398
2.5749997e-10 -0.85487086
2.5499997e-10 -0.81919271
2.5249997e-10 -0.83554131
2.4999997e-10 -0.86079925
2.4749996e-10 -0.83293992
2.4499996e-10 -0.86888874
2.4249996e-10 -0.8362295
2.3999996e-10 -0.84111613
2.3749996e-10 -0.8777948
2.3499996e-10 -0.84725147
2.3249996e-10 -0.8510167
2.2999996e-10 -0.88098091
2.2749996e-10 -0.88064784
2.2499996e-10 -0.89901137
2.2249996e-10 -0.85637826
2.1999996e-10 -0.89046687
2.1749996e-10 -0.87222886
2.1499996e-10 -0.87227517
2.1249996e-10 -0.92094052
2.0999996e-10 -0.85825652
2.0749996e-10 -0.87105966
2.0499996e-10 -0.87033021
2.0249996e-10 -0.89620394
1.9999996e-10 -0.88236618
1.9749996e-10 -0.89822376
1.9499996e-10 -0.90565783
1.9249996e-10 -0.89245427
1.8999996e-10 -0.92394441
1.8749996e-10 -0.87067538
1.8499996e-10 -0.89906609
1.8249996e-10 -0.94006073
1.7999996e-10 -0.9081161
1.7749996e-10 -0.93454832
1.7499996e-10 -0.90763003
1.7249996e-10 -0.91376066
1.6999996e-10 -0.94042325
1.6749996e-10 -0.93125236
1.6499996e-10 -0.95193785
1.6249996e-10 -0.92651266
1.5999996e-10 -0.93450683
1.5749996e-10 -0.94612193
1.5499996e-10 -0.96692103
1.5249996e-10 -0.94017136
1.4999996e-10 -0.954252
1.4749996e-10 -0.96582776
1.4499996e-10 -0.9636094
1.4249996e-10 -0.9908092
1.3999996e-10 -0.97070169
1.3749996e-10 -0.97305423
1.3499996e-10 -0.96304017
1.3249996e-10 -0.98901582
1.2999996e-10 -0.97180587
1.2749996e-10 -0.98353416
1.2499995e-10 -1.0002189
1.2249995e-10 -0.98265326
1.1999995e-10 -1.0111966
1.1749995e-10 -1.0112371
1.1499995e-10 -1.0113339
1.1249995e-10 -1.0248643
1.0999995e-10 -1.0107447
1.0749995e-10 -1.0266337
1.0499995e-10 -1.0160351
1.0249995e-10 -1.0503786
9.9999953e-11 -1.0377535
9.7499953e-11 -1.0424572
9.4999952e-11 -1.037796
9.2499952e-11 -1.0635256
8.9999952e-11 -1.065686
8.7499952e-11 -1.0487055
8.4999952e-11 -1.0410259
8.2499951e-11 -1.0663332
7.9999951e-11 -1.0956074
7.7499951e-11 -1.0957965
7.4999951e-11 -1.0949661
7.249995e-11 -1.089962
6.999995e-11 -1.1143675
6.7500006e-11 -1.0820339
6.5000005e-11 -1.0768386
6.2500005e-11 -1.1132973
6.0000005e-11 -1.124685
5.7500005e-11 -1.1517699
5.5000005e-11 -1.1083765
5.2500004e-11 -1.1345406
5.0000004e-11 -1.1534976
4.7500004e-11 -1.1406142
4.5000004e-11 -1.1488096
4.2500004e-11 -1.1591055
4.0000003e-11 -1.1805198
3.7500003e-11 -1.1875293
3.5000003e-11 -1.1593034
3.2500003e-11 -1.1849185
3.0000002e-11 -1.1904718
2.7500002e-11 -1.184687
2.5000002e-11 -1.2215772
2.2500002e-11 -1.173816
2.0000002e-11 -1.2042558
1.7500001e-11 -1.2220707
1.5000001e-11 -1.2114849
1.2500001e-11 -1.2279692
1.0000001e-11 -1.2621683
7.5000006e-12 -1.2589569
5.0000004e-12 -1.2759917
2.5000002e-12 -1.2952491
0.0 -1.2646728
