Z (m) Frequency Shift (Hz) Z-Spectroscopy_BP_00189.dat
0.0 -1.2997687
2.5000002e-12 -1.2940718
5.0000004e-12 -1.2647872
7.5000006e-12 -1.2626709
1.0000001e-11 -1.2804835
1.2500001e-11 -1.2457943
1.5000001e-11 -1.2604297
1.7500001e-11 -1.2599161
2.0000002e-11 -1.2174274
2.2500002e-11 -1.2132531
2.5000002e-11 -1.2215257
2.7500002e-11 -1.198915
3.0000002e-11 -1.2136701
3.2500003e-11 -1.2135198
3.5000003e-11 -1.2178549
3.7500003e-11 -1.2095916
4.0000003e-11 -1.1676446
4.2500004e-11 -1.1937658
4.5000004e-11 -1.1777649
4.7500004e-11 -1.1186198
5.0000004e-11 -1.1640813
5.2500004e-11 -1.1337138
5.5000005e-11 -1.1308988
5.7500005e-11 -1.1293614
6.0000005e-11 -1.1520441
6.2500005e-11 -1.1564519
6.5000005e-11 -1.1220081
6.7500006e-11 -1.1049774
6.999995e-11 -1.1321244
7.249995e-11 -1.0996411
7.4999951e-11 -1.0997814
7.7499951e-11 -1.0985576
7.9999951e-11 -1.0842321
8.2499951e-11 -1.0737084
8.4999952e-11 -1.0782036
8.7499952e-11 -1.0962216
8.9999952e-11 -1.0568057
9.2499952e-11 -1.0620297
9.4999952e-11 -1.0879407
9.7499953e-11 -1.02573
9.9999953e-11 -1.0657886
1.0249995e-10 -1.0170791
1.0499995e-10 -1.0379463
1.0749995e-10 -1.0264113
1.0999995e-10 -1.0239444
1.1249995e-10 -1.0197221
1.1499995e-10 -1.0260553
1.1749995e-10 -1.0207157
1.1999995e-10 -1.0336553
1.2249995e-10 -1.0053641
1.2499995e-10 -1.0000168
1.2749996e-10 -0.99043709
1.2999996e-10 -0.9982785
1.3249996e-10 -0.97934157
1.3499996e-10 -1.0021108
1.3749996e-10 -0.98544383
1.3999996e-10 -0.98372287
1.4249996e-10 -0.98030227
1.4499996e-10 -0.96633238
1.4749996e-10 -0.96617806
1.4999996e-10 -0.97620755
1.5249996e-10 -0.97222942
1.5499996e-10 -0.97549838
1.5749996e-10 -0.96070123
1.5999996e-10 -0.95655859
1.6249996e-10 -0.9564324
1.6499996e-10 -0.91216016
1.6749996e-10 -0.9374702
1.6999996e-10 -0.92173928
1.7249996e-10 -0.93306857
1.7499996e-10 -0.94311994
1.7749996e-10 -0.91072464
1.7999996e-10 -0.90505862
1.8249996e-10 -0.92499739
1.8499996e-10 -0.91118926
1.8749996e-10 -0.92311496
1.8999996e-10 -0.90253061
1.9249996e-10 -0.90570384
1.9499996e-10 -0.87556928
1.9749996e-10 -0.89235115
1.9999996e-10 -0.87031734
2.0249996e-10 -0.89936823
2.0499996e-10 -0.8868714
2.0749996e-10 -0.87918264
2.0999996e-10 -0.88256335
2.1249996e-10 -0.8839891
2.1499996e-10 -0.86843294
2.1749996e-10 -0.89598852
2.1999996e-10 -0.87598908
2.2249996e-10 -0.8809849
2.2499996e-10 -0.85251319
2.2749996e-10 -0.86408901
2.2999996e-10 -0.83848268
2.3249996e-10 -0.86590564
2.3499996e-10 -0.87020355
2.3749996e-10 -0.85227907
2.3999996e-10 -0.8276971
2.4249996e-10 -0.84260947
2.4499996e-10 -0.84757251
2.4749996e-10 -0.825818
2.4999997e-10 -0.84703016
2.5249997e-10 -0.83637959
2.5499997e-10 -0.85032147
2.5749997e-10 -0.82128996
2.5999997e-10 -0.82814711
2.6249997e-10 -0.80713749
2.6499997e-10 -0.8081578
2.6749997e-10 -0.83503169
2.6999997e-10 -0.84332544
2.7249997e-10 -0.86883086
2.7499997e-10 -0.81454748
2.7749997e-10 -0.82683581
2.7999997e-10 -0.80709356
2.8249997e-10 -0.80844402
2.8499997e-10 -0.81284153
2.8749997e-10 -0.78971666
2.8999997e-10 -0.81880933
2.9249997e-10 -0.82662886
2.9499997e-10 -0.78001875
2.9749997e-10 -0.80301464
2.9999997e-10 -0.81307995
3.0249997e-10 -0.77888787
3.0499997e-10 -0.80082244
3.0749997e-10 -0.77621281
3.0999997e-10 -0.77758402
3.1249997e-10 -0.75379634
3.1499997e-10 -0.7987048
3.1749997e-10 -0.74828666
3.1999997e-10 -0.79922587
3.2249997e-10 -0.78552765
3.2499997e-10 -0.73078471
3.2749997e-10 -0.75413579
3.2999997e-10 -0.76387429
3.3249997e-10 -0.76807827
3.3499997e-10 -0.76977664
3.3749997e-10 -0.78158695
3.3999997e-10 -0.76553613
3.4249997e-10 -0.79675061
3.4499997e-10 -0.76153809
3.4749997e-10 -0.73923838
3.4999997e-10 -0.74539447
3.5249997e-10 -0.76669204
3.5499997e-10 -0.75888687
3.5749997e-10 -0.72217375
3.5999997e-10 -0.77581108
3.6249997e-10 -0.77873957
3.6499997e-10 -0.73937285
3.6749997e-10 -0.78021842
3.6999998e-10 -0.78283852
3.7249998e-10 -0.75064903
3.7499998e-10 -0.77900994
3.7749998e-10 -0.78682721
3.7999998e-10 -0.76145059
3.8249998e-10 -0.75923187
3.8499998e-10 -0.76185769
3.8749998e-10 -0.78231758
3.8999998e-10 -0.76569235
3.9249998e-10 -0.74424839
3.9499998e-10 -0.78521639
3.9749998e-10 -0.77019519
3.9999998e-10 -0.79247564
4.0249998e-10 -0.80025685
4.0499998e-10 -0.75515836
4.0749998e-10 -0.7785508
4.0999998e-10 -0.75016016
4.1249998e-10 -0.80167437
4.1499998e-10 -0.77249694
4.1749998e-10 -0.7692169
4.1999998e-10 -0.75666058
4.2249998e-10 -0.78684539
4.2499998e-10 -0.77440572
4.2749998e-10 -0.7952404
4.2999998e-10 -0.76368785
4.3249998e-10 -0.75113684
4.3499998e-10 -0.75045949
4.3749998e-10 -0.79573303
4.3999998e-10 -0.79818374
4.4249998e-10 -0.77045059
4.4499998e-10 -0.78856522
4.4749998e-10 -0.75134838
4.4999998e-10 -0.78538591
4.5249998e-10 -0.78016239
4.5499998e-10 -0.78997284
4.5749998e-10 -0.76031512
4.5999998e-10 -0.76791686
4.6249998e-10 -0.77325606
4.6499998e-10 -0.75822324
4.6749998e-10 -0.74088794
4.6999998e-10 -0.7712785
4.7249998e-10 -0.74093771
4.7499998e-10 -0.75348783
4.7749998e-10 -0.76717716
4.7999998e-10 -0.75556284
4.8249998e-10 -0.73503488
4.8499998e-10 -0.72573256
4.8749998e-10 -0.72178501
4.8999999e-10 -0.73476678
4.9249999e-10 -0.73634154
4.9499999e-10 -0.72409993
4.9749999e-10 -0.72145432
4.9999999e-10 -0.72269696
5.0249999e-10 -0.72379291
5.0499999e-10 -0.70621061
5.0749999e-10 -0.74404562
5.0999999e-10 -0.69438726
5.1249999e-10 -0.69889587
5.1499999e-10 -0.69353068
5.1749999e-10 -0.68500471
5.1999999e-10 -0.68615884
5.2249999e-10 -0.69130987
5.2499999e-10 -0.68057472
5.2749999e-10 -0.69011009
5.2999999e-10 -0.66713756
5.3249999e-10 -0.67736918
5.3499993e-10 -0.66581208
5.3749993e-10 -0.65857947
5.3999993e-10 -0.66677731
5.4249993e-10 -0.65118933
5.4499993e-10 -0.64374834
5.4749993e-10 -0.62183839
5.4999993e-10 -0.64170891
5.5249993e-10 -0.63029391
5.5499993e-10 -0.62810743
5.5749994e-10 -0.64951044
5.5999994e-10 -0.6548326
5.6249994e-10 -0.6407432
5.6499994e-10 -0.64194638
5.6749994e-10 -0.62806159
5.6999994e-10 -0.62828004
5.7249994e-10 -0.62298745
5.7499994e-10 -0.61835873
5.7749994e-10 -0.61593527
5.7999994e-10 -0.63417995
5.8249994e-10 -0.63441592
5.8499994e-10 -0.64217699
5.8749994e-10 -0.59973675
5.8999994e-10 -0.64512038
5.9249994e-10 -0.58720917
5.9499994e-10 -0.60336131
5.9749994e-10 -0.64341694
5.9999994e-10 -0.6113646
6.0249994e-10 -0.60823637
6.0499994e-10 -0.61746424
6.0749994e-10 -0.62409878
6.0999994e-10 -0.61565393
6.1249994e-10 -0.59986287
6.1499994e-10 -0.60816348
6.1749994e-10 -0.60177845
6.1999994e-10 -0.63227749
6.2249994e-10 -0.61024749
6.2499994e-10 -0.62434059
6.2749994e-10 -0.58542061
6.2999994e-10 -0.57034516
6.3249994e-10 -0.63747847
6.3499994e-10 -0.56624699
6.3749994e-10 -0.60222912
6.3999994e-10 -0.57898378
6.4249994e-10 -0.62412947
6.4499994e-10 -0.60005182
6.4749994e-10 -0.58611727
6.4999994e-10 -0.5888021
6.5249994e-10 -0.60214961
6.5499994e-10 -0.61854988
6.5749994e-10 -0.59041566
6.5999994e-10 -0.60213572
6.6249994e-10 -0.59293872
6.6499994e-10 -0.6000632
6.6749994e-10 -0.56169051
6.6999994e-10 -0.58865261
6.7249994e-10 -0.6148079
6.7499994e-10 -0.57955444
6.7749995e-10 -0.58272988
6.7999995e-10 -0.5991894
6.8249995e-10 -0.59049141
6.8499995e-10 -0.62565655
6.8749995e-10 -0.59396577
6.8999995e-10 -0.58872926
6.9249995e-10 -0.59022552
6.9499995e-10 -0.60904634
6.9749995e-10 -0.56407839
6.9999995e-10 -0.566046
7.0249995e-10 -0.57047385
7.0499995e-10 -0.59053934
7.0749995e-10 -0.57212245
7.0999995e-10 -0.61074579
7.1249995e-10 -0.59260583
7.1499995e-10 -0.58465868
7.1749995e-10 -0.57627755
7.1999995e-10 -0.55303383
7.2249995e-10 -0.60985452
7.2499995e-10 -0.5951879
7.2749995e-10 -0.58014506
7.2999995e-10 -0.56123894
7.3249995e-10 -0.58014762
7.3499995e-10 -0.54456705
7.3749995e-10 -0.59718233
7.3999995e-10 -0.6143198
7.4249995e-10 -0.56886071
7.4499995e-10 -0.57604122
7.4749995e-10 -0.57428789
7.4999995e-10 -0.56785971
7.5249995e-10 -0.58233565
7.5499995e-10 -0.57208675
7.5749995e-10 -0.55683142
7.5999995e-10 -0.56094718
7.6249995e-10 -0.55568457
7.6499995e-10 -0.56695896
7.6749995e-10 -0.56918079
7.6999995e-10 -0.58258981
7.7249995e-10 -0.57045043
7.7499995e-10 -0.56474161
7.7749995e-10 -0.5769273
7.7999995e-10 -0.56307364
7.8249995e-10 -0.60245156
7.8499995e-10 -0.56506258
7.8749995e-10 -0.57524806
7.8999995e-10 -0.54114908
7.9249995e-10 -0.57330441
7.9499995e-10 -0.54752547
7.9749995e-10 -0.60241967
7.9999996e-10 -0.54679936
8.0249996e-10 -0.55203956
8.0499996e-10 -0.56170309
8.0749996e-10 -0.55857688
8.0999996e-10 -0.55760384
8.1249996e-10 -0.57286537
8.1499996e-10 -0.59416306
8.1749996e-10 -0.57157451
8.1999996e-10 -0.61135161
8.2249996e-10 -0.58138329
8.2499996e-10 -0.5565697
8.2749996e-10 -0.57675153
8.2999996e-10 -0.5783841
8.3249996e-10 -0.56524318
8.3499996e-10 -0.57771641
8.3749996e-10 -0.51810288
8.3999996e-10 -0.54951143
8.4249996e-10 -0.57645208
8.4499996e-10 -0.56728101
8.4749996e-10 -0.58623016
8.4999996e-10 -0.55903172
8.5249996e-10 -0.58114368
8.5499996e-10 -0.55623966
8.5749996e-10 -0.55728328
8.5999996e-10 -0.53340584
8.6249996e-10 -0.57037216
8.6499996e-10 -0.56900185
8.6749996e-10 -0.56472093
8.6999996e-10 -0.5419144
8.7249996e-10 -0.57610232
8.7499996e-10 -0.54432267
8.7749996e-10 -0.5557968
8.7999996e-10 -0.56887776
8.8249996e-10 -0.54714721
8.8499996e-10 -0.56804442
8.8749996e-10 -0.54364032
8.8999996e-10 -0.54392427
8.9249996e-10 -0.5871473
8.9499996e-10 -0.56157738
8.9749996e-10 -0.54026926
8.9999996e-10 -0.54393357
9.0249996e-10 -0.54098594
9.0499996e-10 -0.54933256
9.0749996e-10 -0.5419386
9.0999996e-10 -0.555282
9.1249996e-10 -0.54714119
9.1499996e-10 -0.56517166
9.1749996e-10 -0.52428657
9.1999997e-10 -0.56638789
9.2249997e-10 -0.50112426
9.2499997e-10 -0.53370714
9.2749997e-10 -0.53191507
9.2999997e-10 -0.54199034
9.3249997e-10 -0.54668546
9.3499997e-10 -0.54191983
9.3749997e-10 -0.56371784
9.3999997e-10 -0.59857595
9.4249997e-10 -0.52257884
9.4499997e-10 -0.53803182
9.4749997e-10 -0.55531454
9.4999997e-10 -0.54893935
9.5249997e-10 -0.56970847
9.5499997e-10 -0.57283962
9.5749997e-10 -0.54508734
9.5999997e-10 -0.55825639
9.6249997e-10 -0.53665847
9.6499997e-10 -0.55551547
9.6749997e-10 -0.54421806
9.6999997e-10 -0.54234672
9.7249997e-10 -0.55579495
9.7499997e-10 -0.51775867
9.7749997e-10 -0.48589042
9.7999997e-10 -0.55834746
9.8249997e-10 -0.53278762
9.8499997e-10 -0.54277205
9.8749997e-10 -0.50820667
9.8999997e-10 -0.52881503
9.9249997e-10 -0.52732265
9.9499997e-10 -0.56135732
9.9749997e-10 -0.54394352
9.9999997e-10 -0.55857402
