9.9999997e-10 -0.53152311
9.9749997e-10 -0.54258096
9.9499997e-10 -0.53685349
9.9249997e-10 -0.50826514
9.8999997e-10 -0.52497172
9.8749997e-10 -0.53428113
9.8499997e-10 -0.53687048
9.8249997e-10 -0.52249026
9.7999997e-10 -0.52595353
9.7749997e-10 -0.53069031
9.7499997e-10 -0.53906798
9.7249997e-10 -0.54470962
9.6999997e-10 -0.55514729
9.6749997e-10 -0.51429403
9.6499997e-10 -0.52930582
9.6249997e-10 -0.55257547
9.5999997e-10 -0.52259266
9.5749997e-10 -0.53455156
9.5499997e-10 -0.52487814
9.5249997e-10 -0.51560771
9.4999997e-10 -0.5075838
9.4749997e-10 -0.55608046
9.4499997e-10 -0.50762105
9.4249997e-10 -0.53082627
9.3999997e-10 -0.52148026
9.3749997e-10 -0.51978683
9.3499997e-10 -0.51426935
9.3249997e-10 -0.54133886
9.2999997e-10 -0.51364136
9.2749997e-10 -0.51124001
9.2499997e-10 -0.54317081
9.2249997e-10 -0.53821999
9.1999997e-10 -0.54085606
9.1749996e-10 -0.53313589
9.1499996e-10 -0.56404978
9.1249996e-10 -0.544254
9.0999996e-10 -0.519674
9.0749996e-10 -0.55986995
9.0499996e-10 -0.54043651
9.0249996e-10 -0.52337223
8.9999996e-10 -0.50928378
8.9749996e-10 -0.52466226
8.9499996e-10 -0.54152328
8.9249996e-10 -0.54362875
8.8999996e-10 -0.51535994
8.8749996e-10 -0.50804561
8.8499996e-10 -0.55385035
8.8249996e-10 -0.54072154
8.7999996e-10 -0.5827949
8.7749996e-10 -0.5208407
8.7499996e-10 -0.51725721
8.7249996e-10 -0.52265185
8.6999996e-10 -0.5487349
8.6749996e-10 -0.5382424
8.6499996e-10 -0.54203588
8.6249996e-10 -0.50679064
8.5999996e-10 -0.54604375
8.5749996e-10 -0.53453624
8.5499996e-10 -0.54686028
8.5249996e-10 -0.55929065
8.4999996e-10 -0.54679275
8.4749996e-10 -0.5602904
8.4499996e-10 -0.53281093
8.4249996e-10 -0.53362995
8.3999996e-10 -0.53766119
8.3749996e-10 -0.56001723
8.3499996e-10 -0.55219245
8.3249996e-10 -0.52015042
8.2999996e-10 -0.5638594
8.2749996e-10 -0.55590641
8.2499996e-10 -0.52422166
8.2249996e-10 -0.51932716
8.1999996e-10 -0.54740834
8.1749996e-10 -0.51732665
8.1499996e-10 -0.52479064
8.1249996e-10 -0.55821198
8.0999996e-10 -0.53644288
8.0749996e-10 -0.57082093
8.0499996e-10 -0.55663562
8.0249996e-10 -0.54116738
7.9999996e-10 -0.52978897
7.9749995e-10 -0.52997547
7.9499995e-10 -0.55041867
7.9249995e-10 -0.50923264
7.8999995e-10 -0.53767753
7.8749995e-10 -0.53961098
7.8499995e-10 -0.54373109
7.8249995e-10 -0.53298551
7.7999995e-10 -0.55359095
7.7749995e-10 -0.54521072
7.7499995e-10 -0.52145576
7.7249995e-10 -0.57110929
7.6999995e-10 -0.55873007
7.6749995e-10 -0.58180261
7.6499995e-10 -0.55637687
7.6249995e-10 -0.53415734
7.5999995e-10 -0.55895483
7.5749995e-10 -0.52721071
7.5499995e-10 -0.56842989
7.5249995e-10 -0.53145754
7.4999995e-10 -0.55369496
7.4749995e-10 -0.57380682
7.4499995e-10 -0.56667978
7.4249995e-10 -0.55244237
7.3999995e-10 -0.55482775
7.3749995e-10 -0.55025804
7.3499995e-10 -0.58430898
7.3249995e-10 -0.58554304
7.2999995e-10 -0.58820856
7.2749995e-10 -0.54958385
7.2499995e-10 -0.54188395
7.2249995e-10 -0.56844443
7.1999995e-10 -0.58385813
7.1749995e-10 -0.57354522
7.1499995e-10 -0.56338221
7.1249995e-10 -0.56463599
7.0999995e-10 -0.56461418
7.0749995e-10 -0.58103836
7.0499995e-10 -0.56920683
7.0249995e-10 -0.56539142
6.9999995e-10 -0.60330629
6.9749995e-10 -0.58350325
6.9499995e-10 -0.54696321
6.9249995e-10 -0.57219565
6.8999995e-10 -0.56967574
6.8749995e-10 -0.58659434
6.8499995e-10 -0.57090211
6.8249995e-10 -0.6014207
6.7999995e-10 -0.60333592
6.7749995e-10 -0.60212195
6.7499994e-10 -0.6018095
6.7249994e-10 -0.57900918
6.6999994e-10 -0.58741754
6.6749994e-10 -0.58590114
6.6499994e-10 -0.58570719
6.6249994e-10 -0.56709027
6.5999994e-10 -0.58264065
6.5749994e-10 -0.58765316
6.5499994e-10 -0.61862439
6.5249994e-10 -0.5965274
6.4999994e-10 -0.59076512
6.4749994e-10 -0.57320249
6.4499994e-10 -0.61615044
6.4249994e-10 -0.60430342
6.3999994e-10 -0.58521891
6.3749994e-10 -0.56864071
6.3499994e-10 -0.59084731
6.3249994e-10 -0.60137081
6.2999994e-10 -0.6228227
6.2749994e-10 -0.59481138
6.2499994e-10 -0.60171634
6.2249994e-10 -0.5905112
6.1999994e-10 -0.57407594
6.1749994e-10 -0.57784557
6.1499994e-10 -0.5817163
6.1249994e-10 -0.589432
6.0999994e-10 -0.62003142
6.0749994e-10 -0.59660625
6.0499994e-10 -0.61277938
6.0249994e-10 -0.59633923
5.9999994e-10 -0.60404789
5.9749994e-10 -0.60278827
5.9499994e-10 -0.62005401
5.9249994e-10 -0.6343587
5.8999994e-10 -0.62763357
5.8749994e-10 -0.60871136
5.8499994e-10 -0.62500465
5.8249994e-10 -0.62198359
5.7999994e-10 -0.60568666
5.7749994e-10 -0.60619968
5.7499994e-10 -0.61387157
5.7249994e-10 -0.63997412
5.6999994e-10 -0.6133256
5.6749994e-10 -0.61663556
5.6499994e-10 -0.66372538
5.6249994e-10 -0.62215704
5.5999994e-10 -0.61182719
5.5749994e-10 -0.62922227
5.5499993e-10 -0.62337834
5.5249993e-10 -0.62742847
5.4999993e-10 -0.61939526
5.4749993e-10 -0.63882792
5.4499993e-10 -0.62235808
5.4249993e-10 -0.62817746
5.3999993e-10 -0.63049811
5.3749993e-10 -0.6024344
5.3499993e-10 -0.64752942
5.3249999e-10 -0.62762368
5.2999999e-10 -0.64043403
5.2749999e-10 -0.61032426
5.2499999e-10 -0.6285575
5.2249999e-10 -0.6257869
5.1999999e-10 -0.653534
5.1749999e-10 -0.62779093
5.1499999e-10 -0.63880199
5.1249999e-10 -0.64331311
5.0999999e-10 -0.66873425
5.0749999e-10 -0.62816948
5.0499999e-10 -0.65311277
5.0249999e-10 -0.64934337
4.9999999e-10 -0.66338658
4.9749999e-10 -0.65180588
4.9499999e-10 -0.6739555
4.9249999e-10 -0.65305459
4.8999999e-10 -0.68378335
4.8749998e-10 -0.65552586
4.8499998e-10 -0.64538282
4.8249998e-10 -0.65029866
4.7999998e-10 -0.6545369
4.7749998e-10 -0.68138283
4.7499998e-10 -0.64374
4.7249998e-10 -0.64777642
4.6999998e-10 -0.6640451
4.6749998e-10 -0.6584301
4.6499998e-10 -0.65151167
4.6249998e-10 -0.68886089
4.5999998e-10 -0.68096095
4.5749998e-10 -0.65879428
4.5499998e-10 -0.70521784
4.5249998e-10 -0.67096931
4.4999998e-10 -0.66483134
4.4749998e-10 -0.66732347
4.4499998e-10 -0.6706534
4.4249998e-10 -0.62930566
4.3999998e-10 -0.65707242
4.3749998e-10 -0.70158732
4.3499998e-10 -0.65548247
4.3249998e-10 -0.65900183
4.2999998e-10 -0.68919396
4.2749998e-10 -0.66616613
4.2499998e-10 -0.66531932
4.2249998e-10 -0.69495136
4.1999998e-10 -0.68622744
4.1749998e-10 -0.68184745
4.1499998e-10 -0.68888289
4.1249998e-10 -0.68879151
4.0999998e-10 -0.70416766
4.0749998e-10 -0.68519664
4.0499998e-10 -0.68562478
4.0249998e-10 -0.71589565
3.9999998e-10 -0.69653934
3.9749998e-10 -0.6978972
3.9499998e-10 -0.68735307
3.9249998e-10 -0.73853487
3.8999998e-10 -0.69679588
3.8749998e-10 -0.69179964
3.8499998e-10 -0.71565998
3.8249998e-10 -0.70081967
3.7999998e-10 -0.72622275
3.7749998e-10 -0.70603597
3.7499998e-10 -0.69615149
3.7249998e-10 -0.71571267
3.6999998e-10 -0.70058388
3.6749997e-10 -0.73741174
3.6499997e-10 -0.74027109
3.6249997e-10 -0.7052924
3.5999997e-10 -0.74170923
3.5749997e-10 -0.76219344
3.5499997e-10 -0.73320192
3.5249997e-10 -0.76094115
3.4999997e-10 -0.68368572
3.4749997e-10 -0.72713876
3.4499997e-10 -0.74021959
3.4249997e-10 -0.74767989
3.3999997e-10 -0.7131533
3.3749997e-10 -0.74443173
3.3499997e-10 -0.7304334
3.3249997e-10 -0.75212419
3.2999997e-10 -0.76504552
3.2749997e-10 -0.76215166
3.2499997e-10 -0.72836536
3.2249997e-10 -0.73575968
3.1999997e-10 -0.75133777
3.1749997e-10 -0.77162707
3.1499997e-10 -0.7559914
3.1249997e-10 -0.7717858
3.0999997e-10 -0.77899313
3.0749997e-10 -0.79229146
3.0499997e-10 -0.7403782
3.0249997e-10 -0.80113882
2.9999997e-10 -0.76445198
2.9749997e-10 -0.7830711
2.9499997e-10 -0.783162
2.9249997e-10 -0.80300903
2.8999997e-10 -0.79983389
2.8749997e-10 -0.79083407
2.8499997e-10 -0.79668164
2.8249997e-10 -0.81380528
2.7999997e-10 -0.80988628
2.7749997e-10 -0.80462855
2.7499997e-10 -0.79810447
2.7249997e-10 -0.80162811
2.6999997e-10 -0.82529521
2.6749997e-10 -0.80129617
2.6499997e-10 -0.8200056
2.6249997e-10 -0.77684426
2.5999997e-10 -0.8146767
2.5749997e-10 -0.8296712
2.5499997e-10 -0.82030571
2.5249997e-10 -0.82209063
2.4999997e-10 -0.84442717
2.4749996e-10 -0.84575433
2.4499996e-10 -0.83203036
2.4249996e-10 -0.84667295
2.3999996e-10 -0.85247397
2.3749996e-10 -0.83458644
2.3499996e-10 -0.81901985
2.3249996e-10 -0.83366132
2.2999996e-10 -0.8530153
2.2749996e-10 -0.83681023
2.2499996e-10 -0.8420859
2.2249996e-10 -0.86842889
2.1999996e-10 -0.8623805
2.1749996e-10 -0.86660308
2.1499996e-10 -0.88930815
2.1249996e-10 -0.85031527
2.0999996e-10 -0.86292905
2.0749996e-10 -0.8821007
2.0499996e-10 -0.83932036
2.0249996e-10 -0.86538386
1.9999996e-10 -0.86381269
1.9749996e-10 -0.87353289
1.9499996e-10 -0.87734908
1.9249996e-10 -0.87073505
1.8999996e-10 -0.88902247
1.8749996e-10 -0.8700794
1.8499996e-10 -0.92545837
1.8249996e-10 -0.88517112
1.7999996e-10 -0.91524237
1.7749996e-10 -0.88885343
1.7499996e-10 -0.89867824
1.7249996e-10 -0.95170093
1.6999996e-10 -0.91900325
1.6749996e-10 -0.92177117
1.6499996e-10 -0.91425049
1.6249996e-10 -0.90564245
1.5999996e-10 -0.93079114
1.5749996e-10 -0.91201919
1.5499996e-10 -0.93601793
1.5249996e-10 -0.93700814
1.4999996e-10 -0.94439429
1.4749996e-10 -0.93288112
1.4499996e-10 -0.94560146
1.4249996e-10 -0.95006537
1.3999996e-10 -0.96033579
1.3749996e-10 -0.97691226
1.3499996e-10 -0.99005836
1.3249996e-10 -0.93337071
1.2999996e-10 -0.99061161
1.2749996e-10 -1.0172708
1.2499995e-10 -0.97380018
1.2249995e-10 -0.94648361
1.1999995e-10 -0.97929531
1.1749995e-10 -1.013437
1.1499995e-10 -0.99213612
1.1249995e-10 -0.99145377
1.0999995e-10 -0.99690175
1.0749995e-10 -1.0279003
1.0499995e-10 -1.0286068
1.0249995e-10 -1.0720052
9.9999953e-11 -1.046711
9.7499953e-11 -1.0401516
9.4999952e-11 -1.0483657
9.2499952e-11 -1.0437278
8.9999952e-11 -1.0837917
8.7499952e-11 -1.0556309
8.4999952e-11 -1.0754381
8.2499951e-11 -1.0742149
7.9999951e-11 -1.0986996
7.7499951e-11 -1.1059788
7.4999951e-11 -1.0943737
7.249995e-11 -1.1449605
6.999995e-11 -1.1245931
6.7500006e-11 -1.1297219
6.5000005e-11 -1.1436381
6.2500005e-11 -1.1386857
6.0000005e-11 -1.1453096
5.7500005e-11 -1.1481922
5.5000005e-11 -1.1787227
5.2500004e-11 -1.1713859
5.0000004e-11 -1.2049934
4.7500004e-11 -1.1637812
4.5000004e-11 -1.1891214
4.2500004e-11 -1.1947247
4.0000003e-11 -1.2023865
3.7500003e-11 -1.1902057
3.5000003e-11 -1.2158368
3.2500003e-11 -1.2285763
3.0000002e-11 -1.2315446
2.7500002e-11 -1.2303046
2.5000002e-11 -1.2262374
2.2500002e-11 -1.2268053
2.0000002e-11 -1.2699207
1.7500001e-11 -1.276224
1.5000001e-11 -1.2612772
1.2500001e-11 -1.3161589
1.0000001e-11 -1.2659031
7.5000006e-12 -1.2859062
5.0000004e-12 -1.3245366
2.5000002e-12 -1.3091923
0.0 -1.3385563
