9.9999997e-10 -0.5237816
9.9749997e-10 -0.52679354
9.9499997e-10 -0.54281867
9.9249997e-10 -0.52481866
9.8999997e-10 -0.52753979
9.8749997e-10 -0.53259844
9.8499997e-10 -0.5278675
9.8249997e-10 -0.5347231
9.7999997e-10 -0.51813167
9.7749997e-10 -0.54164374
9.7499997e-10 -0.53929037
9.7249997e-10 -0.56291193
9.6999997e-10 -0.53101629
9.6749997e-10 -0.54848975
9.6499997e-10 -0.52453256
9.6249997e-10 -0.5398919
9.5999997e-10 -0.51426387
9.5749997e-10 -0.52381009
9.5499997e-10 -0.5671894
9.5249997e-10 -0.5616622
9.4999997e-10 -0.57116139
9.4749997e-10 -0.55331486
9.4499997e-10 -0.5219149
9.4249997e-10 -0.53025484
9.3999997e-10 -0.50205868
9.3749997e-10 -0.53119975
9.3499997e-10 -0.54779214
9.3249997e-10 -0.52318829
9.2999997e-10 -0.54935855
9.2749997e-10 -0.56864905
9.2499997e-10 -0.54482096
9.2249997e-10 -0.54291129
9.1999997e-10 -0.5429548
9.1749996e-10 -0.53987062
9.1499996e-10 -0.53008848
9.1249996e-10 -0.55359554
9.0999996e-10 -0.57559001
9.0749996e-10 -0.5323627
9.0499996e-10 -0.55806673
9.0249996e-10 -0.55166709
8.9999996e-10 -0.54619998
8.9749996e-10 -0.59196395
8.9499996e-10 -0.57143652
8.9249996e-10 -0.58044553
8.8999996e-10 -0.5738638
8.8749996e-10 -0.55609483
8.8499996e-10 -0.56754512
8.8249996e-10 -0.5720737
8.7999996e-10 -0.56825507
8.7749996e-10 -0.55371875
8.7499996e-10 -0.55376935
8.7249996e-10 -0.54727364
8.6999996e-10 -0.52444744
8.6749996e-10 -0.58191961
8.6499996e-10 -0.5611555
8.6249996e-10 -0.53751904
8.5999996e-10 -0.55252808
8.5749996e-10 -0.53252095
8.5499996e-10 -0.55025131
8.5249996e-10 -0.54513943
8.4999996e-10 -0.5607605
8.4749996e-10 -0.57493591
8.4499996e-10 -0.54925328
8.4249996e-10 -0.57668751
8.3999996e-10 -0.55863309
8.3749996e-10 -0.58391541
8.3499996e-10 -0.5606938
8.3249996e-10 -0.58188713
8.2999996e-10 -0.53189445
8.2749996e-10 -0.55980211
8.2499996e-10 -0.54642558
8.2249996e-10 -0.56925887
8.1999996e-10 -0.55928814
8.1749996e-10 -0.57255548
8.1499996e-10 -0.5532549
8.1249996e-10 -0.55869937
8.0999996e-10 -0.56018531
8.0749996e-10 -0.58290637
8.0499996e-10 -0.55359453
8.0249996e-10 -0.56311327
7.9999996e-10 -0.57066655
7.9749995e-10 -0.59788114
7.9499995e-10 -0.549959
7.9249995e-10 -0.59786755
7.8999995e-10 -0.5921706
7.8749995e-10 -0.58775401
7.8499995e-10 -0.58472055
7.8249995e-10 -0.55840278
7.7999995e-10 -0.57507342
7.7749995e-10 -0.54560804
7.7499995e-10 -0.57495379
7.7249995e-10 -0.56624603
7.6999995e-10 -0.57965511
7.6749995e-10 -0.54703635
7.6499995e-10 -0.59020156
7.6249995e-10 -0.57071298
7.5999995e-10 -0.61241454
7.5749995e-10 -0.58450365
7.5499995e-10 -0.54756677
7.5249995e-10 -0.59751326
7.4999995e-10 -0.59929776
7.4749995e-10 -0.60531044
7.4499995e-10 -0.57899994
7.4249995e-10 -0.60674143
7.3999995e-10 -0.59647125
7.3749995e-10 -0.58530527
7.3499995e-10 -0.54124892
7.3249995e-10 -0.57510567
7.2999995e-10 -0.54915947
7.2749995e-10 -0.57271427
7.2499995e-10 -0.58521068
7.2249995e-10 -0.5444082
7.1999995e-10 -0.58341491
7.1749995e-10 -0.56715411
7.1499995e-10 -0.59631085
7.1249995e-10 -0.57856828
7.0999995e-10 -0.5777089
7.0749995e-10 -0.58366525
7.0499995e-10 -0.62907279
7.0249995e-10 -0.57352126
6.9999995e-10 -0.59961355
6.9749995e-10 -0.57749552
6.9499995e-10 -0.58856767
6.9249995e-10 -0.54891634
6.8999995e-10 -0.59982949
6.8749995e-10 -0.57966411
6.8499995e-10 -0.56778032
6.8249995e-10 -0.5991981
6.7999995e-10 -0.58300948
6.7749995e-10 -0.58002633
6.7499994e-10 -0.60842848
6.7249994e-10 -0.60044122
6.6999994e-10 -0.57600462
6.6749994e-10 -0.59598982
6.6499994e-10 -0.59114516
6.6249994e-10 -0.58676893
6.5999994e-10 -0.59450716
6.5749994e-10 -0.59822595
6.5499994e-10 -0.59446132
6.5249994e-10 -0.58979225
6.4999994e-10 -0.57296163
6.4749994e-10 -0.59510964
6.4499994e-10 -0.62106055
6.4249994e-10 -0.58600467
6.3999994e-10 -0.61076403
6.3749994e-10 -0.60227728
6.3499994e-10 -0.6040206
6.3249994e-10 -0.59463215
6.2999994e-10 -0.61495876
6.2749994e-10 -0.60044515
6.2499994e-10 -0.60414803
6.2249994e-10 -0.55671459
6.1999994e-10 -0.60197586
6.1749994e-10 -0.56122601
6.1499994e-10 -0.5870564
6.1249994e-10 -0.60916328
6.0999994e-10 -0.60980713
6.0749994e-10 -0.60825229
6.0499994e-10 -0.60202146
6.0249994e-10 -0.58955824
5.9999994e-10 -0.60098088
5.9749994e-10 -0.5738706
5.9499994e-10 -0.60670656
5.9249994e-10 -0.62583929
5.8999994e-10 -0.60346895
5.8749994e-10 -0.61370772
5.8499994e-10 -0.61827189
5.8249994e-10 -0.61945277
5.7999994e-10 -0.60589355
5.7749994e-10 -0.60352552
5.7499994e-10 -0.62043095
5.7249994e-10 -0.58782876
5.6999994e-10 -0.61881375
5.6749994e-10 -0.62605852
5.6499994e-10 -0.6224578
5.6249994e-10 -0.63004535
5.5999994e-10 -0.61909032
5.5749994e-10 -0.6172806
5.5499993e-10 -0.67547774
5.5249993e-10 -0.61205715
5.4999993e-10 -0.63973337
5.4749993e-10 -0.63110131
5.4499993e-10 -0.66986471
5.4249993e-10 -0.63160133
5.3999993e-10 -0.63117874
5.3749993e-10 -0.62663925
5.3499993e-10 -0.64584041
5.3249999e-10 -0.676171
5.2999999e-10 -0.64609087
5.2749999e-10 -0.64707839
5.2499999e-10 -0.62620389
5.2249999e-10 -0.64703357
5.1999999e-10 -0.64949274
5.1749999e-10 -0.65387589
5.1499999e-10 -0.68024021
5.1249999e-10 -0.65891594
5.0999999e-10 -0.64828843
5.0749999e-10 -0.6615957
5.0499999e-10 -0.67569655
5.0249999e-10 -0.64803725
4.9999999e-10 -0.62657893
4.9749999e-10 -0.65545034
4.9499999e-10 -0.68943059
4.9249999e-10 -0.68010408
4.8999999e-10 -0.67223865
4.8749998e-10 -0.6567418
4.8499998e-10 -0.69861245
4.8249998e-10 -0.64641947
4.7999998e-10 -0.66223091
4.7749998e-10 -0.68544805
4.7499998e-10 -0.67256749
4.7249998e-10 -0.69703442
4.6999998e-10 -0.70228183
4.6749998e-10 -0.70914346
4.6499998e-10 -0.68833375
4.6249998e-10 -0.68192786
4.5999998e-10 -0.69865245
4.5749998e-10 -0.70321405
4.5499998e-10 -0.71568227
4.5249998e-10 -0.73889303
4.4999998e-10 -0.70505404
4.4749998e-10 -0.71484691
4.4499998e-10 -0.71302474
4.4249998e-10 -0.73409212
4.3999998e-10 -0.70079941
4.3749998e-10 -0.73085707
4.3499998e-10 -0.73526472
4.3249998e-10 -0.74718863
4.2999998e-10 -0.70702511
4.2749998e-10 -0.75531995
4.2499998e-10 -0.70780569
4.2249998e-10 -0.722314
4.1999998e-10 -0.72969729
4.1749998e-10 -0.74716258
4.1499998e-10 -0.75932252
4.1249998e-10 -0.76871562
4.0999998e-10 -0.76925689
4.0749998e-10 -0.76237953
4.0499998e-10 -0.74883813
4.0249998e-10 -0.73878467
3.9999998e-10 -0.75186479
3.9749998e-10 -0.76900488
3.9499998e-10 -0.74379462
3.9249998e-10 -0.79327208
3.8999998e-10 -0.77913356
3.8749998e-10 -0.75276184
3.8499998e-10 -0.74231851
3.8249998e-10 -0.78257871
3.7999998e-10 -0.80828112
3.7749998e-10 -0.80473256
3.7499998e-10 -0.77186543
3.7249998e-10 -0.79937011
3.6999998e-10 -0.80111802
3.6749997e-10 -0.7814827
3.6499997e-10 -0.77920747
3.6249997e-10 -0.78977996
3.5999997e-10 -0.79806703
3.5749997e-10 -0.83296096
3.5499997e-10 -0.80084431
3.5249997e-10 -0.82485718
3.4999997e-10 -0.78903377
3.4749997e-10 -0.82909709
3.4499997e-10 -0.78970313
3.4249997e-10 -0.80882728
3.3999997e-10 -0.79147196
3.3749997e-10 -0.8153339
3.3499997e-10 -0.81922215
3.3249997e-10 -0.8385002
3.2999997e-10 -0.80508965
3.2749997e-10 -0.8295545
3.2499997e-10 -0.79657739
3.2249997e-10 -0.82548279
3.1999997e-10 -0.84246582
3.1749997e-10 -0.83235395
3.1499997e-10 -0.80978394
3.1249997e-10 -0.82952869
3.0999997e-10 -0.81730974
3.0749997e-10 -0.82386094
3.0499997e-10 -0.83901483
3.0249997e-10 -0.80189127
2.9999997e-10 -0.79971915
2.9749997e-10 -0.83254164
2.9499997e-10 -0.80869281
2.9249997e-10 -0.8209849
2.8999997e-10 -0.8376655
2.8749997e-10 -0.81152421
2.8499997e-10 -0.79766434
2.8249997e-10 -0.82064611
2.7999997e-10 -0.83319426
2.7749997e-10 -0.81815034
2.7499997e-10 -0.81430936
2.7249997e-10 -0.82021153
2.6999997e-10 -0.83517683
2.6749997e-10 -0.82289314
2.6499997e-10 -0.81377023
2.6249997e-10 -0.8385275
2.5999997e-10 -0.81660229
2.5749997e-10 -0.83965224
2.5499997e-10 -0.84576941
2.5249997e-10 -0.85116309
2.4999997e-10 -0.825064
2.4749996e-10 -0.83793187
2.4499996e-10 -0.87759548
2.4249996e-10 -0.85934651
2.3999996e-10 -0.83112234
2.3749996e-10 -0.82972944
2.3499996e-10 -0.85366797
2.3249996e-10 -0.84990984
2.2999996e-10 -0.86561424
2.2749996e-10 -0.83143574
2.2499996e-10 -0.85919893
2.2249996e-10 -0.87347358
2.1999996e-10 -0.880876
2.1749996e-10 -0.86074322
2.1499996e-10 -0.87505352
2.1249996e-10 -0.87760359
2.0999996e-10 -0.90114599
2.0749996e-10 -0.8719964
2.0499996e-10 -0.8692807
2.0249996e-10 -0.8832283
1.9999996e-10 -0.87317145
1.9749996e-10 -0.86378014
1.9499996e-10 -0.88990039
1.9249996e-10 -0.88052219
1.8999996e-10 -0.90566939
1.8749996e-10 -0.88071793
1.8499996e-10 -0.90582806
1.8249996e-10 -0.89747983
1.7999996e-10 -0.91920352
1.7749996e-10 -0.93473166
1.7499996e-10 -0.91464722
1.7249996e-10 -0.92147231
1.6999996e-10 -0.90307122
1.6749996e-10 -0.92486674
1.6499996e-10 -0.94491321
1.6249996e-10 -0.95849061
1.5999996e-10 -0.933662
1.5749996e-10 -0.93993586
1.5499996e-10 -0.93266129
1.5249996e-10 -0.96937048
1.4999996e-10 -0.96372312
1.4749996e-10 -0.94821543
1.4499996e-10 -0.98185384
1.4249996e-10 -0.96194845
1.3999996e-10 -0.98848462
1.3749996e-10 -0.96194613
1.3499996e-10 -0.99775094
1.3249996e-10 -0.97580481
1.2999996e-10 -0.99194354
1.2749996e-10 -0.99491608
1.2499995e-10 -1.0034291
1.2249995e-10 -0.99473989
1.1999995e-10 -0.99099582
1.1749995e-10 -0.98833263
1.1499995e-10 -0.99980485
1.1249995e-10 -1.005017
1.0999995e-10 -1.0275545
1.0749995e-10 -1.003569
1.0499995e-10 -1.037977
1.0249995e-10 -1.0270377
9.9999953e-11 -1.0503669
9.7499953e-11 -1.0565003
9.4999952e-11 -1.0242277
9.2499952e-11 -1.0671123
8.9999952e-11 -1.0623914
8.7499952e-11 -1.0621307
8.4999952e-11 -1.0947068
8.2499951e-11 -1.0512426
7.9999951e-11 -1.0698177
7.7499951e-11 -1.082471
7.4999951e-11 -1.0790588
7.249995e-11 -1.0664269
6.999995e-11 -1.1278609
6.7500006e-11 -1.1223191
6.5000005e-11 -1.1075792
6.2500005e-11 -1.1382931
6.0000005e-11 -1.1224189
5.7500005e-11 -1.1287113
5.5000005e-11 -1.1312778
5.2500004e-11 -1.1290264
5.0000004e-11 -1.1149614
4.7500004e-11 -1.1518087
4.5000004e-11 -1.1716405
4.2500004e-11 -1.1711931
4.0000003e-11 -1.1612335
3.7500003e-11 -1.1716043
3.5000003e-11 -1.1837451
3.2500003e-11 -1.1816965
3.0000002e-11 -1.1919316
2.7500002e-11 -1.1971776
2.5000002e-11 -1.2031609
2.2500002e-11 -1.1971002
2.0000002e-11 -1.1777517
1.7500001e-11 -1.244741
1.5000001e-11 -1.2207208
1.2500001e-11 -1.2017093
1.0000001e-11 -1.2653204
7.5000006e-12 -1.2552081
5.0000004e-12 -1.2515407
2.5000002e-12 -1.2818662
0.0 -1.29195
