9.9999997e-10 -0.53423798
9.9749997e-10 -0.51767665
9.9499997e-10 -0.5053305
9.9249997e-10 -0.54525101
9.8999997e-10 -0.52268004
9.8749997e-10 -0.53465229
9.8499997e-10 -0.55637056
9.8249997e-10 -0.50778633
9.7999997e-10 -0.49435836
9.7749997e-10 -0.51515299
9.7499997e-10 -0.53871667
9.7249997e-10 -0.54090589
9.6999997e-10 -0.53094441
9.6749997e-10 -0.50914192
9.6499997e-10 -0.51418871
9.6249997e-10 -0.51234287
9.5999997e-10 -0.5293923
9.5749997e-10 -0.52609682
9.5499997e-10 -0.51232404
9.5249997e-10 -0.50713986
9.4999997e-10 -0.53210467
9.4749997e-10 -0.50629395
9.4499997e-10 -0.53261411
9.4249997e-10 -0.51047039
9.3999997e-10 -0.50385767
9.3749997e-10 -0.570324
9.3499997e-10 -0.49300772
9.3249997e-10 -0.5592221
9.2999997e-10 -0.54744458
9.2749997e-10 -0.51681745
9.2499997e-10 -0.51856428
9.2249997e-10 -0.51933843
9.1999997e-10 -0.53540272
9.1749996e-10 -0.52175331
9.1499996e-10 -0.54745901
9.1249996e-10 -0.50839955
9.0999996e-10 -0.52528596
9.0749996e-10 -0.53961962
9.0499996e-10 -0.54229939
9.0249996e-10 -0.5472635
8.9999996e-10 -0.52384138
8.9749996e-10 -0.5384841
8.9499996e-10 -0.51893902
8.9249996e-10 -0.52817672
8.8999996e-10 -0.55776238
8.8749996e-10 -0.52425927
8.8499996e-10 -0.51391077
8.8249996e-10 -0.50660229
8.7999996e-10 -0.5568924
8.7749996e-10 -0.52594113
8.7499996e-10 -0.57023144
8.7249996e-10 -0.52029681
8.6999996e-10 -0.55873644
8.6749996e-10 -0.54911619
8.6499996e-10 -0.55858338
8.6249996e-10 -0.53960204
8.5999996e-10 -0.53317761
8.5749996e-10 -0.5177148
8.5499996e-10 -0.55021715
8.5249996e-10 -0.53881264
8.4999996e-10 -0.57363027
8.4749996e-10 -0.52939153
8.4499996e-10 -0.53320241
8.4249996e-10 -0.55016255
8.3999996e-10 -0.5523476
8.3749996e-10 -0.51790959
8.3499996e-10 -0.55014843
8.3249996e-10 -0.54719359
8.2999996e-10 -0.52327394
8.2749996e-10 -0.55065984
8.2499996e-10 -0.55521715
8.2249996e-10 -0.56436121
8.1999996e-10 -0.56988329
8.1749996e-10 -0.54160303
8.1499996e-10 -0.56408238
8.1249996e-10 -0.58604455
8.0999996e-10 -0.55503625
8.0749996e-10 -0.54898924
8.0499996e-10 -0.56339854
8.0249996e-10 -0.57393271
7.9999996e-10 -0.57063001
7.9749995e-10 -0.5682264
7.9499995e-10 -0.53581285
7.9249995e-10 -0.55851912
7.8999995e-10 -0.52827901
7.8749995e-10 -0.56978601
7.8499995e-10 -0.54557389
7.8249995e-10 -0.58202988
7.7999995e-10 -0.56263971
7.7749995e-10 -0.56394786
7.7499995e-10 -0.56855893
7.7249995e-10 -0.57014972
7.6999995e-10 -0.5532375
7.6749995e-10 -0.54888171
7.6499995e-10 -0.57949215
7.6249995e-10 -0.57038915
7.5999995e-10 -0.58040321
7.5749995e-10 -0.56829584
7.5499995e-10 -0.5574531
7.5249995e-10 -0.58206517
7.4999995e-10 -0.57178706
7.4749995e-10 -0.59383559
7.4499995e-10 -0.58004391
7.4249995e-10 -0.55954564
7.3999995e-10 -0.56456167
7.3749995e-10 -0.58895975
7.3499995e-10 -0.56959736
7.3249995e-10 -0.56886476
7.2999995e-10 -0.5418151
7.2749995e-10 -0.58979583
7.2499995e-10 -0.57039416
7.2249995e-10 -0.57009119
7.1999995e-10 -0.59859151
7.1749995e-10 -0.58750951
7.1499995e-10 -0.58573133
7.1249995e-10 -0.56079799
7.0999995e-10 -0.56462747
7.0749995e-10 -0.61111414
7.0499995e-10 -0.58188802
7.0249995e-10 -0.55444628
6.9999995e-10 -0.55377519
6.9749995e-10 -0.57325357
6.9499995e-10 -0.61181813
6.9249995e-10 -0.5511353
6.8999995e-10 -0.57496631
6.8749995e-10 -0.58409244
6.8499995e-10 -0.62580413
6.8249995e-10 -0.5819329
6.7999995e-10 -0.58663201
6.7749995e-10 -0.58109844
6.7499994e-10 -0.53710079
6.7249994e-10 -0.56525475
6.6999994e-10 -0.60479021
6.6749994e-10 -0.58921939
6.6499994e-10 -0.60110438
6.6249994e-10 -0.58264822
6.5999994e-10 -0.59085035
6.5749994e-10 -0.58745682
6.5499994e-10 -0.55522358
6.5249994e-10 -0.60116339
6.4999994e-10 -0.57267839
6.4749994e-10 -0.62135679
6.4499994e-10 -0.59149468
6.4249994e-10 -0.60560524
6.3999994e-10 -0.58190423
6.3749994e-10 -0.57626402
6.3499994e-10 -0.58761567
6.3249994e-10 -0.6089291
6.2999994e-10 -0.59162968
6.2749994e-10 -0.60630834
6.2499994e-10 -0.62979072
6.2249994e-10 -0.5554179
6.1999994e-10 -0.61834186
6.1749994e-10 -0.60785353
6.1499994e-10 -0.62908316
6.1249994e-10 -0.55548763
6.0999994e-10 -0.59041989
6.0749994e-10 -0.6173709
6.0499994e-10 -0.6127367
6.0249994e-10 -0.63602281
5.9999994e-10 -0.64485556
5.9749994e-10 -0.6362198
5.9499994e-10 -0.58535326
5.9249994e-10 -0.64455312
5.8999994e-10 -0.64011675
5.8749994e-10 -0.63297814
5.8499994e-10 -0.63177496
5.8249994e-10 -0.61057162
5.7999994e-10 -0.63844049
5.7749994e-10 -0.64879853
5.7499994e-10 -0.60055387
5.7249994e-10 -0.63884246
5.6999994e-10 -0.62878525
5.6749994e-10 -0.66012651
5.6499994e-10 -0.62126881
5.6249994e-10 -0.60996425
5.5999994e-10 -0.64153475
5.5749994e-10 -0.60226595
5.5499993e-10 -0.61827672
5.5249993e-10 -0.63168764
5.4999993e-10 -0.63613856
5.4749993e-10 -0.66372889
5.4499993e-10 -0.63888305
5.4249993e-10 -0.63107067
5.3999993e-10 -0.61209756
5.3749993e-10 -0.66007382
5.3499993e-10 -0.64450318
5.3249999e-10 -0.65000629
5.2999999e-10 -0.65260661
5.2749999e-10 -0.62942535
5.2499999e-10 -0.67647886
5.2249999e-10 -0.6444537
5.1999999e-10 -0.658979
5.1749999e-10 -0.61385494
5.1499999e-10 -0.64513016
5.1249999e-10 -0.66553545
5.0999999e-10 -0.64358145
5.0749999e-10 -0.65502131
5.0499999e-10 -0.66327929
5.0249999e-10 -0.65123588
4.9999999e-10 -0.64082748
4.9749999e-10 -0.65993339
4.9499999e-10 -0.68560576
4.9249999e-10 -0.68391788
4.8999999e-10 -0.70743781
4.8749998e-10 -0.6799016
4.8499998e-10 -0.69749439
4.8249998e-10 -0.70327526
4.7999998e-10 -0.69580507
4.7749998e-10 -0.63893342
4.7499998e-10 -0.6684655
4.7249998e-10 -0.7027598
4.6999998e-10 -0.69154811
4.6749998e-10 -0.68864429
4.6499998e-10 -0.69861627
4.6249998e-10 -0.70334017
4.5999998e-10 -0.70913607
4.5749998e-10 -0.71904826
4.5499998e-10 -0.73517489
4.5249998e-10 -0.71063977
4.4999998e-10 -0.70902187
4.4749998e-10 -0.72063506
4.4499998e-10 -0.69611454
4.4249998e-10 -0.72262555
4.3999998e-10 -0.72969615
4.3749998e-10 -0.74787831
4.3499998e-10 -0.76105738
4.3249998e-10 -0.72721606
4.2999998e-10 -0.72878796
4.2749998e-10 -0.7535122
4.2499998e-10 -0.75606793
4.2249998e-10 -0.7577163
4.1999998e-10 -0.74326777
4.1749998e-10 -0.72472095
4.1499998e-10 -0.73511726
4.1249998e-10 -0.77429765
4.0999998e-10 -0.75030714
4.0749998e-10 -0.74548042
4.0499998e-10 -0.77113014
4.0249998e-10 -0.74235451
3.9999998e-10 -0.77889276
3.9749998e-10 -0.76364416
3.9499998e-10 -0.76123762
3.9249998e-10 -0.76109791
3.8999998e-10 -0.74942714
3.8749998e-10 -0.78087336
3.8499998e-10 -0.75095218
3.8249998e-10 -0.76429337
3.7999998e-10 -0.7597003
3.7749998e-10 -0.7873798
3.7499998e-10 -0.76630944
3.7249998e-10 -0.76193845
3.6999998e-10 -0.77743053
3.6749997e-10 -0.78181303
3.6499997e-10 -0.76849192
3.6249997e-10 -0.80203134
3.5999997e-10 -0.75393963
3.5749997e-10 -0.77840507
3.5499997e-10 -0.76809138
3.5249997e-10 -0.80128294
3.4999997e-10 -0.784437
3.4749997e-10 -0.76961815
3.4499997e-10 -0.76993138
3.4249997e-10 -0.77832139
3.3999997e-10 -0.78591698
3.3749997e-10 -0.75795907
3.3499997e-10 -0.78354961
3.3249997e-10 -0.77128088
3.2999997e-10 -0.77423906
3.2749997e-10 -0.79229236
3.2499997e-10 -0.79830837
3.2249997e-10 -0.78345937
3.1999997e-10 -0.80983448
3.1749997e-10 -0.77871168
3.1499997e-10 -0.79087192
3.1249997e-10 -0.77472597
3.0999997e-10 -0.74706799
3.0749997e-10 -0.80183971
3.0499997e-10 -0.75486946
3.0249997e-10 -0.80439198
2.9999997e-10 -0.77859199
2.9749997e-10 -0.7938959
2.9499997e-10 -0.79827416
2.9249997e-10 -0.78677803
2.8999997e-10 -0.78950351
2.8749997e-10 -0.78717762
2.8499997e-10 -0.76849633
2.8249997e-10 -0.77841276
2.7999997e-10 -0.78731287
2.7749997e-10 -0.77986771
2.7499997e-10 -0.80671448
2.7249997e-10 -0.7895928
2.6999997e-10 -0.81910884
2.6749997e-10 -0.81015658
2.6499997e-10 -0.81014711
2.6249997e-10 -0.81315786
2.5999997e-10 -0.81723857
2.5749997e-10 -0.80446398
2.5499997e-10 -0.82674724
2.5249997e-10 -0.81643009
2.4999997e-10 -0.78940105
2.4749996e-10 -0.80371869
2.4499996e-10 -0.83108985
2.4249996e-10 -0.82176441
2.3999996e-10 -0.83327281
2.3749996e-10 -0.83431363
2.3499996e-10 -0.83220273
2.3249996e-10 -0.85244548
2.2999996e-10 -0.83797234
2.2749996e-10 -0.85938549
2.2499996e-10 -0.83120376
2.2249996e-10 -0.87023646
2.1999996e-10 -0.86941051
2.1749996e-10 -0.85985285
2.1499996e-10 -0.87882572
2.1249996e-10 -0.8688612
2.0999996e-10 -0.86170399
2.0749996e-10 -0.85756332
2.0499996e-10 -0.87364042
2.0249996e-10 -0.86001009
1.9999996e-10 -0.88563102
1.9749996e-10 -0.90664136
1.9499996e-10 -0.87740839
1.9249996e-10 -0.89505762
1.8999996e-10 -0.90880507
1.8749996e-10 -0.8823846
1.8499996e-10 -0.88822782
1.8249996e-10 -0.88075709
1.7999996e-10 -0.8732394
1.7749996e-10 -0.91988569
1.7499996e-10 -0.93643302
1.7249996e-10 -0.88903391
1.6999996e-10 -0.90102035
1.6749996e-10 -0.92054218
1.6499996e-10 -0.90153497
1.6249996e-10 -0.9283126
1.5999996e-10 -0.91814214
1.5749996e-10 -0.94275969
1.5499996e-10 -0.92383951
1.5249996e-10 -0.93824267
1.4999996e-10 -0.93344283
1.4749996e-10 -0.95304167
1.4499996e-10 -0.92940861
1.4249996e-10 -0.9651913
1.3999996e-10 -0.96702838
1.3749996e-10 -0.93956047
1.3499996e-10 -0.98196048
1.3249996e-10 -0.97153121
1.2999996e-10 -0.97650474
1.2749996e-10 -0.95607829
1.2499995e-10 -0.98199737
1.2249995e-10 -0.98961246
1.1999995e-10 -0.99999905
1.1749995e-10 -1.0255152
1.1499995e-10 -0.99509108
1.1249995e-10 -1.0261011
1.0999995e-10 -0.99862844
1.0749995e-10 -1.0227106
1.0499995e-10 -0.97792339
1.0249995e-10 -1.0129938
9.9999953e-11 -1.0430917
9.7499953e-11 -1.0149711
9.4999952e-11 -1.048061
9.2499952e-11 -1.0190934
8.9999952e-11 -1.0273068
8.7499952e-11 -1.0740983
8.4999952e-11 -1.0455159
8.2499951e-11 -1.057101
7.9999951e-11 -1.0820229
7.7499951e-11 -1.0733134
7.4999951e-11 -1.0931798
7.249995e-11 -1.0482569
6.999995e-11 -1.1118413
6.7500006e-11 -1.1207308
6.5000005e-11 -1.0933999
6.2500005e-11 -1.0917386
6.0000005e-11 -1.1020306
5.7500005e-11 -1.134396
5.5000005e-11 -1.1039642
5.2500004e-11 -1.1352664
5.0000004e-11 -1.1309507
4.7500004e-11 -1.1497703
4.5000004e-11 -1.1417757
4.2500004e-11 -1.1510788
4.0000003e-11 -1.1620761
3.7500003e-11 -1.1782773
3.5000003e-11 -1.171917
3.2500003e-11 -1.1796815
3.0000002e-11 -1.1801227
2.7500002e-11 -1.1981475
2.5000002e-11 -1.1781214
2.2500002e-11 -1.2060194
2.0000002e-11 -1.1842362
1.7500001e-11 -1.191066
1.5000001e-11 -1.1969067
1.2500001e-11 -1.2209979
1.0000001e-11 -1.2288263
7.5000006e-12 -1.2207999
5.0000004e-12 -1.2755126
2.5000002e-12 -1.2549242
0.0 -1.2652485
