9.9999997e-10 -0.49948192
9.9749997e-10 -0.48975912
9.9499997e-10 -0.52033293
9.9249997e-10 -0.50457633
9.8999997e-10 -0.54548067
9.8749997e-10 -0.50424415
9.8499997e-10 -0.5340836
9.8249997e-10 -0.50096565
9.7999997e-10 -0.51267296
9.7749997e-10 -0.51194817
9.7499997e-10 -0.49092478
9.7249997e-10 -0.52934057
9.6999997e-10 -0.50155783
9.6749997e-10 -0.46593735
9.6499997e-10 -0.5223574
9.6249997e-10 -0.51193815
9.5999997e-10 -0.48805729
9.5749997e-10 -0.51930463
9.5499997e-10 -0.5082193
9.5249997e-10 -0.54589283
9.4999997e-10 -0.54301661
9.4749997e-10 -0.52134877
9.4499997e-10 -0.48212186
9.4249997e-10 -0.5011403
9.3999997e-10 -0.49878845
9.3749997e-10 -0.50436801
9.3499997e-10 -0.54490966
9.3249997e-10 -0.49602968
9.2999997e-10 -0.5330072
9.2749997e-10 -0.5309028
9.2499997e-10 -0.51854193
9.2249997e-10 -0.51934665
9.1999997e-10 -0.51895469
9.1749996e-10 -0.50414973
9.1499996e-10 -0.50501674
9.1249996e-10 -0.52067214
9.0999996e-10 -0.50320482
9.0749996e-10 -0.49346024
9.0499996e-10 -0.49308881
9.0249996e-10 -0.53642571
8.9999996e-10 -0.55570138
8.9749996e-10 -0.52790409
8.9499996e-10 -0.53691614
8.9249996e-10 -0.52169919
8.8999996e-10 -0.51475459
8.8749996e-10 -0.52834481
8.8499996e-10 -0.52921277
8.8249996e-10 -0.53834349
8.7999996e-10 -0.52121073
8.7749996e-10 -0.5272758
8.7499996e-10 -0.52494693
8.7249996e-10 -0.53954417
8.6999996e-10 -0.54082161
8.6749996e-10 -0.5325169
8.6499996e-10 -0.52782553
8.6249996e-10 -0.51489538
8.5999996e-10 -0.55515277
8.5749996e-10 -0.54422873
8.5499996e-10 -0.54182482
8.5249996e-10 -0.53724909
8.4999996e-10 -0.52333546
8.4749996e-10 -0.51401258
8.4499996e-10 -0.55597341
8.4249996e-10 -0.53597808
8.3999996e-10 -0.56497097
8.3749996e-10 -0.5139578
8.3499996e-10 -0.56101531
8.3249996e-10 -0.54825056
8.2999996e-10 -0.53059131
8.2749996e-10 -0.54619491
8.2499996e-10 -0.54388195
8.2249996e-10 -0.55201662
8.1999996e-10 -0.53924072
8.1749996e-10 -0.53750849
8.1499996e-10 -0.55509216
8.1249996e-10 -0.53266644
8.0999996e-10 -0.55489582
8.0749996e-10 -0.53171682
8.0499996e-10 -0.52955252
8.0249996e-10 -0.53111935
7.9999996e-10 -0.56599081
7.9749995e-10 -0.5371353
7.9499995e-10 -0.54712474
7.9249995e-10 -0.50809848
7.8999995e-10 -0.5181002
7.8749995e-10 -0.55050731
7.8499995e-10 -0.53610098
7.8249995e-10 -0.54397362
7.7999995e-10 -0.54065043
7.7749995e-10 -0.53774518
7.7499995e-10 -0.56218302
7.7249995e-10 -0.54120862
7.6999995e-10 -0.53929102
7.6749995e-10 -0.53635818
7.6499995e-10 -0.55258918
7.6249995e-10 -0.53771472
7.5999995e-10 -0.54850852
7.5749995e-10 -0.51474136
7.5499995e-10 -0.54143298
7.5249995e-10 -0.56394506
7.4999995e-10 -0.54502183
7.4749995e-10 -0.53778535
7.4499995e-10 -0.56669867
7.4249995e-10 -0.54941112
7.3999995e-10 -0.52942723
7.3749995e-10 -0.55496103
7.3499995e-10 -0.56889254
7.3249995e-10 -0.56650263
7.2999995e-10 -0.52473873
7.2749995e-10 -0.53025454
7.2499995e-10 -0.55733466
7.2249995e-10 -0.56097394
7.1999995e-10 -0.5714494
7.1749995e-10 -0.53902608
7.1499995e-10 -0.58247566
7.1249995e-10 -0.55990577
7.0999995e-10 -0.53312743
7.0749995e-10 -0.54162741
7.0499995e-10 -0.58159667
7.0249995e-10 -0.55643696
6.9999995e-10 -0.57880282
6.9749995e-10 -0.50735688
6.9499995e-10 -0.55012238
6.9249995e-10 -0.55318624
6.8999995e-10 -0.57500279
6.8749995e-10 -0.55648571
6.8499995e-10 -0.5577361
6.8249995e-10 -0.58089763
6.7999995e-10 -0.56560242
6.7749995e-10 -0.56965721
6.7499994e-10 -0.55673206
6.7249994e-10 -0.55560756
6.6999994e-10 -0.57289892
6.6749994e-10 -0.56890094
6.6499994e-10 -0.6002115
6.6249994e-10 -0.55774975
6.5999994e-10 -0.58249724
6.5749994e-10 -0.58777732
6.5499994e-10 -0.55220711
6.5249994e-10 -0.56200075
6.4999994e-10 -0.54787391
6.4749994e-10 -0.55906087
6.4499994e-10 -0.58457947
6.4249994e-10 -0.57074332
6.3999994e-10 -0.56997669
6.3749994e-10 -0.56256843
6.3499994e-10 -0.58244467
6.3249994e-10 -0.58200377
6.2999994e-10 -0.58997786
6.2749994e-10 -0.59364045
6.2499994e-10 -0.57493752
6.2249994e-10 -0.59241563
6.1999994e-10 -0.5952484
6.1749994e-10 -0.60844952
6.1499994e-10 -0.60998142
6.1249994e-10 -0.58716047
6.0999994e-10 -0.58324677
6.0749994e-10 -0.59961987
6.0499994e-10 -0.61620444
6.0249994e-10 -0.5766784
5.9999994e-10 -0.59693456
5.9749994e-10 -0.63638985
5.9499994e-10 -0.58739257
5.9249994e-10 -0.59160954
5.8999994e-10 -0.60687411
5.8749994e-10 -0.60493469
5.8499994e-10 -0.61694092
5.8249994e-10 -0.60849398
5.7999994e-10 -0.61363655
5.7749994e-10 -0.62110043
5.7499994e-10 -0.60595924
5.7249994e-10 -0.61814624
5.6999994e-10 -0.62054551
5.6749994e-10 -0.64402103
5.6499994e-10 -0.6412673
5.6249994e-10 -0.66719729
5.5999994e-10 -0.61914837
5.5749994e-10 -0.64614046
5.5499993e-10 -0.63072759
5.5249993e-10 -0.64752662
5.4999993e-10 -0.66385382
5.4749993e-10 -0.66136885
5.4499993e-10 -0.6931873
5.4249993e-10 -0.66228324
5.3999993e-10 -0.7112726
5.3749993e-10 -0.66717827
5.3499993e-10 -0.68677884
5.3249999e-10 -0.67715371
5.2999999e-10 -0.70604122
5.2749999e-10 -0.68949395
5.2499999e-10 -0.69392818
5.2249999e-10 -0.72303915
5.1999999e-10 -0.71797407
5.1749999e-10 -0.68944293
5.1499999e-10 -0.69279367
5.1249999e-10 -0.73354495
5.0999999e-10 -0.7189514
5.0749999e-10 -0.70206052
5.0499999e-10 -0.71371067
5.0249999e-10 -0.71932071
4.9999999e-10 -0.72167188
4.9749999e-10 -0.7281217
4.9499999e-10 -0.73176706
4.9249999e-10 -0.71674579
4.8999999e-10 -0.75594962
4.8749998e-10 -0.70756245
4.8499998e-10 -0.71685457
4.8249998e-10 -0.7201851
4.7999998e-10 -0.74290162
4.7749998e-10 -0.74537778
4.7499998e-10 -0.73699129
4.7249998e-10 -0.74897587
4.6999998e-10 -0.73915523
4.6749998e-10 -0.74528104
4.6499998e-10 -0.74992418
4.6249998e-10 -0.74540186
4.5999998e-10 -0.7469945
4.5749998e-10 -0.76034838
4.5499998e-10 -0.73735642
4.5249998e-10 -0.74255407
4.4999998e-10 -0.75752223
4.4749998e-10 -0.74991214
4.4499998e-10 -0.71442378
4.4249998e-10 -0.72184956
4.3999998e-10 -0.75946057
4.3749998e-10 -0.75507581
4.3499998e-10 -0.77273673
4.3249998e-10 -0.73423755
4.2999998e-10 -0.72414255
4.2749998e-10 -0.74594474
4.2499998e-10 -0.74173272
4.2249998e-10 -0.73150432
4.1999998e-10 -0.74793351
4.1749998e-10 -0.72781372
4.1499998e-10 -0.74966931
4.1249998e-10 -0.74567097
4.0999998e-10 -0.71014887
4.0749998e-10 -0.73427373
4.0499998e-10 -0.74436116
4.0249998e-10 -0.72511005
3.9999998e-10 -0.69927919
3.9749998e-10 -0.69672251
3.9499998e-10 -0.73208487
3.9249998e-10 -0.74386901
3.8999998e-10 -0.71071589
3.8749998e-10 -0.69386619
3.8499998e-10 -0.7074098
3.8249998e-10 -0.72129959
3.7999998e-10 -0.71762544
3.7749998e-10 -0.73725939
3.7499998e-10 -0.72441924
3.7249998e-10 -0.71699876
3.6999998e-10 -0.70423913
3.6749997e-10 -0.71342683
3.6499997e-10 -0.74329293
3.6249997e-10 -0.71492195
3.5999997e-10 -0.73653138
3.5749997e-10 -0.7017194
3.5499997e-10 -0.72028732
3.5249997e-10 -0.71981239
3.4999997e-10 -0.73999745
3.4749997e-10 -0.735973
3.4499997e-10 -0.70779115
3.4249997e-10 -0.71018577
3.3999997e-10 -0.7438941
3.3749997e-10 -0.74278063
3.3499997e-10 -0.7452209
3.3249997e-10 -0.7101506
3.2999997e-10 -0.7043612
3.2749997e-10 -0.75549573
3.2499997e-10 -0.72582924
3.2249997e-10 -0.75921416
3.1999997e-10 -0.75228256
3.1749997e-10 -0.73669142
3.1499997e-10 -0.7356286
3.1249997e-10 -0.75871813
3.0999997e-10 -0.7606613
3.0749997e-10 -0.77515376
3.0499997e-10 -0.75492793
3.0249997e-10 -0.75334913
2.9999997e-10 -0.77326149
2.9749997e-10 -0.73156512
2.9499997e-10 -0.75099862
2.9249997e-10 -0.76366299
2.8999997e-10 -0.75799775
2.8749997e-10 -0.76229459
2.8499997e-10 -0.74842805
2.8249997e-10 -0.79969972
2.7999997e-10 -0.76882726
2.7749997e-10 -0.78709966
2.7499997e-10 -0.78490275
2.7249997e-10 -0.80645782
2.6999997e-10 -0.79160696
2.6749997e-10 -0.78944677
2.6499997e-10 -0.82816452
2.6249997e-10 -0.81102592
2.5999997e-10 -0.80097741
2.5749997e-10 -0.82942605
2.5499997e-10 -0.79003608
2.5249997e-10 -0.80375099
2.4999997e-10 -0.8151747
2.4749996e-10 -0.83363056
2.4499996e-10 -0.81827372
2.4249996e-10 -0.83484495
2.3999996e-10 -0.81606251
2.3749996e-10 -0.81375009
2.3499996e-10 -0.82290161
2.3249996e-10 -0.84197485
2.2999996e-10 -0.86274803
2.2749996e-10 -0.80364132
2.2499996e-10 -0.8563925
2.2249996e-10 -0.81376177
2.1999996e-10 -0.82467395
2.1749996e-10 -0.84929216
2.1499996e-10 -0.82546288
2.1249996e-10 -0.83680719
2.0999996e-10 -0.8464241
2.0749996e-10 -0.85196525
2.0499996e-10 -0.86877769
2.0249996e-10 -0.88607794
1.9999996e-10 -0.85948074
1.9749996e-10 -0.88602024
1.9499996e-10 -0.85640991
1.9249996e-10 -0.894813
1.8999996e-10 -0.88219035
1.8749996e-10 -0.89672136
1.8499996e-10 -0.90929067
1.8249996e-10 -0.91318017
1.7999996e-10 -0.91681337
1.7749996e-10 -0.87214524
1.7499996e-10 -0.92866421
1.7249996e-10 -0.91044253
1.6999996e-10 -0.92956263
1.6749996e-10 -0.92470151
1.6499996e-10 -0.93007094
1.6249996e-10 -0.92093235
1.5999996e-10 -0.91651624
1.5749996e-10 -0.93155128
1.5499996e-10 -0.94511521
1.5249996e-10 -0.94678432
1.4999996e-10 -0.96043301
1.4749996e-10 -0.94085968
1.4499996e-10 -0.95275444
1.4249996e-10 -0.98184913
1.3999996e-10 -0.95919454
1.3749996e-10 -0.95366549
1.3499996e-10 -0.97340983
1.3249996e-10 -0.98104829
1.2999996e-10 -0.96662593
1.2749996e-10 -1.005704
1.2499995e-10 -0.97915876
1.2249995e-10 -0.97333354
1.1999995e-10 -0.9798618
1.1749995e-10 -1.0086824
1.1499995e-10 -0.99939227
1.1249995e-10 -1.0376611
1.0999995e-10 -1.0393422
1.0749995e-10 -0.99630594
1.0499995e-10 -1.0225296
1.0249995e-10 -1.0674568
9.9999953e-11 -1.0346489
9.7499953e-11 -1.0635489
9.4999952e-11 -1.0687661
9.2499952e-11 -1.0519959
8.9999952e-11 -1.0458505
8.7499952e-11 -1.059613
8.4999952e-11 -1.0645421
8.2499951e-11 -1.068738
7.9999951e-11 -1.0802616
7.7499951e-11 -1.0704627
7.4999951e-11 -1.072612
7.249995e-11 -1.0719906
6.999995e-11 -1.0860224
6.7500006e-11 -1.1077225
6.5000005e-11 -1.0790306
6.2500005e-11 -1.1054544
6.0000005e-11 -1.1361942
5.7500005e-11 -1.105243
5.5000005e-11 -1.1336247
5.2500004e-11 -1.1375858
5.0000004e-11 -1.147719
4.7500004e-11 -1.1609193
4.5000004e-11 -1.1365041
4.2500004e-11 -1.159598
4.0000003e-11 -1.1344029
3.7500003e-11 -1.1630638
3.5000003e-11 -1.1847522
3.2500003e-11 -1.192014
3.0000002e-11 -1.1728084
2.7500002e-11 -1.2030774
2.5000002e-11 -1.2084857
2.2500002e-11 -1.2275012
2.0000002e-11 -1.223745
1.7500001e-11 -1.2195615
1.5000001e-11 -1.2538451
1.2500001e-11 -1.2874168
1.0000001e-11 -1.2500883
7.5000006e-12 -1.2888958
5.0000004e-12 -1.2980891
2.5000002e-12 -1.2445947
0.0 -1.2956905
