9.9999997e-10 -0.55181736
9.9749997e-10 -0.50239867
9.9499997e-10 -0.51838517
9.9249997e-10 -0.53389734
9.8999997e-10 -0.48891681
9.8749997e-10 -0.52179819
9.8499997e-10 -0.51601845
9.8249997e-10 -0.54880601
9.7999997e-10 -0.55459404
9.7749997e-10 -0.51071954
9.7499997e-10 -0.51554799
9.7249997e-10 -0.52706861
9.6999997e-10 -0.53133088
9.6749997e-10 -0.52446198
9.6499997e-10 -0.51436388
9.6249997e-10 -0.54086268
9.5999997e-10 -0.52704471
9.5749997e-10 -0.51906896
9.5499997e-10 -0.50565821
9.5249997e-10 -0.51003993
9.4999997e-10 -0.54186082
9.4749997e-10 -0.55032253
9.4499997e-10 -0.5204792
9.4249997e-10 -0.50810689
9.3999997e-10 -0.53560233
9.3749997e-10 -0.53457272
9.3499997e-10 -0.51247889
9.3249997e-10 -0.54603332
9.2999997e-10 -0.51207542
9.2749997e-10 -0.55778909
9.2499997e-10 -0.53305095
9.2249997e-10 -0.53549433
9.1999997e-10 -0.49928501
9.1749996e-10 -0.5199039
9.1499996e-10 -0.5239318
9.1249996e-10 -0.51046127
9.0999996e-10 -0.54628468
9.0749996e-10 -0.5241785
9.0499996e-10 -0.54531002
9.0249996e-10 -0.52988005
8.9999996e-10 -0.54769766
8.9749996e-10 -0.53857362
8.9499996e-10 -0.53335434
8.9249996e-10 -0.54691571
8.8999996e-10 -0.55484682
8.8749996e-10 -0.53786027
8.8499996e-10 -0.52199763
8.8249996e-10 -0.52841479
8.7999996e-10 -0.54071707
8.7749996e-10 -0.53025687
8.7499996e-10 -0.51653582
8.7249996e-10 -0.5132497
8.6999996e-10 -0.52072901
8.6749996e-10 -0.53210837
8.6499996e-10 -0.56007224
8.6249996e-10 -0.49177828
8.5999996e-10 -0.54834419
8.5749996e-10 -0.52453285
8.5499996e-10 -0.50993657
8.5249996e-10 -0.5053609
8.4999996e-10 -0.54159153
8.4749996e-10 -0.52727205
8.4499996e-10 -0.5215537
8.4249996e-10 -0.57740837
8.3999996e-10 -0.55669606
8.3749996e-10 -0.57417369
8.3499996e-10 -0.55389875
8.3249996e-10 -0.53478891
8.2999996e-10 -0.53459215
8.2749996e-10 -0.54649365
8.2499996e-10 -0.57309258
8.2249996e-10 -0.51401687
8.1999996e-10 -0.57232046
8.1749996e-10 -0.55977857
8.1499996e-10 -0.55721307
8.1249996e-10 -0.52836967
8.0999996e-10 -0.54141307
8.0749996e-10 -0.5563857
8.0499996e-10 -0.53658563
8.0249996e-10 -0.54943269
7.9999996e-10 -0.52327907
7.9749995e-10 -0.54910582
7.9499995e-10 -0.56789213
7.9249995e-10 -0.54410678
7.8999995e-10 -0.54864413
7.8749995e-10 -0.56974405
7.8499995e-10 -0.54281259
7.8249995e-10 -0.52535635
7.7999995e-10 -0.53480768
7.7749995e-10 -0.58304054
7.7499995e-10 -0.52139854
7.7249995e-10 -0.54906213
7.6999995e-10 -0.54779541
7.6749995e-10 -0.5744096
7.6499995e-10 -0.55511469
7.6249995e-10 -0.53425062
7.5999995e-10 -0.54334223
7.5749995e-10 -0.54485714
7.5499995e-10 -0.58614606
7.5249995e-10 -0.5598796
7.4999995e-10 -0.57422221
7.4749995e-10 -0.59864247
7.4499995e-10 -0.57221079
7.4249995e-10 -0.54959339
7.3999995e-10 -0.56293637
7.3749995e-10 -0.57221788
7.3499995e-10 -0.57836878
7.3249995e-10 -0.58627731
7.2999995e-10 -0.5361017
7.2749995e-10 -0.55260158
7.2499995e-10 -0.57827979
7.2249995e-10 -0.53736186
7.1999995e-10 -0.57866234
7.1749995e-10 -0.5778259
7.1499995e-10 -0.57603312
7.1249995e-10 -0.56109703
7.0999995e-10 -0.56428885
7.0749995e-10 -0.57272059
7.0499995e-10 -0.58691049
7.0249995e-10 -0.58542097
6.9999995e-10 -0.54401571
6.9749995e-10 -0.55860311
6.9499995e-10 -0.57495552
6.9249995e-10 -0.59650093
6.8999995e-10 -0.56203061
6.8749995e-10 -0.5727331
6.8499995e-10 -0.56678933
6.8249995e-10 -0.57932663
6.7999995e-10 -0.57145786
6.7749995e-10 -0.59110487
6.7499994e-10 -0.56024164
6.7249994e-10 -0.57572502
6.6999994e-10 -0.56156385
6.6749994e-10 -0.56961232
6.6499994e-10 -0.58380491
6.6249994e-10 -0.57169455
6.5999994e-10 -0.5840432
6.5749994e-10 -0.57716018
6.5499994e-10 -0.59330469
6.5249994e-10 -0.58934128
6.4999994e-10 -0.57173353
6.4749994e-10 -0.55626518
6.4499994e-10 -0.5834471
6.4249994e-10 -0.58562434
6.3999994e-10 -0.57165682
6.3749994e-10 -0.60886091
6.3499994e-10 -0.57697433
6.3249994e-10 -0.62127054
6.2999994e-10 -0.60792929
6.2749994e-10 -0.59377199
6.2499994e-10 -0.57405823
6.2249994e-10 -0.58588701
6.1999994e-10 -0.57201856
6.1749994e-10 -0.61994314
6.1499994e-10 -0.59945381
6.1249994e-10 -0.62107295
6.0999994e-10 -0.58276701
6.0749994e-10 -0.59275633
6.0499994e-10 -0.6096158
6.0249994e-10 -0.58469313
5.9999994e-10 -0.57816118
5.9749994e-10 -0.60144681
5.9499994e-10 -0.60474074
5.9249994e-10 -0.63330096
5.8999994e-10 -0.59939241
5.8749994e-10 -0.60607469
5.8499994e-10 -0.61017305
5.8249994e-10 -0.60891414
5.7999994e-10 -0.60511899
5.7749994e-10 -0.59591967
5.7499994e-10 -0.61302793
5.7249994e-10 -0.61126179
5.6999994e-10 -0.60362047
5.6749994e-10 -0.61295259
5.6499994e-10 -0.63204235
5.6249994e-10 -0.5965935
5.5999994e-10 -0.64412397
5.5749994e-10 -0.63622487
5.5499993e-10 -0.6555047
5.5249993e-10 -0.6505459
5.4999993e-10 -0.64981538
5.4749993e-10 -0.66888982
5.4499993e-10 -0.65082282
5.4249993e-10 -0.68434161
5.3999993e-10 -0.66163951
5.3749993e-10 -0.65091127
5.3499993e-10 -0.65905178
5.3249999e-10 -0.66921884
5.2999999e-10 -0.67837429
5.2749999e-10 -0.69619298
5.2499999e-10 -0.69563156
5.2249999e-10 -0.69332039
5.1999999e-10 -0.74548519
5.1749999e-10 -0.66790378
5.1499999e-10 -0.69663054
5.1249999e-10 -0.70885652
5.0999999e-10 -0.69932443
5.0749999e-10 -0.70301265
5.0499999e-10 -0.75658309
5.0249999e-10 -0.720366
4.9999999e-10 -0.71310008
4.9749999e-10 -0.70801455
4.9499999e-10 -0.76912338
4.9249999e-10 -0.7304371
4.8999999e-10 -0.73506176
4.8749998e-10 -0.70737237
4.8499998e-10 -0.72515708
4.8249998e-10 -0.74235696
4.7999998e-10 -0.74725097
4.7749998e-10 -0.72897178
4.7499998e-10 -0.75610751
4.7249998e-10 -0.74813068
4.6999998e-10 -0.75076956
4.6749998e-10 -0.74408501
4.6499998e-10 -0.75113595
4.6249998e-10 -0.75832033
4.5999998e-10 -0.76632005
4.5749998e-10 -0.76410443
4.5499998e-10 -0.74955726
4.5249998e-10 -0.71672815
4.4999998e-10 -0.75271785
4.4749998e-10 -0.73996305
4.4499998e-10 -0.76229292
4.4249998e-10 -0.74545628
4.3999998e-10 -0.76770598
4.3749998e-10 -0.77342057
4.3499998e-10 -0.75864714
4.3249998e-10 -0.74554342
4.2999998e-10 -0.74608624
4.2749998e-10 -0.75619709
4.2499998e-10 -0.75816351
4.2249998e-10 -0.78733224
4.1999998e-10 -0.79402834
4.1749998e-10 -0.76828927
4.1499998e-10 -0.77299517
4.1249998e-10 -0.75850266
4.0999998e-10 -0.77078736
4.0749998e-10 -0.78401279
4.0499998e-10 -0.77251315
4.0249998e-10 -0.79150486
3.9999998e-10 -0.78312719
3.9749998e-10 -0.73953551
3.9499998e-10 -0.78240305
3.9249998e-10 -0.76382065
3.8999998e-10 -0.79449391
3.8749998e-10 -0.75029176
3.8499998e-10 -0.77419668
3.8249998e-10 -0.73911595
3.7999998e-10 -0.75034922
3.7749998e-10 -0.75876743
3.7499998e-10 -0.75141293
3.7249998e-10 -0.74235219
3.6999998e-10 -0.72773373
3.6749997e-10 -0.74310607
3.6499997e-10 -0.72444636
3.6249997e-10 -0.75027525
3.5999997e-10 -0.79413235
3.5749997e-10 -0.72839767
3.5499997e-10 -0.751881
3.5249997e-10 -0.76441574
3.4999997e-10 -0.74740136
3.4749997e-10 -0.72665405
3.4499997e-10 -0.77824354
3.4249997e-10 -0.76407409
3.3999997e-10 -0.76473802
3.3749997e-10 -0.72843945
3.3499997e-10 -0.75020808
3.3249997e-10 -0.73475099
3.2999997e-10 -0.77741665
3.2749997e-10 -0.74846494
3.2499997e-10 -0.77563983
3.2249997e-10 -0.74458581
3.1999997e-10 -0.77607912
3.1749997e-10 -0.77906108
3.1499997e-10 -0.7675398
3.1249997e-10 -0.77859885
3.0999997e-10 -0.77618617
3.0749997e-10 -0.77101701
3.0499997e-10 -0.76315403
3.0249997e-10 -0.76319927
2.9999997e-10 -0.76616228
2.9749997e-10 -0.7566517
2.9499997e-10 -0.78260624
2.9249997e-10 -0.76942044
2.8999997e-10 -0.78488803
2.8749997e-10 -0.78142792
2.8499997e-10 -0.79800117
2.8249997e-10 -0.80870336
2.7999997e-10 -0.81932306
2.7749997e-10 -0.79082006
2.7499997e-10 -0.79408878
2.7249997e-10 -0.81493908
2.6999997e-10 -0.79467648
2.6749997e-10 -0.81184888
2.6499997e-10 -0.80842948
2.6249997e-10 -0.82704848
2.5999997e-10 -0.82331538
2.5749997e-10 -0.81102377
2.5499997e-10 -0.8223902
2.5249997e-10 -0.82659161
2.4999997e-10 -0.85219103
2.4749996e-10 -0.81146026
2.4499996e-10 -0.83837932
2.4249996e-10 -0.84548771
2.3999996e-10 -0.83254153
2.3749996e-10 -0.82289499
2.3499996e-10 -0.84446961
2.3249996e-10 -0.83154428
2.2999996e-10 -0.85792154
2.2749996e-10 -0.81677902
2.2499996e-10 -0.84343886
2.2249996e-10 -0.86467475
2.1999996e-10 -0.8542192
2.1749996e-10 -0.85871387
2.1499996e-10 -0.85212135
2.1249996e-10 -0.84693259
2.0999996e-10 -0.83287066
2.0749996e-10 -0.86904711
2.0499996e-10 -0.85681826
2.0249996e-10 -0.89768261
1.9999996e-10 -0.87119359
1.9749996e-10 -0.88715601
1.9499996e-10 -0.89868444
1.9249996e-10 -0.89248228
1.8999996e-10 -0.88079643
1.8749996e-10 -0.91615385
1.8499996e-10 -0.89161491
1.8249996e-10 -0.92189747
1.7999996e-10 -0.91912848
1.7749996e-10 -0.91166294
1.7499996e-10 -0.9171859
1.7249996e-10 -0.91381735
1.6999996e-10 -0.91956979
1.6749996e-10 -0.93112278
1.6499996e-10 -0.95017141
1.6249996e-10 -0.92764974
1.5999996e-10 -0.95148987
1.5749996e-10 -0.93508571
1.5499996e-10 -0.97196573
1.5249996e-10 -0.92197514
1.4999996e-10 -0.95565718
1.4749996e-10 -0.94833189
1.4499996e-10 -0.99966675
1.4249996e-10 -0.95166302
1.3999996e-10 -0.9878692
1.3749996e-10 -0.9676398
1.3499996e-10 -0.95968217
1.3249996e-10 -0.96276146
1.2999996e-10 -0.98729509
1.2749996e-10 -0.96290809
1.2499995e-10 -1.0273573
1.2249995e-10 -0.99008805
1.1999995e-10 -1.0333198
1.1749995e-10 -0.99163771
1.1499995e-10 -0.99654782
1.1249995e-10 -0.99880707
1.0999995e-10 -1.0837765
1.0749995e-10 -0.98927009
1.0499995e-10 -1.0498389
1.0249995e-10 -1.0161215
9.9999953e-11 -1.0129861
9.7499953e-11 -1.0363761
9.4999952e-11 -1.0390166
9.2499952e-11 -1.0976834
8.9999952e-11 -1.0591413
8.7499952e-11 -1.1080387
8.4999952e-11 -1.0903264
8.2499951e-11 -1.0656208
7.9999951e-11 -1.0477062
7.7499951e-11 -1.073288
7.4999951e-11 -1.0888745
7.249995e-11 -1.087219
6.999995e-11 -1.0716385
6.7500006e-11 -1.1335739
6.5000005e-11 -1.1078496
6.2500005e-11 -1.106491
6.0000005e-11 -1.1062069
5.7500005e-11 -1.1414587
5.5000005e-11 -1.1268295
5.2500004e-11 -1.2089171
5.0000004e-11 -1.1309412
4.7500004e-11 -1.1358767
4.5000004e-11 -1.1659498
4.2500004e-11 -1.1349149
4.0000003e-11 -1.1632124
3.7500003e-11 -1.1851462
3.5000003e-11 -1.1826407
3.2500003e-11 -1.1841168
3.0000002e-11 -1.1853395
2.7500002e-11 -1.1695367
2.5000002e-11 -1.2090117
2.2500002e-11 -1.1792107
2.0000002e-11 -1.2135204
1.7500001e-11 -1.2407911
1.5000001e-11 -1.2090679
1.2500001e-11 -1.256235
1.0000001e-11 -1.2185764
7.5000006e-12 -1.2353601
5.0000004e-12 -1.2170867
2.5000002e-12 -1.2737162
0.0 -1.2699604
