9.9999997e-10 -0.51344651
9.9749997e-10 -0.52088058
9.9499997e-10 -0.50352579
9.9249997e-10 -0.51612067
9.8999997e-10 -0.53703356
9.8749997e-10 -0.47880942
9.8499997e-10 -0.50068218
9.8249997e-10 -0.51525426
9.7999997e-10 -0.50817084
9.7749997e-10 -0.50455832
9.7499997e-10 -0.5267086
9.7249997e-10 -0.49158189
9.6999997e-10 -0.51352459
9.6749997e-10 -0.52649283
9.6499997e-10 -0.51857048
9.6249997e-10 -0.52904981
9.5999997e-10 -0.51018411
9.5749997e-10 -0.51492155
9.5499997e-10 -0.5437845
9.5249997e-10 -0.52932173
9.4999997e-10 -0.55996305
9.4749997e-10 -0.51886606
9.4499997e-10 -0.52588528
9.4249997e-10 -0.51455718
9.3999997e-10 -0.52245378
9.3749997e-10 -0.51632094
9.3499997e-10 -0.50320631
9.3249997e-10 -0.51321816
9.2999997e-10 -0.50614887
9.2749997e-10 -0.53861535
9.2499997e-10 -0.51325309
9.2249997e-10 -0.51804155
9.1999997e-10 -0.50945687
9.1749996e-10 -0.52787352
9.1499996e-10 -0.54262185
9.1249996e-10 -0.49362603
9.0999996e-10 -0.54160583
9.0749996e-10 -0.53022552
9.0499996e-10 -0.53824604
9.0249996e-10 -0.51668894
8.9999996e-10 -0.54620892
8.9749996e-10 -0.50937939
8.9499996e-10 -0.5344916
8.9249996e-10 -0.53299528
8.8999996e-10 -0.53345925
8.8749996e-10 -0.59263819
8.8499996e-10 -0.52920675
8.8249996e-10 -0.54309428
8.7999996e-10 -0.5015974
8.7749996e-10 -0.50992221
8.7499996e-10 -0.53069156
8.7249996e-10 -0.54107797
8.6999996e-10 -0.55317372
8.6749996e-10 -0.54230428
8.6499996e-10 -0.53044295
8.6249996e-10 -0.5519067
8.5999996e-10 -0.49124056
8.5749996e-10 -0.52046531
8.5499996e-10 -0.53696746
8.5249996e-10 -0.54314071
8.4999996e-10 -0.53739166
8.4749996e-10 -0.5316084
8.4499996e-10 -0.51146889
8.4249996e-10 -0.5207653
8.3999996e-10 -0.5262391
8.3749996e-10 -0.51784265
8.3499996e-10 -0.54935044
8.3249996e-10 -0.53286755
8.2999996e-10 -0.57064807
8.2749996e-10 -0.52784991
8.2499996e-10 -0.54640919
8.2249996e-10 -0.55066675
8.1999996e-10 -0.5365271
8.1749996e-10 -0.51967949
8.1499996e-10 -0.56443244
8.1249996e-10 -0.53542477
8.0999996e-10 -0.55498767
8.0749996e-10 -0.55943358
8.0499996e-10 -0.52733564
8.0249996e-10 -0.54561901
7.9999996e-10 -0.50092292
7.9749995e-10 -0.57428622
7.9499995e-10 -0.56371671
7.9249995e-10 -0.54277962
7.8999995e-10 -0.53130502
7.8749995e-10 -0.52796441
7.8499995e-10 -0.53898013
7.8249995e-10 -0.54898703
7.7999995e-10 -0.54381323
7.7749995e-10 -0.51414484
7.7499995e-10 -0.57092494
7.7249995e-10 -0.54178905
7.6999995e-10 -0.53737497
7.6749995e-10 -0.56435317
7.6499995e-10 -0.57155752
7.6249995e-10 -0.5760619
7.5999995e-10 -0.57457858
7.5749995e-10 -0.54612541
7.5499995e-10 -0.51853448
7.5249995e-10 -0.55609035
7.4999995e-10 -0.56434232
7.4749995e-10 -0.59380847
7.4499995e-10 -0.55248296
7.4249995e-10 -0.54007882
7.3999995e-10 -0.57534236
7.3749995e-10 -0.56795716
7.3499995e-10 -0.58325136
7.3249995e-10 -0.53753191
7.2999995e-10 -0.56860465
7.2749995e-10 -0.53481865
7.2499995e-10 -0.58172518
7.2249995e-10 -0.5450539
7.1999995e-10 -0.5873884
7.1749995e-10 -0.57841206
7.1499995e-10 -0.580042
7.1249995e-10 -0.58666265
7.0999995e-10 -0.57983726
7.0749995e-10 -0.58192635
7.0499995e-10 -0.55853426
7.0249995e-10 -0.56504226
6.9999995e-10 -0.56063855
6.9749995e-10 -0.59936017
6.9499995e-10 -0.57653177
6.9249995e-10 -0.54843789
6.8999995e-10 -0.61734253
6.8749995e-10 -0.54714322
6.8499995e-10 -0.59546441
6.8249995e-10 -0.5609166
6.7999995e-10 -0.59275603
6.7749995e-10 -0.58759403
6.7499994e-10 -0.60576123
6.7249994e-10 -0.59566623
6.6999994e-10 -0.5766564
6.6749994e-10 -0.57451725
6.6499994e-10 -0.56742525
6.6249994e-10 -0.56430751
6.5999994e-10 -0.57311058
6.5749994e-10 -0.61312246
6.5499994e-10 -0.61739933
6.5249994e-10 -0.59977025
6.4999994e-10 -0.60172898
6.4749994e-10 -0.63305795
6.4499994e-10 -0.61572468
6.4249994e-10 -0.59789288
6.3999994e-10 -0.58477813
6.3749994e-10 -0.63546032
6.3499994e-10 -0.61312187
6.3249994e-10 -0.59314448
6.2999994e-10 -0.6310057
6.2749994e-10 -0.59358335
6.2499994e-10 -0.6045022
6.2249994e-10 -0.60893673
6.1999994e-10 -0.62475616
6.1749994e-10 -0.59929943
6.1499994e-10 -0.61480933
6.1249994e-10 -0.6271196
6.0999994e-10 -0.61414117
6.0749994e-10 -0.57989186
6.0499994e-10 -0.64214027
6.0249994e-10 -0.64681864
5.9999994e-10 -0.60380673
5.9749994e-10 -0.61525875
5.9499994e-10 -0.60958427
5.9249994e-10 -0.60928738
5.8999994e-10 -0.64172536
5.8749994e-10 -0.61778772
5.8499994e-10 -0.64178199
5.8249994e-10 -0.63171065
5.7999994e-10 -0.61445236
5.7749994e-10 -0.62109601
5.7499994e-10 -0.65462714
5.7249994e-10 -0.62810087
5.6999994e-10 -0.62581527
5.6749994e-10 -0.64875239
5.6499994e-10 -0.62808156
5.6249994e-10 -0.65930361
5.5999994e-10 -0.62145698
5.5749994e-10 -0.63591057
5.5499993e-10 -0.61229855
5.5249993e-10 -0.64186794
5.4999993e-10 -0.62849379
5.4749993e-10 -0.61195838
5.4499993e-10 -0.66211468
5.4249993e-10 -0.64826983
5.3999993e-10 -0.63523507
5.3749993e-10 -0.62949145
5.3499993e-10 -0.64740145
5.3249999e-10 -0.60271424
5.2999999e-10 -0.64124501
5.2749999e-10 -0.63782859
5.2499999e-10 -0.64125061
5.2249999e-10 -0.63403672
5.1999999e-10 -0.66212195
5.1749999e-10 -0.63349718
5.1499999e-10 -0.65437776
5.1249999e-10 -0.62665302
5.0999999e-10 -0.65789044
5.0749999e-10 -0.63856238
5.0499999e-10 -0.65905172
5.0249999e-10 -0.63809252
4.9999999e-10 -0.65974295
4.9749999e-10 -0.64175445
4.9499999e-10 -0.66843516
4.9249999e-10 -0.64328754
4.8999999e-10 -0.6491524
4.8749998e-10 -0.63899785
4.8499998e-10 -0.65377378
4.8249998e-10 -0.64446181
4.7999998e-10 -0.60772222
4.7749998e-10 -0.64288723
4.7499998e-10 -0.65690541
4.7249998e-10 -0.67466909
4.6999998e-10 -0.67697173
4.6749998e-10 -0.63623041
4.6499998e-10 -0.65093178
4.6249998e-10 -0.66233724
4.5999998e-10 -0.65432262
4.5749998e-10 -0.6721915
4.5499998e-10 -0.63312495
4.5249998e-10 -0.67029649
4.4999998e-10 -0.67725509
4.4749998e-10 -0.65115756
4.4499998e-10 -0.65457577
4.4249998e-10 -0.68935394
4.3999998e-10 -0.67397952
4.3749998e-10 -0.65010399
4.3499998e-10 -0.65164304
4.3249998e-10 -0.67121661
4.2999998e-10 -0.66232616
4.2749998e-10 -0.65566236
4.2499998e-10 -0.66339684
4.2249998e-10 -0.64821738
4.1999998e-10 -0.65947104
4.1749998e-10 -0.67660451
4.1499998e-10 -0.71503043
4.1249998e-10 -0.68999434
4.0999998e-10 -0.71241462
4.0749998e-10 -0.65711647
4.0499998e-10 -0.71835119
4.0249998e-10 -0.68522096
3.9999998e-10 -0.69860715
3.9749998e-10 -0.69186777
3.9499998e-10 -0.71194357
3.9249998e-10 -0.70701486
3.8999998e-10 -0.70002598
3.8749998e-10 -0.70690584
3.8499998e-10 -0.71019328
3.8249998e-10 -0.72537017
3.7999998e-10 -0.68119603
3.7749998e-10 -0.69645298
3.7499998e-10 -0.71509969
3.7249998e-10 -0.72017252
3.6999998e-10 -0.71976703
3.6749997e-10 -0.72258472
3.6499997e-10 -0.70836109
3.6249997e-10 -0.72166115
3.5999997e-10 -0.70550495
3.5749997e-10 -0.7129823
3.5499997e-10 -0.73158926
3.5249997e-10 -0.73896635
3.4999997e-10 -0.68310684
3.4749997e-10 -0.69881189
3.4499997e-10 -0.70416969
3.4249997e-10 -0.75721216
3.3999997e-10 -0.73078555
3.3749997e-10 -0.74800289
3.3499997e-10 -0.74387121
3.3249997e-10 -0.71219242
3.2999997e-10 -0.72563064
3.2749997e-10 -0.72852719
3.2499997e-10 -0.74750489
3.2249997e-10 -0.76538604
3.1999997e-10 -0.74574107
3.1749997e-10 -0.7470389
3.1499997e-10 -0.73512793
3.1249997e-10 -0.74734777
3.0999997e-10 -0.80796194
3.0749997e-10 -0.79561448
3.0499997e-10 -0.79906756
3.0249997e-10 -0.76708037
2.9999997e-10 -0.8005411
2.9749997e-10 -0.80119717
2.9499997e-10 -0.80913526
2.9249997e-10 -0.79353631
2.8999997e-10 -0.83352214
2.8749997e-10 -0.84451157
2.8499997e-10 -0.85646117
2.8249997e-10 -0.83883876
2.7999997e-10 -0.80083942
2.7749997e-10 -0.8681168
2.7499997e-10 -0.84799045
2.7249997e-10 -0.86312431
2.6999997e-10 -0.84708107
2.6749997e-10 -0.88363457
2.6499997e-10 -0.83677799
2.6249997e-10 -0.89792258
2.5999997e-10 -0.86275494
2.5749997e-10 -0.85660154
2.5499997e-10 -0.88210821
2.5249997e-10 -0.88775116
2.4999997e-10 -0.91036105
2.4749996e-10 -0.89666736
2.4499996e-10 -0.88208842
2.4249996e-10 -0.9009248
2.3999996e-10 -0.91785604
2.3749996e-10 -0.9040184
2.3499996e-10 -0.93491453
2.3249996e-10 -0.89505297
2.2999996e-10 -0.92955363
2.2749996e-10 -0.91729552
2.2499996e-10 -0.93049455
2.2249996e-10 -0.95742756
2.1999996e-10 -0.95330447
2.1749996e-10 -0.93532181
2.1499996e-10 -0.93742293
2.1249996e-10 -0.97425705
2.0999996e-10 -0.94981718
2.0749996e-10 -0.95794308
2.0499996e-10 -0.98622417
2.0249996e-10 -0.96719599
1.9999996e-10 -0.9764604
1.9749996e-10 -0.98636502
1.9499996e-10 -0.97032547
1.9249996e-10 -0.99187833
1.8999996e-10 -0.96937418
1.8749996e-10 -0.995902
1.8499996e-10 -1.0092304
1.8249996e-10 -1.0093298
1.7999996e-10 -1.0310496
1.7749996e-10 -1.0069641
1.7499996e-10 -1.027927
1.7249996e-10 -1.0219767
1.6999996e-10 -1.0059447
1.6749996e-10 -1.0220413
1.6499996e-10 -1.0340999
1.6249996e-10 -1.0348858
1.5999996e-10 -1.0370982
1.5749996e-10 -1.0050553
1.5499996e-10 -1.0548017
1.5249996e-10 -1.0392557
1.4999996e-10 -1.0375731
1.4749996e-10 -1.0573663
1.4499996e-10 -1.0182942
1.4249996e-10 -0.98758775
1.3999996e-10 -1.0412965
1.3749996e-10 -1.0444262
1.3499996e-10 -1.0269226
1.3249996e-10 -1.0711478
1.2999996e-10 -1.0575452
1.2749996e-10 -1.068423
1.2499995e-10 -1.0160174
1.2249995e-10 -1.0322994
1.1999995e-10 -1.052997
1.1749995e-10 -1.0227159
1.1499995e-10 -1.0681412
1.1249995e-10 -1.0581217
1.0999995e-10 -1.071211
1.0749995e-10 -1.0382453
1.0499995e-10 -1.0714216
1.0249995e-10 -1.0533427
9.9999953e-11 -1.0516313
9.7499953e-11 -1.0573131
9.4999952e-11 -1.0725423
9.2499952e-11 -1.0619707
8.9999952e-11 -1.0769267
8.7499952e-11 -1.0742195
8.4999952e-11 -1.0677969
8.2499951e-11 -1.0769377
7.9999951e-11 -1.1156473
7.7499951e-11 -1.053391
7.4999951e-11 -1.105522
7.249995e-11 -1.0807769
6.999995e-11 -1.0962224
6.7500006e-11 -1.1005132
6.5000005e-11 -1.0939959
6.2500005e-11 -1.123762
6.0000005e-11 -1.1296605
5.7500005e-11 -1.1114079
5.5000005e-11 -1.132373
5.2500004e-11 -1.1260695
5.0000004e-11 -1.1287796
4.7500004e-11 -1.1291853
4.5000004e-11 -1.1613262
4.2500004e-11 -1.153374
4.0000003e-11 -1.137426
3.7500003e-11 -1.1324785
3.5000003e-11 -1.180823
3.2500003e-11 -1.1780294
3.0000002e-11 -1.1879119
2.7500002e-11 -1.1737658
2.5000002e-11 -1.2030779
2.2500002e-11 -1.1943432
2.0000002e-11 -1.2383085
1.7500001e-11 -1.2160109
1.5000001e-11 -1.2187245
1.2500001e-11 -1.2395791
1.0000001e-11 -1.2334253
7.5000006e-12 -1.2292058
5.0000004e-12 -1.2755628
2.5000002e-12 -1.2558019
0.0 -1.281095
