9.9999997e-10 -0.52256095
9.9749997e-10 -0.51262754
9.9499997e-10 -0.54179883
9.9249997e-10 -0.52590239
9.8999997e-10 -0.52020305
9.8749997e-10 -0.51420194
9.8499997e-10 -0.54714954
9.8249997e-10 -0.52303141
9.7999997e-10 -0.52759951
9.7749997e-10 -0.51423699
9.7499997e-10 -0.51418054
9.7249997e-10 -0.5029375
9.6999997e-10 -0.54157811
9.6749997e-10 -0.52992094
9.6499997e-10 -0.53024429
9.6249997e-10 -0.5416311
9.5999997e-10 -0.51517963
9.5749997e-10 -0.54827738
9.5499997e-10 -0.53991336
9.5249997e-10 -0.5194639
9.4999997e-10 -0.51199323
9.4749997e-10 -0.53295243
9.4499997e-10 -0.56091249
9.4249997e-10 -0.50248253
9.3999997e-10 -0.51772976
9.3749997e-10 -0.53951722
9.3499997e-10 -0.52773142
9.3249997e-10 -0.53453529
9.2999997e-10 -0.53940111
9.2749997e-10 -0.50646853
9.2499997e-10 -0.53701097
9.2249997e-10 -0.55269837
9.1999997e-10 -0.52443254
9.1749996e-10 -0.55165613
9.1499996e-10 -0.53543591
9.1249996e-10 -0.53936446
9.0999996e-10 -0.53987753
9.0749996e-10 -0.51956242
9.0499996e-10 -0.5363971
9.0249996e-10 -0.51804292
8.9999996e-10 -0.5391683
8.9749996e-10 -0.5477879
8.9499996e-10 -0.5240649
8.9249996e-10 -0.56555831
8.8999996e-10 -0.55187804
8.8749996e-10 -0.54561365
8.8499996e-10 -0.53602594
8.8249996e-10 -0.59016925
8.7999996e-10 -0.54635489
8.7749996e-10 -0.52916992
8.7499996e-10 -0.54619569
8.7249996e-10 -0.57414019
8.6999996e-10 -0.52596915
8.6749996e-10 -0.56073004
8.6499996e-10 -0.54651386
8.6249996e-10 -0.55316836
8.5999996e-10 -0.52602786
8.5749996e-10 -0.56686425
8.5499996e-10 -0.56074929
8.5249996e-10 -0.54441291
8.4999996e-10 -0.55571753
8.4749996e-10 -0.56238234
8.4499996e-10 -0.56571209
8.4249996e-10 -0.54621392
8.3999996e-10 -0.58194202
8.3749996e-10 -0.54687071
8.3499996e-10 -0.57392776
8.3249996e-10 -0.55923778
8.2999996e-10 -0.54848379
8.2749996e-10 -0.55534035
8.2499996e-10 -0.5638864
8.2249996e-10 -0.57967508
8.1999996e-10 -0.5488379
8.1749996e-10 -0.56170368
8.1499996e-10 -0.59537679
8.1249996e-10 -0.54819804
8.0999996e-10 -0.56885517
8.0749996e-10 -0.56019825
8.0499996e-10 -0.55494964
8.0249996e-10 -0.59688157
7.9999996e-10 -0.56110156
7.9749995e-10 -0.57405496
7.9499995e-10 -0.57483894
7.9249995e-10 -0.56712919
7.8999995e-10 -0.57938623
7.8749995e-10 -0.57084191
7.8499995e-10 -0.55102897
7.8249995e-10 -0.59018528
7.7999995e-10 -0.56064302
7.7749995e-10 -0.60009998
7.7499995e-10 -0.59020489
7.7249995e-10 -0.54858059
7.6999995e-10 -0.57252586
7.6749995e-10 -0.59195185
7.6499995e-10 -0.59284562
7.6249995e-10 -0.56064522
7.5999995e-10 -0.55126023
7.5749995e-10 -0.5709995
7.5499995e-10 -0.60911453
7.5249995e-10 -0.55124736
7.4999995e-10 -0.57951701
7.4749995e-10 -0.593871
7.4499995e-10 -0.60597962
7.4249995e-10 -0.58353049
7.3999995e-10 -0.59461218
7.3749995e-10 -0.58316475
7.3499995e-10 -0.54819798
7.3249995e-10 -0.57803452
7.2999995e-10 -0.59343672
7.2749995e-10 -0.58310044
7.2499995e-10 -0.58488214
7.2249995e-10 -0.57841688
7.1999995e-10 -0.59791577
7.1749995e-10 -0.58206928
7.1499995e-10 -0.59993625
7.1249995e-10 -0.59212911
7.0999995e-10 -0.57784808
7.0749995e-10 -0.59196347
7.0499995e-10 -0.59590155
7.0249995e-10 -0.57753867
6.9999995e-10 -0.58049649
6.9749995e-10 -0.598373
6.9499995e-10 -0.60953861
6.9249995e-10 -0.5753839
6.8999995e-10 -0.58163649
6.8749995e-10 -0.59237194
6.8499995e-10 -0.5773735
6.8249995e-10 -0.57747376
6.7999995e-10 -0.58379352
6.7749995e-10 -0.57194507
6.7499994e-10 -0.57899809
6.7249994e-10 -0.58670384
6.6999994e-10 -0.61006683
6.6749994e-10 -0.57631934
6.6499994e-10 -0.61282939
6.6249994e-10 -0.59612751
6.5999994e-10 -0.59499139
6.5749994e-10 -0.5871709
6.5499994e-10 -0.61511499
6.5249994e-10 -0.61129391
6.4999994e-10 -0.59496886
6.4749994e-10 -0.60031939
6.4499994e-10 -0.59494054
6.4249994e-10 -0.63073468
6.3999994e-10 -0.59278464
6.3749994e-10 -0.64233011
6.3499994e-10 -0.60809761
6.3249994e-10 -0.58198464
6.2999994e-10 -0.63155729
6.2749994e-10 -0.62501132
6.2499994e-10 -0.62938851
6.2249994e-10 -0.61613506
6.1999994e-10 -0.6204868
6.1749994e-10 -0.6147992
6.1499994e-10 -0.60627246
6.1249994e-10 -0.59623319
6.0999994e-10 -0.60637242
6.0749994e-10 -0.59524262
6.0499994e-10 -0.61596298
6.0249994e-10 -0.60798329
5.9999994e-10 -0.60863137
5.9749994e-10 -0.58878767
5.9499994e-10 -0.62219352
5.9249994e-10 -0.60226578
5.8999994e-10 -0.59658271
5.8749994e-10 -0.62414455
5.8499994e-10 -0.62918395
5.8249994e-10 -0.61517346
5.7999994e-10 -0.60445935
5.7749994e-10 -0.64269251
5.7499994e-10 -0.63533819
5.7249994e-10 -0.63341814
5.6999994e-10 -0.61172384
5.6749994e-10 -0.6372689
5.6499994e-10 -0.61217004
5.6249994e-10 -0.61078995
5.5999994e-10 -0.61128116
5.5749994e-10 -0.64354986
5.5499993e-10 -0.61192107
5.5249993e-10 -0.62542182
5.4999993e-10 -0.62715459
5.4749993e-10 -0.62902576
5.4499993e-10 -0.65163863
5.4249993e-10 -0.6291132
5.3999993e-10 -0.63162565
5.3749993e-10 -0.65049976
5.3499993e-10 -0.65772504
5.3249999e-10 -0.62117738
5.2999999e-10 -0.64389539
5.2749999e-10 -0.66597128
5.2499999e-10 -0.61609137
5.2249999e-10 -0.63941032
5.1999999e-10 -0.63632107
5.1749999e-10 -0.64043754
5.1499999e-10 -0.66418642
5.1249999e-10 -0.62445509
5.0999999e-10 -0.63849467
5.0749999e-10 -0.66667211
5.0499999e-10 -0.63450634
5.0249999e-10 -0.67292881
4.9999999e-10 -0.66988301
4.9749999e-10 -0.67143559
4.9499999e-10 -0.65154195
4.9249999e-10 -0.65405852
4.8999999e-10 -0.65896779
4.8749998e-10 -0.68740433
4.8499998e-10 -0.64464313
4.8249998e-10 -0.67292821
4.7999998e-10 -0.72574639
4.7749998e-10 -0.68035054
4.7499998e-10 -0.69425786
4.7249998e-10 -0.68299782
4.6999998e-10 -0.67709726
4.6749998e-10 -0.67496771
4.6499998e-10 -0.6543082
4.6249998e-10 -0.6946184
4.5999998e-10 -0.69219178
4.5749998e-10 -0.69970083
4.5499998e-10 -0.72832406
4.5249998e-10 -0.69617784
4.4999998e-10 -0.70426345
4.4749998e-10 -0.70871902
4.4499998e-10 -0.69736117
4.4249998e-10 -0.67035669
4.3999998e-10 -0.72294229
4.3749998e-10 -0.66668749
4.3499998e-10 -0.71344715
4.3249998e-10 -0.70247179
4.2999998e-10 -0.69018203
4.2749998e-10 -0.65449077
4.2499998e-10 -0.71180463
4.2249998e-10 -0.65621543
4.1999998e-10 -0.70714587
4.1749998e-10 -0.72114176
4.1499998e-10 -0.71591467
4.1249998e-10 -0.70755786
4.0999998e-10 -0.71251953
4.0749998e-10 -0.72595251
4.0499998e-10 -0.74857754
4.0249998e-10 -0.72453576
3.9999998e-10 -0.72663033
3.9749998e-10 -0.73032075
3.9499998e-10 -0.69891614
3.9249998e-10 -0.71886712
3.8999998e-10 -0.71499914
3.8749998e-10 -0.73113024
3.8499998e-10 -0.73764253
3.8249998e-10 -0.74733788
3.7999998e-10 -0.70987993
3.7749998e-10 -0.72543347
3.7499998e-10 -0.72277606
3.7249998e-10 -0.71613592
3.6999998e-10 -0.73073697
3.6749997e-10 -0.7287575
3.6499997e-10 -0.72761339
3.6249997e-10 -0.72690988
3.5999997e-10 -0.71385729
3.5749997e-10 -0.73677164
3.5499997e-10 -0.75339973
3.5249997e-10 -0.73308653
3.4999997e-10 -0.75726199
3.4749997e-10 -0.73095286
3.4499997e-10 -0.72827125
3.4249997e-10 -0.73739249
3.3999997e-10 -0.70543516
3.3749997e-10 -0.76086068
3.3499997e-10 -0.73736387
3.3249997e-10 -0.71756685
3.2999997e-10 -0.74235219
3.2749997e-10 -0.75240415
3.2499997e-10 -0.74900651
3.2249997e-10 -0.77161932
3.1999997e-10 -0.72710401
3.1749997e-10 -0.74569529
3.1499997e-10 -0.74895972
3.1249997e-10 -0.74682117
3.0999997e-10 -0.75474411
3.0749997e-10 -0.75640005
3.0499997e-10 -0.78290272
3.0249997e-10 -0.76124626
2.9999997e-10 -0.77288091
2.9749997e-10 -0.80372322
2.9499997e-10 -0.78460878
2.9249997e-10 -0.75666672
2.8999997e-10 -0.7581408
2.8749997e-10 -0.75150466
2.8499997e-10 -0.76402158
2.8249997e-10 -0.79283202
2.7999997e-10 -0.75021058
2.7749997e-10 -0.78170532
2.7499997e-10 -0.79753202
2.7249997e-10 -0.79285264
2.6999997e-10 -0.77015656
2.6749997e-10 -0.8021009
2.6499997e-10 -0.8110342
2.6249997e-10 -0.77865374
2.5999997e-10 -0.80872911
2.5749997e-10 -0.7880156
2.5499997e-10 -0.81673187
2.5249997e-10 -0.82938015
2.4999997e-10 -0.79252183
2.4749996e-10 -0.80622941
2.4499996e-10 -0.80320495
2.4249996e-10 -0.82682568
2.3999996e-10 -0.81822813
2.3749996e-10 -0.81671214
2.3499996e-10 -0.80759382
2.3249996e-10 -0.8281104
2.2999996e-10 -0.84276402
2.2749996e-10 -0.81785542
2.2499996e-10 -0.80790234
2.2249996e-10 -0.80172527
2.1999996e-10 -0.83520186
2.1749996e-10 -0.83570546
2.1499996e-10 -0.83025664
2.1249996e-10 -0.83963221
2.0999996e-10 -0.82990915
2.0749996e-10 -0.84942877
2.0499996e-10 -0.82664645
2.0249996e-10 -0.8220036
1.9999996e-10 -0.8497442
1.9749996e-10 -0.85916269
1.9499996e-10 -0.82621831
1.9249996e-10 -0.86987841
1.8999996e-10 -0.86731762
1.8749996e-10 -0.86688572
1.8499996e-10 -0.87009269
1.8249996e-10 -0.86170471
1.7999996e-10 -0.86392593
1.7749996e-10 -0.87093365
1.7499996e-10 -0.89204901
1.7249996e-10 -0.92671943
1.6999996e-10 -0.86951417
1.6749996e-10 -0.92222571
1.6499996e-10 -0.91431212
1.6249996e-10 -0.87612063
1.5999996e-10 -0.89833099
1.5749996e-10 -0.87604403
1.5499996e-10 -0.89560282
1.5249996e-10 -0.93249249
1.4999996e-10 -0.91025394
1.4749996e-10 -0.90055078
1.4499996e-10 -0.94741195
1.4249996e-10 -0.94134849
1.3999996e-10 -0.94168377
1.3749996e-10 -0.95003271
1.3499996e-10 -0.94349712
1.3249996e-10 -0.94258702
1.2999996e-10 -0.93830645
1.2749996e-10 -0.93278074
1.2499995e-10 -0.95175374
1.2249995e-10 -0.96372598
1.1999995e-10 -0.93857741
1.1749995e-10 -0.99877167
1.1499995e-10 -0.9709053
1.1249995e-10 -1.0018755
1.0999995e-10 -0.99984628
1.0749995e-10 -0.97203505
1.0499995e-10 -1.0044858
1.0249995e-10 -1.0021362
9.9999953e-11 -1.006543
9.7499953e-11 -1.0019671
9.4999952e-11 -1.0027138
9.2499952e-11 -1.0225478
8.9999952e-11 -1.0482783
8.7499952e-11 -1.0031701
8.4999952e-11 -1.0238315
8.2499951e-11 -1.0518544
7.9999951e-11 -1.0358827
7.7499951e-11 -1.052909
7.4999951e-11 -1.0338044
7.249995e-11 -1.0710248
6.999995e-11 -1.0540762
6.7500006e-11 -1.054758
6.5000005e-11 -1.0988897
6.2500005e-11 -1.0865593
6.0000005e-11 -1.0512445
5.7500005e-11 -1.1123278
5.5000005e-11 -1.0787144
5.2500004e-11 -1.0669727
5.0000004e-11 -1.100433
4.7500004e-11 -1.115496
4.5000004e-11 -1.1624787
4.2500004e-11 -1.1160388
4.0000003e-11 -1.1419095
3.7500003e-11 -1.1359042
3.5000003e-11 -1.148345
3.2500003e-11 -1.1665207
3.0000002e-11 -1.1422123
2.7500002e-11 -1.1644443
2.5000002e-11 -1.1636889
2.2500002e-11 -1.1904638
2.0000002e-11 -1.1779218
1.7500001e-11 -1.1838621
1.5000001e-11 -1.1996489
1.2500001e-11 -1.192741
1.0000001e-11 -1.2313701
7.5000006e-12 -1.2165754
5.0000004e-12 -1.2341734
2.5000002e-12 -1.2276289
0.0 -1.2292676
