9.9999997e-10 -0.51069564
9.9749997e-10 -0.51935202
9.9499997e-10 -0.50617331
9.9249997e-10 -0.49972749
9.8999997e-10 -0.51938117
9.8749997e-10 -0.54232347
9.8499997e-10 -0.54106587
9.8249997e-10 -0.538279
9.7999997e-10 -0.57220429
9.7749997e-10 -0.51775694
9.7499997e-10 -0.51586294
9.7249997e-10 -0.51662624
9.6999997e-10 -0.52209228
9.6749997e-10 -0.51592302
9.6499997e-10 -0.51644009
9.6249997e-10 -0.51249677
9.5999997e-10 -0.53807288
9.5749997e-10 -0.53137094
9.5499997e-10 -0.55427206
9.5249997e-10 -0.51630819
9.4999997e-10 -0.49554297
9.4749997e-10 -0.54347545
9.4499997e-10 -0.54561925
9.4249997e-10 -0.52039057
9.3999997e-10 -0.5299468
9.3749997e-10 -0.52530241
9.3499997e-10 -0.51599008
9.3249997e-10 -0.5305075
9.2999997e-10 -0.56201756
9.2749997e-10 -0.54856038
9.2499997e-10 -0.51979506
9.2249997e-10 -0.52026278
9.1999997e-10 -0.51965779
9.1749996e-10 -0.53326714
9.1499996e-10 -0.49672276
9.1249996e-10 -0.4929848
9.0999996e-10 -0.53823519
9.0749996e-10 -0.5515573
9.0499996e-10 -0.54512453
9.0249996e-10 -0.53746551
8.9999996e-10 -0.53838629
8.9749996e-10 -0.54471451
8.9499996e-10 -0.53630424
8.9249996e-10 -0.54762304
8.8999996e-10 -0.52680224
8.8749996e-10 -0.51685691
8.8499996e-10 -0.55992913
8.8249996e-10 -0.51856107
8.7999996e-10 -0.54640335
8.7749996e-10 -0.52235407
8.7499996e-10 -0.53236049
8.7249996e-10 -0.53829885
8.6999996e-10 -0.53676307
8.6749996e-10 -0.54595178
8.6499996e-10 -0.57201314
8.6249996e-10 -0.56315017
8.5999996e-10 -0.53737545
8.5749996e-10 -0.54172957
8.5499996e-10 -0.55856901
8.5249996e-10 -0.52643836
8.4999996e-10 -0.55507743
8.4749996e-10 -0.52793312
8.4499996e-10 -0.56899947
8.4249996e-10 -0.54596823
8.3999996e-10 -0.55477667
8.3749996e-10 -0.53999144
8.3499996e-10 -0.56875825
8.3249996e-10 -0.54681432
8.2999996e-10 -0.53837454
8.2749996e-10 -0.55744058
8.2499996e-10 -0.50829101
8.2249996e-10 -0.53689384
8.1999996e-10 -0.55447847
8.1749996e-10 -0.5440293
8.1499996e-10 -0.57506537
8.1249996e-10 -0.55953372
8.0999996e-10 -0.57737112
8.0749996e-10 -0.54340786
8.0499996e-10 -0.55349153
8.0249996e-10 -0.55840367
7.9999996e-10 -0.56833905
7.9749995e-10 -0.55179906
7.9499995e-10 -0.56760162
7.9249995e-10 -0.56270331
7.8999995e-10 -0.57789099
7.8749995e-10 -0.56058872
7.8499995e-10 -0.57215655
7.8249995e-10 -0.56693691
7.7999995e-10 -0.54582059
7.7749995e-10 -0.60698575
7.7499995e-10 -0.56868106
7.7249995e-10 -0.57239497
7.6999995e-10 -0.57237083
7.6749995e-10 -0.53384548
7.6499995e-10 -0.58911663
7.6249995e-10 -0.57032108
7.5999995e-10 -0.53899753
7.5749995e-10 -0.56788009
7.5499995e-10 -0.56514692
7.5249995e-10 -0.57382083
7.4999995e-10 -0.57473123
7.4749995e-10 -0.61242449
7.4499995e-10 -0.57488519
7.4249995e-10 -0.5692696
7.3999995e-10 -0.57227129
7.3749995e-10 -0.60698414
7.3499995e-10 -0.59200984
7.3249995e-10 -0.5770359
7.2999995e-10 -0.61018384
7.2749995e-10 -0.57113332
7.2499995e-10 -0.55731481
7.2249995e-10 -0.58177876
7.1999995e-10 -0.56039631
7.1749995e-10 -0.60930836
7.1499995e-10 -0.56182319
7.1249995e-10 -0.57775497
7.0999995e-10 -0.60122323
7.0749995e-10 -0.58683634
7.0499995e-10 -0.60018945
7.0249995e-10 -0.56053376
6.9999995e-10 -0.59733111
6.9749995e-10 -0.56776905
6.9499995e-10 -0.60077018
6.9249995e-10 -0.57294661
6.8999995e-10 -0.60849309
6.8749995e-10 -0.60524416
6.8499995e-10 -0.5985114
6.8249995e-10 -0.57995629
6.7999995e-10 -0.5946728
6.7749995e-10 -0.6013937
6.7499994e-10 -0.58671033
6.7249994e-10 -0.57498598
6.6999994e-10 -0.58957225
6.6749994e-10 -0.61084384
6.6499994e-10 -0.58665913
6.6249994e-10 -0.61189371
6.5999994e-10 -0.62013865
6.5749994e-10 -0.62015289
6.5499994e-10 -0.61448073
6.5249994e-10 -0.6077764
6.4999994e-10 -0.59901577
6.4749994e-10 -0.60280079
6.4499994e-10 -0.57732302
6.4249994e-10 -0.59908861
6.3999994e-10 -0.60403371
6.3749994e-10 -0.58042234
6.3499994e-10 -0.57939219
6.3249994e-10 -0.60605371
6.2999994e-10 -0.61508942
6.2749994e-10 -0.60103828
6.2499994e-10 -0.60697472
6.2249994e-10 -0.60269183
6.1999994e-10 -0.60496932
6.1749994e-10 -0.61080289
6.1499994e-10 -0.64172113
6.1249994e-10 -0.61734545
6.0999994e-10 -0.62853831
6.0749994e-10 -0.60313618
6.0499994e-10 -0.62265241
6.0249994e-10 -0.59124303
5.9999994e-10 -0.60761213
5.9749994e-10 -0.61940646
5.9499994e-10 -0.58937591
5.9249994e-10 -0.6238035
5.8999994e-10 -0.60576552
5.8749994e-10 -0.61927116
5.8499994e-10 -0.64047563
5.8249994e-10 -0.5985738
5.7999994e-10 -0.59114945
5.7749994e-10 -0.62024522
5.7499994e-10 -0.63486755
5.7249994e-10 -0.58444339
5.6999994e-10 -0.60948944
5.6749994e-10 -0.64371753
5.6499994e-10 -0.63887984
5.6249994e-10 -0.60860199
5.5999994e-10 -0.60289532
5.5749994e-10 -0.64698136
5.5499993e-10 -0.63954771
5.5249993e-10 -0.6319344
5.4999993e-10 -0.62887794
5.4749993e-10 -0.6414423
5.4499993e-10 -0.60159701
5.4249993e-10 -0.61193496
5.3999993e-10 -0.60255599
5.3749993e-10 -0.62961614
5.3499993e-10 -0.6284731
5.3249999e-10 -0.63062191
5.2999999e-10 -0.62363619
5.2749999e-10 -0.65314829
5.2499999e-10 -0.62182182
5.2249999e-10 -0.61829931
5.1999999e-10 -0.67902523
5.1749999e-10 -0.6542443
5.1499999e-10 -0.66280818
5.1249999e-10 -0.64928824
5.0999999e-10 -0.63588595
5.0749999e-10 -0.63706452
5.0499999e-10 -0.63545114
5.0249999e-10 -0.68041223
4.9999999e-10 -0.66549498
4.9749999e-10 -0.65325087
4.9499999e-10 -0.6639241
4.9249999e-10 -0.66841632
4.8999999e-10 -0.68310785
4.8749998e-10 -0.6881752
4.8499998e-10 -0.67829365
4.8249998e-10 -0.69635266
4.7999998e-10 -0.66571176
4.7749998e-10 -0.66695482
4.7499998e-10 -0.6776675
4.7249998e-10 -0.67718178
4.6999998e-10 -0.69047052
4.6749998e-10 -0.66425598
4.6499998e-10 -0.69558465
4.6249998e-10 -0.68246835
4.5999998e-10 -0.66984349
4.5749998e-10 -0.67935938
4.5499998e-10 -0.66926718
4.5249998e-10 -0.69962418
4.4999998e-10 -0.67003238
4.4749998e-10 -0.71516907
4.4499998e-10 -0.67973703
4.4249998e-10 -0.68426645
4.3999998e-10 -0.65076995
4.3749998e-10 -0.70984221
4.3499998e-10 -0.70739746
4.3249998e-10 -0.68652189
4.2999998e-10 -0.72428787
4.2749998e-10 -0.69337326
4.2499998e-10 -0.74171704
4.2249998e-10 -0.69519728
4.1999998e-10 -0.6855551
4.1749998e-10 -0.68737352
4.1499998e-10 -0.68332905
4.1249998e-10 -0.72457534
4.0999998e-10 -0.73648363
4.0749998e-10 -0.70553488
4.0499998e-10 -0.72858906
4.0249998e-10 -0.70468503
3.9999998e-10 -0.71430337
3.9749998e-10 -0.64616299
3.9499998e-10 -0.74534547
3.9249998e-10 -0.72872674
3.8999998e-10 -0.72041285
3.8749998e-10 -0.71339929
3.8499998e-10 -0.71997112
3.8249998e-10 -0.70382279
3.7999998e-10 -0.74930292
3.7749998e-10 -0.70092607
3.7499998e-10 -0.70931047
3.7249998e-10 -0.7468884
3.6999998e-10 -0.74431884
3.6749997e-10 -0.76579988
3.6499997e-10 -0.72896749
3.6249997e-10 -0.74550861
3.5999997e-10 -0.74484724
3.5749997e-10 -0.7161411
3.5499997e-10 -0.72630459
3.5249997e-10 -0.7253533
3.4999997e-10 -0.77035028
3.4749997e-10 -0.7498039
3.4499997e-10 -0.73535001
3.4249997e-10 -0.77573651
3.3999997e-10 -0.7392711
3.3749997e-10 -0.74134177
3.3499997e-10 -0.74909133
3.3249997e-10 -0.75319374
3.2999997e-10 -0.78581673
3.2749997e-10 -0.76855689
3.2499997e-10 -0.7553314
3.2249997e-10 -0.77621472
3.1999997e-10 -0.80145115
3.1749997e-10 -0.80582643
3.1499997e-10 -0.7941128
3.1249997e-10 -0.79377502
3.0999997e-10 -0.77057558
3.0749997e-10 -0.8118
3.0499997e-10 -0.80738997
3.0249997e-10 -0.80329698
2.9999997e-10 -0.79891098
2.9749997e-10 -0.79744905
2.9499997e-10 -0.84167075
2.9249997e-10 -0.79940373
2.8999997e-10 -0.80034536
2.8749997e-10 -0.82686222
2.8499997e-10 -0.80675751
2.8249997e-10 -0.81542265
2.7999997e-10 -0.85746378
2.7749997e-10 -0.8402496
2.7499997e-10 -0.82261133
2.7249997e-10 -0.84839338
2.6999997e-10 -0.83458859
2.6749997e-10 -0.85726923
2.6499997e-10 -0.8456915
2.6249997e-10 -0.87774986
2.5999997e-10 -0.83619922
2.5749997e-10 -0.89392149
2.5499997e-10 -0.86234528
2.5249997e-10 -0.85191941
2.4999997e-10 -0.85845751
2.4749996e-10 -0.86571425
2.4499996e-10 -0.88518316
2.4249996e-10 -0.84498316
2.3999996e-10 -0.86114806
2.3749996e-10 -0.88308221
2.3499996e-10 -0.86659521
2.3249996e-10 -0.87930417
2.2999996e-10 -0.86950535
2.2749996e-10 -0.89429265
2.2499996e-10 -0.89203513
2.2249996e-10 -0.8976422
2.1999996e-10 -0.91290843
2.1749996e-10 -0.88088453
2.1499996e-10 -0.89169663
2.1249996e-10 -0.87855655
2.0999996e-10 -0.90973896
2.0749996e-10 -0.92055231
2.0499996e-10 -0.95210755
2.0249996e-10 -0.91202354
1.9999996e-10 -0.93117601
1.9749996e-10 -0.92742997
1.9499996e-10 -0.92828703
1.9249996e-10 -0.92296118
1.8999996e-10 -0.88592738
1.8749996e-10 -0.90691942
1.8499996e-10 -0.94375783
1.8249996e-10 -0.9445914
1.7999996e-10 -0.91472071
1.7749996e-10 -0.91300952
1.7499996e-10 -0.93448257
1.7249996e-10 -0.95446008
1.6999996e-10 -0.93121988
1.6749996e-10 -0.97079819
1.6499996e-10 -0.95517015
1.6249996e-10 -0.94833595
1.5999996e-10 -0.95090508
1.5749996e-10 -0.92497611
1.5499996e-10 -0.94519222
1.5249996e-10 -0.95694524
1.4999996e-10 -0.96449339
1.4749996e-10 -0.97335321
1.4499996e-10 -0.97214884
1.4249996e-10 -0.96732402
1.3999996e-10 -0.98749894
1.3749996e-10 -0.97733331
1.3499996e-10 -0.94623256
1.3249996e-10 -0.94964147
1.2999996e-10 -0.97261107
1.2749996e-10 -0.99602163
1.2499995e-10 -1.0051554
1.2249995e-10 -0.98964119
1.1999995e-10 -1.008378
1.1749995e-10 -1.0121683
1.1499995e-10 -1.0327942
1.1249995e-10 -1.0358073
1.0999995e-10 -0.98612082
1.0749995e-10 -1.0085608
1.0499995e-10 -1.0137054
1.0249995e-10 -1.0003762
9.9999953e-11 -1.0111672
9.7499953e-11 -1.0140048
9.4999952e-11 -1.0300819
9.2499952e-11 -1.0559775
8.9999952e-11 -1.0389814
8.7499952e-11 -1.0187665
8.4999952e-11 -1.0483309
8.2499951e-11 -1.0520535
7.9999951e-11 -1.044119
7.7499951e-11 -1.0584403
7.4999951e-11 -1.0631641
7.249995e-11 -1.0754343
6.999995e-11 -1.0951067
6.7500006e-11 -1.0940906
6.5000005e-11 -1.0740041
6.2500005e-11 -1.0877954
6.0000005e-11 -1.0767145
5.7500005e-11 -1.0835682
5.5000005e-11 -1.1121752
5.2500004e-11 -1.1038381
5.0000004e-11 -1.128601
4.7500004e-11 -1.098101
4.5000004e-11 -1.1213862
4.2500004e-11 -1.1270615
4.0000003e-11 -1.1323793
3.7500003e-11 -1.1534252
3.5000003e-11 -1.1285
3.2500003e-11 -1.1606933
3.0000002e-11 -1.1591625
2.7500002e-11 -1.172666
2.5000002e-11 -1.1675731
2.2500002e-11 -1.1727703
2.0000002e-11 -1.1919374
1.7500001e-11 -1.2268631
1.5000001e-11 -1.1740772
1.2500001e-11 -1.1947737
1.0000001e-11 -1.1809471
7.5000006e-12 -1.2228743
5.0000004e-12 -1.2442878
2.5000002e-12 -1.2446891
0.0 -1.2491044
