9.9999997e-10 -0.52743292
9.9749997e-10 -0.52976996
9.9499997e-10 -0.53504539
9.9249997e-10 -0.55130404
9.8999997e-10 -0.50325942
9.8749997e-10 -0.56010401
9.8499997e-10 -0.56027639
9.8249997e-10 -0.53875721
9.7999997e-10 -0.53435421
9.7749997e-10 -0.53775823
9.7499997e-10 -0.53839952
9.7249997e-10 -0.56787235
9.6999997e-10 -0.55146098
9.6749997e-10 -0.54022968
9.6499997e-10 -0.51632738
9.6249997e-10 -0.54287928
9.5999997e-10 -0.55468577
9.5749997e-10 -0.53539425
9.5499997e-10 -0.52753562
9.5249997e-10 -0.54111248
9.4999997e-10 -0.52273744
9.4749997e-10 -0.56083047
9.4499997e-10 -0.53777015
9.4249997e-10 -0.53108501
9.3999997e-10 -0.57776845
9.3749997e-10 -0.54810691
9.3499997e-10 -0.54756719
9.3249997e-10 -0.54668659
9.2999997e-10 -0.56384975
9.2749997e-10 -0.54887182
9.2499997e-10 -0.55488318
9.2249997e-10 -0.53722388
9.1999997e-10 -0.56103569
9.1749996e-10 -0.56256258
9.1499996e-10 -0.52376938
9.1249996e-10 -0.54490077
9.0999996e-10 -0.55039263
9.0749996e-10 -0.53414404
9.0499996e-10 -0.5587889
9.0249996e-10 -0.59261125
8.9999996e-10 -0.55925477
8.9749996e-10 -0.53742945
8.9499996e-10 -0.57683641
8.9249996e-10 -0.51539552
8.8999996e-10 -0.55761665
8.8749996e-10 -0.53307271
8.8499996e-10 -0.55508149
8.8249996e-10 -0.52899259
8.7999996e-10 -0.54831058
8.7749996e-10 -0.57370561
8.7499996e-10 -0.54221541
8.7249996e-10 -0.55257064
8.6999996e-10 -0.54741359
8.6749996e-10 -0.53448009
8.6499996e-10 -0.51602489
8.6249996e-10 -0.52689964
8.5999996e-10 -0.53593469
8.5749996e-10 -0.53693265
8.5499996e-10 -0.545174
8.5249996e-10 -0.56049246
8.4999996e-10 -0.56894952
8.4749996e-10 -0.55263638
8.4499996e-10 -0.52490062
8.4249996e-10 -0.54415166
8.3999996e-10 -0.55851579
8.3749996e-10 -0.56118041
8.3499996e-10 -0.57203287
8.3249996e-10 -0.57167256
8.2999996e-10 -0.55461538
8.2749996e-10 -0.57838744
8.2499996e-10 -0.53129548
8.2249996e-10 -0.56937647
8.1999996e-10 -0.56486046
8.1749996e-10 -0.56897169
8.1499996e-10 -0.56694657
8.1249996e-10 -0.53390765
8.0999996e-10 -0.55678529
8.0749996e-10 -0.57803994
8.0499996e-10 -0.54956818
8.0249996e-10 -0.5673148
7.9999996e-10 -0.56235492
7.9749995e-10 -0.54323906
7.9499995e-10 -0.58474082
7.9249995e-10 -0.57054073
7.8999995e-10 -0.54476583
7.8749995e-10 -0.55019045
7.8499995e-10 -0.52755845
7.8249995e-10 -0.55768877
7.7999995e-10 -0.55408484
7.7749995e-10 -0.54258132
7.7499995e-10 -0.52010423
7.7249995e-10 -0.54639757
7.6999995e-10 -0.54645425
7.6749995e-10 -0.56818289
7.6499995e-10 -0.58901113
7.6249995e-10 -0.56456703
7.5999995e-10 -0.55612725
7.5749995e-10 -0.52067113
7.5499995e-10 -0.5558117
7.5249995e-10 -0.53157675
7.4999995e-10 -0.55148542
7.4749995e-10 -0.57193136
7.4499995e-10 -0.55697644
7.4249995e-10 -0.54250324
7.3999995e-10 -0.56919253
7.3749995e-10 -0.5661791
7.3499995e-10 -0.5461325
7.3249995e-10 -0.55178946
7.2999995e-10 -0.55326074
7.2749995e-10 -0.55523163
7.2499995e-10 -0.54413992
7.2249995e-10 -0.53566456
7.1999995e-10 -0.56134701
7.1749995e-10 -0.59315312
7.1499995e-10 -0.56320769
7.1249995e-10 -0.57490689
7.0999995e-10 -0.54785287
7.0749995e-10 -0.57990664
7.0499995e-10 -0.56172234
7.0249995e-10 -0.54122072
6.9999995e-10 -0.5862844
6.9749995e-10 -0.59095073
6.9499995e-10 -0.57121736
6.9249995e-10 -0.56561261
6.8999995e-10 -0.590536
6.8749995e-10 -0.58053881
6.8499995e-10 -0.58409679
6.8249995e-10 -0.57034785
6.7999995e-10 -0.58234769
6.7749995e-10 -0.56164354
6.7499994e-10 -0.58210927
6.7249994e-10 -0.60760075
6.6999994e-10 -0.60604912
6.6749994e-10 -0.61780536
6.6499994e-10 -0.59226054
6.6249994e-10 -0.63385105
6.5999994e-10 -0.61266428
6.5749994e-10 -0.58961606
6.5499994e-10 -0.58069938
6.5249994e-10 -0.60143179
6.4999994e-10 -0.60026175
6.4749994e-10 -0.61047924
6.4499994e-10 -0.61088216
6.4249994e-10 -0.59348577
6.3999994e-10 -0.59654957
6.3749994e-10 -0.56932729
6.3499994e-10 -0.60908538
6.3249994e-10 -0.61165798
6.2999994e-10 -0.58905083
6.2749994e-10 -0.58628643
6.2499994e-10 -0.59971941
6.2249994e-10 -0.61851847
6.1999994e-10 -0.58818763
6.1749994e-10 -0.58905625
6.1499994e-10 -0.63227385
6.1249994e-10 -0.59272456
6.0999994e-10 -0.59223884
6.0749994e-10 -0.59960312
6.0499994e-10 -0.61522508
6.0249994e-10 -0.58010185
5.9999994e-10 -0.61109042
5.9749994e-10 -0.60373902
5.9499994e-10 -0.61283171
5.9249994e-10 -0.61711508
5.8999994e-10 -0.63637984
5.8749994e-10 -0.65398008
5.8499994e-10 -0.61536217
5.8249994e-10 -0.6071617
5.7999994e-10 -0.62447739
5.7749994e-10 -0.6324811
5.7499994e-10 -0.60177451
5.7249994e-10 -0.59629083
5.6999994e-10 -0.63844198
5.6749994e-10 -0.61177242
5.6499994e-10 -0.60219669
5.6249994e-10 -0.59473854
5.5999994e-10 -0.65252173
5.5749994e-10 -0.64238286
5.5499993e-10 -0.6131922
5.5249993e-10 -0.61868262
5.4999993e-10 -0.64668077
5.4749993e-10 -0.61901551
5.4499993e-10 -0.66611773
5.4249993e-10 -0.60668558
5.3999993e-10 -0.63464838
5.3749993e-10 -0.60654974
5.3499993e-10 -0.6207853
5.3249999e-10 -0.64451379
5.2999999e-10 -0.63644487
5.2749999e-10 -0.63494217
5.2499999e-10 -0.63532847
5.2249999e-10 -0.65173995
5.1999999e-10 -0.64148825
5.1749999e-10 -0.63733482
5.1499999e-10 -0.62038153
5.1249999e-10 -0.60912222
5.0999999e-10 -0.65710872
5.0749999e-10 -0.6728301
5.0499999e-10 -0.65568078
5.0249999e-10 -0.68365175
4.9999999e-10 -0.66439044
4.9749999e-10 -0.65777063
4.9499999e-10 -0.65663779
4.9249999e-10 -0.65679443
4.8999999e-10 -0.66552943
4.8749998e-10 -0.64135569
4.8499998e-10 -0.64346504
4.8249998e-10 -0.6730969
4.7999998e-10 -0.6528247
4.7749998e-10 -0.69443101
4.7499998e-10 -0.64102536
4.7249998e-10 -0.66076648
4.6999998e-10 -0.66500604
4.6749998e-10 -0.69787896
4.6499998e-10 -0.67527813
4.6249998e-10 -0.65932214
4.5999998e-10 -0.64613175
4.5749998e-10 -0.65890682
4.5499998e-10 -0.6508795
4.5249998e-10 -0.66560578
4.4999998e-10 -0.66158873
4.4749998e-10 -0.69886535
4.4499998e-10 -0.67891884
4.4249998e-10 -0.715707
4.3999998e-10 -0.70209181
4.3749998e-10 -0.68967205
4.3499998e-10 -0.70495421
4.3249998e-10 -0.7072615
4.2999998e-10 -0.69437951
4.2749998e-10 -0.69488156
4.2499998e-10 -0.67997336
4.2249998e-10 -0.70858485
4.1999998e-10 -0.68070036
4.1749998e-10 -0.708664
4.1499998e-10 -0.73088735
4.1249998e-10 -0.70733744
4.0999998e-10 -0.69616067
4.0749998e-10 -0.70840985
4.0499998e-10 -0.70993578
4.0249998e-10 -0.71502376
3.9999998e-10 -0.69995248
3.9749998e-10 -0.68849701
3.9499998e-10 -0.73916602
3.9249998e-10 -0.73222458
3.8999998e-10 -0.69738078
3.8749998e-10 -0.71315527
3.8499998e-10 -0.70898664
3.8249998e-10 -0.71362698
3.7999998e-10 -0.72705501
3.7749998e-10 -0.70763564
3.7499998e-10 -0.72115386
3.7249998e-10 -0.71745491
3.6999998e-10 -0.71732819
3.6749997e-10 -0.71842742
3.6499997e-10 -0.7225849
3.6249997e-10 -0.71905047
3.5999997e-10 -0.73781806
3.5749997e-10 -0.75996858
3.5499997e-10 -0.73814303
3.5249997e-10 -0.71709102
3.4999997e-10 -0.72131312
3.4749997e-10 -0.75791675
3.4499997e-10 -0.72647399
3.4249997e-10 -0.74252659
3.3999997e-10 -0.76189876
3.3749997e-10 -0.72089976
3.3499997e-10 -0.76684523
3.3249997e-10 -0.77559358
3.2999997e-10 -0.76074409
3.2749997e-10 -0.74317664
3.2499997e-10 -0.75503433
3.2249997e-10 -0.77031058
3.1999997e-10 -0.78944987
3.1749997e-10 -0.76365513
3.1499997e-10 -0.75817811
3.1249997e-10 -0.73940623
3.0999997e-10 -0.80056137
3.0749997e-10 -0.82391763
3.0499997e-10 -0.78066534
3.0249997e-10 -0.78573811
2.9999997e-10 -0.77843451
2.9749997e-10 -0.81666279
2.9499997e-10 -0.80561686
2.9249997e-10 -0.80979604
2.8999997e-10 -0.83901173
2.8749997e-10 -0.8295424
2.8499997e-10 -0.81060386
2.8249997e-10 -0.8356052
2.7999997e-10 -0.84896159
2.7749997e-10 -0.85512084
2.7499997e-10 -0.85223103
2.7249997e-10 -0.83712518
2.6999997e-10 -0.85035068
2.6749997e-10 -0.85726637
2.6499997e-10 -0.82966918
2.6249997e-10 -0.85298294
2.5999997e-10 -0.89908439
2.5749997e-10 -0.87837964
2.5499997e-10 -0.88842207
2.5249997e-10 -0.85046893
2.4999997e-10 -0.91023457
2.4749996e-10 -0.8795976
2.4499996e-10 -0.88950205
2.4249996e-10 -0.88342023
2.3999996e-10 -0.88930976
2.3749996e-10 -0.91991127
2.3499996e-10 -0.91110742
2.3249996e-10 -0.91275156
2.2999996e-10 -0.93218327
2.2749996e-10 -0.92353255
2.2499996e-10 -0.90956849
2.2249996e-10 -0.95815176
2.1999996e-10 -0.9190591
2.1749996e-10 -0.93383086
2.1499996e-10 -0.9495883
2.1249996e-10 -0.92289174
2.0999996e-10 -0.93903404
2.0749996e-10 -0.94410259
2.0499996e-10 -0.9576323
2.0249996e-10 -0.96063429
1.9999996e-10 -0.97109854
1.9749996e-10 -0.95263952
1.9499996e-10 -0.968135
1.9249996e-10 -0.95614833
1.8999996e-10 -0.95820475
1.8749996e-10 -0.97070527
1.8499996e-10 -0.97683394
1.8249996e-10 -0.96344346
1.7999996e-10 -0.95884144
1.7749996e-10 -0.95903885
1.7499996e-10 -0.96029347
1.7249996e-10 -0.96174544
1.6999996e-10 -0.98279583
1.6749996e-10 -1.022453
1.6499996e-10 -0.97030383
1.6249996e-10 -0.98920101
1.5999996e-10 -1.0000486
1.5749996e-10 -1.0118129
1.5499996e-10 -1.0234032
1.5249996e-10 -0.99886268
1.4999996e-10 -1.0081609
1.4749996e-10 -0.98591775
1.4499996e-10 -0.99797267
1.4249996e-10 -1.0085281
1.3999996e-10 -0.97854894
1.3749996e-10 -0.99183774
1.3499996e-10 -1.0223242
1.3249996e-10 -1.0346267
1.2999996e-10 -1.001832
1.2749996e-10 -0.99968153
1.2499995e-10 -1.0119053
1.2249995e-10 -1.0282099
1.1999995e-10 -1.0025064
1.1749995e-10 -1.0139244
1.1499995e-10 -1.0330023
1.1249995e-10 -1.0231773
1.0999995e-10 -1.0411854
1.0749995e-10 -1.0085186
1.0499995e-10 -1.0436591
1.0249995e-10 -1.0235132
9.9999953e-11 -1.0369941
9.7499953e-11 -1.0128694
9.4999952e-11 -1.0507469
9.2499952e-11 -1.0442417
8.9999952e-11 -1.0722433
8.7499952e-11 -1.0568993
8.4999952e-11 -1.0354753
8.2499951e-11 -1.0549076
7.9999951e-11 -1.0519952
7.7499951e-11 -1.085694
7.4999951e-11 -1.0677154
7.249995e-11 -1.0800263
6.999995e-11 -1.0931189
6.7500006e-11 -1.0912833
6.5000005e-11 -1.0984057
6.2500005e-11 -1.0989863
6.0000005e-11 -1.1461918
5.7500005e-11 -1.1342022
5.5000005e-11 -1.1204233
5.2500004e-11 -1.1460341
5.0000004e-11 -1.1300828
4.7500004e-11 -1.1416043
4.5000004e-11 -1.1070911
4.2500004e-11 -1.1241188
4.0000003e-11 -1.149775
3.7500003e-11 -1.1757621
3.5000003e-11 -1.1856774
3.2500003e-11 -1.1873868
3.0000002e-11 -1.2004619
2.7500002e-11 -1.2001767
2.5000002e-11 -1.2094824
2.2500002e-11 -1.2187704
2.0000002e-11 -1.2162629
1.7500001e-11 -1.2561272
1.5000001e-11 -1.2046311
1.2500001e-11 -1.1770084
1.0000001e-11 -1.2653522
7.5000006e-12 -1.2614387
5.0000004e-12 -1.2211963
2.5000002e-12 -1.2824579
0.0 -1.2625165
