0.0 -1.3389863
2.5000002e-12 -1.2719318
5.0000004e-12 -1.3039179
7.5000006e-12 -1.2916375
1.0000001e-11 -1.2824365
1.2500001e-11 -1.2607434
1.5000001e-11 -1.2891352
1.7500001e-11 -1.2809305
2.0000002e-11 -1.2314324
2.2500002e-11 -1.2299782
2.5000002e-11 -1.2464995
2.7500002e-11 -1.2932683
3.0000002e-11 -1.2182325
3.2500003e-11 -1.1983032
3.5000003e-11 -1.1939421
3.7500003e-11 -1.2018222
4.0000003e-11 -1.1807873
4.2500004e-11 -1.1693947
4.5000004e-11 -1.1954746
4.7500004e-11 -1.147086
5.0000004e-11 -1.1436169
5.2500004e-11 -1.1312919
5.5000005e-11 -1.1622941
5.7500005e-11 -1.1339735
6.0000005e-11 -1.1351801
6.2500005e-11 -1.1339375
6.5000005e-11 -1.1370327
6.7500006e-11 -1.1607853
6.999995e-11 -1.1198862
7.249995e-11 -1.1099662
7.4999951e-11 -1.095636
7.7499951e-11 -1.0775995
7.9999951e-11 -1.0853969
8.2499951e-11 -1.0859171
8.4999952e-11 -1.0796734
8.7499952e-11 -1.094195
8.9999952e-11 -1.0885354
9.2499952e-11 -1.0530487
9.4999952e-11 -1.034205
9.7499953e-11 -1.0544699
9.9999953e-11 -1.03321
1.0249995e-10 -1.0385667
1.0499995e-10 -1.0532691
1.0749995e-10 -1.0063405
1.0999995e-10 -1.0402108
1.1249995e-10 -1.0410466
1.1499995e-10 -1.0139774
1.1749995e-10 -1.0442474
1.1999995e-10 -1.021942
1.2249995e-10 -0.99547982
1.2499995e-10 -1.0072058
1.2749996e-10 -0.98991573
1.2999996e-10 -0.95329869
1.3249996e-10 -0.97753137
1.3499996e-10 -0.9969753
1.3749996e-10 -1.0101651
1.3999996e-10 -0.96888065
1.4249996e-10 -0.99063629
1.4499996e-10 -1.0086354
1.4749996e-10 -0.96018749
1.4999996e-10 -0.9635855
1.5249996e-10 -0.9028734
1.5499996e-10 -0.94643837
1.5749996e-10 -0.92196774
1.5999996e-10 -0.98449355
1.6249996e-10 -0.96783119
1.6499996e-10 -0.96332633
1.6749996e-10 -0.92637515
1.6999996e-10 -0.95420474
1.7249996e-10 -0.9512496
1.7499996e-10 -0.94917226
1.7749996e-10 -0.93708718
1.7999996e-10 -0.92540646
1.8249996e-10 -0.95492005
1.8499996e-10 -0.92165309
1.8749996e-10 -0.92614508
1.8999996e-10 -0.9202252
1.9249996e-10 -0.95979077
1.9499996e-10 -0.94914365
1.9749996e-10 -0.9471128
1.9999996e-10 -0.93324143
2.0249996e-10 -0.94731814
2.0499996e-10 -0.92957914
2.0749996e-10 -0.93589318
2.0999996e-10 -0.93488479
2.1249996e-10 -0.94342846
2.1499996e-10 -0.92842662
2.1749996e-10 -0.93310809
2.1999996e-10 -0.96165574
2.2249996e-10 -0.96028006
2.2499996e-10 -0.96707445
2.2749996e-10 -0.9674927
2.2999996e-10 -0.9686324
2.3249996e-10 -0.93642235
2.3499996e-10 -0.94785923
2.3749996e-10 -0.93797886
2.3999996e-10 -0.93957484
2.4249996e-10 -0.94659656
2.4499996e-10 -0.97229469
2.4749996e-10 -0.97065842
2.4999997e-10 -0.9173913
2.5249997e-10 -0.97358084
2.5499997e-10 -0.9429161
2.5749997e-10 -0.95289695
2.5999997e-10 -0.95720404
2.6249997e-10 -0.98778522
2.6499997e-10 -0.94189036
2.6749997e-10 -0.96039295
2.6999997e-10 -0.91241264
2.7249997e-10 -0.92112517
2.7499997e-10 -0.93220717
2.7749997e-10 -0.92848539
2.7999997e-10 -0.92108184
2.8249997e-10 -0.91882354
2.8499997e-10 -0.95811498
2.8749997e-10 -0.92509866
2.8999997e-10 -0.90906084
2.9249997e-10 -0.92576367
2.9499997e-10 -0.93403101
2.9749997e-10 -0.92862558
2.9999997e-10 -0.9089182
3.0249997e-10 -0.93154246
3.0499997e-10 -0.79475683
3.0749997e-10 -0.87329364
3.0999997e-10 -0.90503263
3.1249997e-10 -0.91417348
3.1499997e-10 -0.91130686
3.1749997e-10 -0.83390033
3.1999997e-10 -0.76671207
3.2249997e-10 -0.85597223
3.2499997e-10 -0.89979303
3.2749997e-10 -0.91482198
3.2999997e-10 -0.85891896
3.3249997e-10 -0.86324358
3.3499997e-10 -0.88317955
3.3749997e-10 -0.85693395
3.3999997e-10 -0.85588169
3.4249997e-10 -0.80704695
3.4499997e-10 -0.80343455
3.4749997e-10 -0.80897224
3.4999997e-10 -0.78937411
3.5249997e-10 -0.82498294
3.5499997e-10 -0.7872206
3.5749997e-10 -0.76636785
3.5999997e-10 -0.80271405
3.6249997e-10 -0.76895893
3.6499997e-10 -0.78692406
3.6749997e-10 -0.77495879
3.6999998e-10 -0.77989548
3.7249998e-10 -0.77155906
3.7499998e-10 -0.71000689
3.7749998e-10 -0.73012304
3.7999998e-10 -0.70753002
3.8249998e-10 -0.73032576
3.8499998e-10 -0.70984858
3.8749998e-10 -0.74513674
3.8999998e-10 -0.69840866
3.9249998e-10 -0.73948956
3.9499998e-10 -0.73908401
3.9749998e-10 -0.73931718
3.9999998e-10 -0.72573835
4.0249998e-10 -0.67712629
4.0499998e-10 -0.68583632
4.0749998e-10 -0.66745228
4.0999998e-10 -0.71827447
4.1249998e-10 -0.67290545
4.1499998e-10 -0.67914927
4.1749998e-10 -0.68930227
4.1999998e-10 -0.68123692
4.2249998e-10 -0.68611997
4.2499998e-10 -0.67201591
4.2749998e-10 -0.67600542
4.2999998e-10 -0.68245584
4.3249998e-10 -0.6831463
4.3499998e-10 -0.69494766
4.3749998e-10 -0.68527019
4.3999998e-10 -0.61051112
4.4249998e-10 -0.66949004
4.4499998e-10 -0.65757561
4.4749998e-10 -0.66661698
4.4999998e-10 -0.68509293
4.5249998e-10 -0.67080986
4.5499998e-10 -0.68673819
4.5749998e-10 -0.66114622
4.5999998e-10 -0.63694382
4.6249998e-10 -0.67541057
4.6499998e-10 -0.60733062
4.6749998e-10 -0.6635049
4.6999998e-10 -0.65794259
4.7249998e-10 -0.66131526
4.7499998e-10 -0.67145842
4.7749998e-10 -0.61925024
4.7999998e-10 -0.63327175
4.8249998e-10 -0.67437321
4.8499998e-10 -0.66274941
4.8749998e-10 -0.67077225
4.8999999e-10 -0.6167298
4.9249999e-10 -0.64226604
4.9499999e-10 -0.65953285
4.9749999e-10 -0.61244404
4.9999999e-10 -0.64138794
5.0249999e-10 -0.61302274
5.0499999e-10 -0.66107845
5.0749999e-10 -0.59906691
5.0999999e-10 -0.63153911
5.1249999e-10 -0.60977465
5.1499999e-10 -0.63021642
5.1749999e-10 -0.63240767
5.1999999e-10 -0.65849769
5.2249999e-10 -0.6673333
5.2499999e-10 -0.61327738
5.2749999e-10 -0.62205005
5.2999999e-10 -0.62035406
5.3249999e-10 -0.66545767
5.3499993e-10 -0.60623991
5.3749993e-10 -0.60522771
5.3999993e-10 -0.639763
5.4249993e-10 -0.66667771
5.4499993e-10 -0.59536928
5.4749993e-10 -0.62741381
5.4999993e-10 -0.62687904
5.5249993e-10 -0.62563485
5.5499993e-10 -0.59481436
5.5749994e-10 -0.61140037
5.5999994e-10 -0.57575792
5.6249994e-10 -0.6155141
5.6499994e-10 -0.60947633
5.6749994e-10 -0.64112842
5.6999994e-10 -0.59579313
5.7249994e-10 -0.61409229
5.7499994e-10 -0.67719918
5.7749994e-10 -0.62449116
5.7999994e-10 -0.57627541
5.8249994e-10 -0.59800452
5.8499994e-10 -0.60509056
5.8749994e-10 -0.62118542
5.8999994e-10 -0.65238696
5.9249994e-10 -0.65156323
5.9499994e-10 -0.6205976
5.9749994e-10 -0.61651856
5.9999994e-10 -0.60431176
6.0249994e-10 -0.61774725
6.0499994e-10 -0.64165199
6.0749994e-10 -0.6169576
6.0999994e-10 -0.62124616
6.1249994e-10 -0.62827396
6.1499994e-10 -0.62891835
6.1749994e-10 -0.59820771
6.1999994e-10 -0.63131386
6.2249994e-10 -0.59003198
6.2499994e-10 -0.62135965
6.2749994e-10 -0.61334896
6.2999994e-10 -0.62833387
6.3249994e-10 -0.59304398
6.3499994e-10 -0.62279755
6.3749994e-10 -0.60738057
6.3999994e-10 -0.60450351
6.4249994e-10 -0.61759096
6.4499994e-10 -0.61253572
6.4749994e-10 -0.61374211
6.4999994e-10 -0.60940093
6.5249994e-10 -0.59415662
6.5499994e-10 -0.62838519
6.5749994e-10 -0.56578904
6.5999994e-10 -0.5893361
6.6249994e-10 -0.61346012
6.6499994e-10 -0.63177055
6.6749994e-10 -0.58961511
6.6999994e-10 -0.57362294
6.7249994e-10 -0.63484102
6.7499994e-10 -0.60131967
6.7749995e-10 -0.56864309
6.7999995e-10 -0.59335011
6.8249995e-10 -0.552333
6.8499995e-10 -0.59567577
6.8749995e-10 -0.63372505
6.8999995e-10 -0.59454083
6.9249995e-10 -0.60802311
6.9499995e-10 -0.55624813
6.9749995e-10 -0.62406355
6.9999995e-10 -0.60390043
7.0249995e-10 -0.59876502
7.0499995e-10 -0.570858
7.0749995e-10 -0.59203595
7.0999995e-10 -0.60357261
7.1249995e-10 -0.55261314
7.1499995e-10 -0.59985036
7.1749995e-10 -0.59813279
7.1999995e-10 -0.56434655
7.2249995e-10 -0.63128895
7.2499995e-10 -0.60759103
7.2749995e-10 -0.56913
7.2999995e-10 -0.60324311
7.3249995e-10 -0.6252169
7.3499995e-10 -0.620076
7.3749995e-10 -0.58908212
7.3999995e-10 -0.58907503
7.4249995e-10 -0.58233654
7.4499995e-10 -0.57229006
7.4749995e-10 -0.52742004
7.4999995e-10 -0.6141116
7.5249995e-10 -0.60440683
7.5499995e-10 -0.57910657
7.5749995e-10 -0.59205317
7.5999995e-10 -0.58084971
7.6249995e-10 -0.57022965
7.6499995e-10 -0.58749926
7.6749995e-10 -0.52204645
7.6999995e-10 -0.58484566
7.7249995e-10 -0.604873
7.7499995e-10 -0.57009923
7.7749995e-10 -0.61056274
7.7999995e-10 -0.57404137
7.8249995e-10 -0.60552454
7.8499995e-10 -0.5319373
7.8749995e-10 -0.58188963
7.8999995e-10 -0.53166783
7.9249995e-10 -0.59850806
7.9499995e-10 -0.59659559
7.9749995e-10 -0.56840175
7.9999996e-10 -0.5636158
8.0249996e-10 -0.61696845
8.0499996e-10 -0.56295258
8.0749996e-10 -0.56794089
8.0999996e-10 -0.58970112
8.1249996e-10 -0.52323437
8.1499996e-10 -0.58941031
8.1749996e-10 -0.57581627
8.1999996e-10 -0.56582922
8.2249996e-10 -0.58739573
8.2499996e-10 -0.56717235
8.2749996e-10 -0.56618345
8.2999996e-10 -0.55835378
8.3249996e-10 -0.54218501
8.3499996e-10 -0.57772106
8.3749996e-10 -0.57613558
8.3999996e-10 -0.51452094
8.4249996e-10 -0.59712833
8.4499996e-10 -0.53786653
8.4749996e-10 -0.56851012
8.4999996e-10 -0.56815737
8.5249996e-10 -0.57245833
8.5499996e-10 -0.543908
8.5749996e-10 -0.56425703
8.5999996e-10 -0.54551655
8.6249996e-10 -0.56509787
8.6499996e-10 -0.54104477
8.6749996e-10 -0.56361705
8.6999996e-10 -0.54006207
8.7249996e-10 -0.58849823
8.7499996e-10 -0.55789447
8.7749996e-10 -0.57753634
8.7999996e-10 -0.58309275
8.8249996e-10 -0.57353783
8.8499996e-10 -0.56596088
8.8749996e-10 -0.58648098
8.8999996e-10 -0.53285789
8.9249996e-10 -0.53753817
8.9499996e-10 -0.55163789
8.9749996e-10 -0.57668877
8.9999996e-10 -0.54271716
9.0249996e-10 -0.56543273
9.0499996e-10 -0.56198156
9.0749996e-10 -0.53201282
9.0999996e-10 -0.56286645
9.1249996e-10 -0.57944512
9.1499996e-10 -0.54232967
9.1749996e-10 -0.54997391
9.1999997e-10 -0.54211187
9.2249997e-10 -0.58230084
9.2499997e-10 -0.55566967
9.2749997e-10 -0.53306144
9.2999997e-10 -0.50323987
9.3249997e-10 -0.53729302
9.3499997e-10 -0.59945148
9.3749997e-10 -0.54902011
9.3999997e-10 -0.60283881
9.4249997e-10 -0.5516153
9.4499997e-10 -0.53447759
9.4749997e-10 -0.57554919
9.4999997e-10 -0.53549409
9.5249997e-10 -0.59376252
9.5499997e-10 -0.56686878
9.5749997e-10 -0.53423887
9.5999997e-10 -0.56944585
9.6249997e-10 -0.56022549
9.6499997e-10 -0.56328464
9.6749997e-10 -0.55607235
9.6999997e-10 -0.58047938
9.7249997e-10 -0.53938955
9.7499997e-10 -0.56953925
9.7749997e-10 -0.55774045
9.7999997e-10 -0.54549879
9.8249997e-10 -0.54717708
9.8499997e-10 -0.57225704
9.8749997e-10 -0.56189919
9.8999997e-10 -0.5585286
9.9249997e-10 -0.57384467
9.9499997e-10 -0.55809665
9.9749997e-10 -0.55963397
9.9999997e-10 -0.55212539
