9.9999997e-10 -0.54692596
9.9749997e-10 -0.50885326
9.9499997e-10 -0.54425305
9.9249997e-10 -0.49406639
9.8999997e-10 -0.5362727
9.8749997e-10 -0.51985306
9.8499997e-10 -0.5535453
9.8249997e-10 -0.53758705
9.7999997e-10 -0.55326289
9.7749997e-10 -0.554003
9.7499997e-10 -0.5120998
9.7249997e-10 -0.57631975
9.6999997e-10 -0.53875071
9.6749997e-10 -0.53289461
9.6499997e-10 -0.53479695
9.6249997e-10 -0.55751401
9.5999997e-10 -0.53778166
9.5749997e-10 -0.52720332
9.5499997e-10 -0.53820974
9.5249997e-10 -0.55461782
9.4999997e-10 -0.53567392
9.4749997e-10 -0.50707799
9.4499997e-10 -0.54657233
9.4249997e-10 -0.54299921
9.3999997e-10 -0.51881683
9.3749997e-10 -0.56912547
9.3499997e-10 -0.56273854
9.3249997e-10 -0.55055678
9.2999997e-10 -0.53833717
9.2749997e-10 -0.55534875
9.2499997e-10 -0.5093134
9.2249997e-10 -0.54418981
9.1999997e-10 -0.54462075
9.1749996e-10 -0.53630066
9.1499996e-10 -0.53799886
9.1249996e-10 -0.5554722
9.0999996e-10 -0.56492364
9.0749996e-10 -0.57711351
9.0499996e-10 -0.55267334
9.0249996e-10 -0.57487768
8.9999996e-10 -0.55819052
8.9749996e-10 -0.52321827
8.9499996e-10 -0.54669261
8.9249996e-10 -0.53915632
8.8999996e-10 -0.54717636
8.8749996e-10 -0.54577982
8.8499996e-10 -0.54282361
8.8249996e-10 -0.53841269
8.7999996e-10 -0.53546143
8.7749996e-10 -0.57982057
8.7499996e-10 -0.54626524
8.7249996e-10 -0.54998457
8.6999996e-10 -0.54123718
8.6749996e-10 -0.53020591
8.6499996e-10 -0.56427443
8.6249996e-10 -0.54338586
8.5999996e-10 -0.54104155
8.5749996e-10 -0.55184448
8.5499996e-10 -0.58213478
8.5249996e-10 -0.57118589
8.4999996e-10 -0.5517925
8.4749996e-10 -0.55806953
8.4499996e-10 -0.56024307
8.4249996e-10 -0.5492934
8.3999996e-10 -0.55141205
8.3749996e-10 -0.5575332
8.3499996e-10 -0.54233599
8.3249996e-10 -0.551364
8.2999996e-10 -0.57923436
8.2749996e-10 -0.53582096
8.2499996e-10 -0.53852528
8.2249996e-10 -0.57187313
8.1999996e-10 -0.5331099
8.1749996e-10 -0.52819818
8.1499996e-10 -0.56426293
8.1249996e-10 -0.57515377
8.0999996e-10 -0.57698256
8.0749996e-10 -0.53361702
8.0499996e-10 -0.56715477
8.0249996e-10 -0.56796229
7.9999996e-10 -0.52755892
7.9749995e-10 -0.58240628
7.9499995e-10 -0.56317079
7.9249995e-10 -0.54019636
7.8999995e-10 -0.55600071
7.8749995e-10 -0.56186914
7.8499995e-10 -0.55018675
7.8249995e-10 -0.54889905
7.7999995e-10 -0.54369742
7.7749995e-10 -0.56812149
7.7499995e-10 -0.56323934
7.7249995e-10 -0.57654798
7.6999995e-10 -0.55243045
7.6749995e-10 -0.56389248
7.6499995e-10 -0.55779618
7.6249995e-10 -0.53467524
7.5999995e-10 -0.55877775
7.5749995e-10 -0.55029792
7.5499995e-10 -0.58348173
7.5249995e-10 -0.52601606
7.4999995e-10 -0.54082543
7.4749995e-10 -0.57001925
7.4499995e-10 -0.55370909
7.4249995e-10 -0.55944002
7.3999995e-10 -0.54527217
7.3749995e-10 -0.54259992
7.3499995e-10 -0.57087529
7.3249995e-10 -0.56623286
7.2999995e-10 -0.57427275
7.2749995e-10 -0.57192785
7.2499995e-10 -0.54937327
7.2249995e-10 -0.53285885
7.1999995e-10 -0.57553923
7.1749995e-10 -0.58092111
7.1499995e-10 -0.55209696
7.1249995e-10 -0.55243731
7.0999995e-10 -0.56287336
7.0749995e-10 -0.57310259
7.0499995e-10 -0.56296551
7.0249995e-10 -0.57550806
6.9999995e-10 -0.56845081
6.9749995e-10 -0.5534628
6.9499995e-10 -0.56598389
6.9249995e-10 -0.58600235
6.8999995e-10 -0.58279127
6.8749995e-10 -0.54578811
6.8499995e-10 -0.551709
6.8249995e-10 -0.54976201
6.7999995e-10 -0.56909657
6.7749995e-10 -0.5721032
6.7499994e-10 -0.56231844
6.7249994e-10 -0.59528625
6.6999994e-10 -0.588314
6.6749994e-10 -0.57799083
6.6499994e-10 -0.58361655
6.6249994e-10 -0.56492209
6.5999994e-10 -0.57901794
6.5749994e-10 -0.61080652
6.5499994e-10 -0.58326536
6.5249994e-10 -0.59344405
6.4999994e-10 -0.60973525
6.4749994e-10 -0.59580916
6.4499994e-10 -0.57023484
6.4249994e-10 -0.60964638
6.3999994e-10 -0.60470635
6.3749994e-10 -0.59410739
6.3499994e-10 -0.59545738
6.3249994e-10 -0.62508005
6.2999994e-10 -0.60810119
6.2749994e-10 -0.60255879
6.2499994e-10 -0.57938749
6.2249994e-10 -0.59566748
6.1999994e-10 -0.61390972
6.1749994e-10 -0.6176728
6.1499994e-10 -0.60202569
6.1249994e-10 -0.59091115
6.0999994e-10 -0.62535179
6.0749994e-10 -0.58701617
6.0499994e-10 -0.59956586
6.0249994e-10 -0.62453651
5.9999994e-10 -0.57394481
5.9749994e-10 -0.58902293
5.9499994e-10 -0.60815185
5.9249994e-10 -0.62260747
5.8999994e-10 -0.61576468
5.8749994e-10 -0.60466731
5.8499994e-10 -0.61257523
5.8249994e-10 -0.603181
5.7999994e-10 -0.62212241
5.7749994e-10 -0.61180317
5.7499994e-10 -0.62280172
5.7249994e-10 -0.59709001
5.6999994e-10 -0.66407442
5.6749994e-10 -0.61719477
5.6499994e-10 -0.63422757
5.6249994e-10 -0.61682683
5.5999994e-10 -0.6221171
5.5749994e-10 -0.57631129
5.5499993e-10 -0.62977427
5.5249993e-10 -0.61720139
5.4999993e-10 -0.63015223
5.4749993e-10 -0.61099589
5.4499993e-10 -0.63124394
5.4249993e-10 -0.59959817
5.3999993e-10 -0.6260832
5.3749993e-10 -0.61088634
5.3499993e-10 -0.63080466
5.3249999e-10 -0.64281523
5.2999999e-10 -0.63186634
5.2749999e-10 -0.64991516
5.2499999e-10 -0.61655754
5.2249999e-10 -0.65866548
5.1999999e-10 -0.61280364
5.1749999e-10 -0.64030319
5.1499999e-10 -0.64179367
5.1249999e-10 -0.6390208
5.0999999e-10 -0.65150583
5.0749999e-10 -0.64532214
5.0499999e-10 -0.64864051
5.0249999e-10 -0.66176826
4.9999999e-10 -0.60907954
4.9749999e-10 -0.65987557
4.9499999e-10 -0.62158078
4.9249999e-10 -0.65244061
4.8999999e-10 -0.669164
4.8749998e-10 -0.63738894
4.8499998e-10 -0.66001904
4.8249998e-10 -0.63159078
4.7999998e-10 -0.63629055
4.7749998e-10 -0.66620141
4.7499998e-10 -0.63853639
4.7249998e-10 -0.64573699
4.6999998e-10 -0.66799122
4.6749998e-10 -0.67629141
4.6499998e-10 -0.68451959
4.6249998e-10 -0.65614939
4.5999998e-10 -0.67684972
4.5749998e-10 -0.70565718
4.5499998e-10 -0.67474705
4.5249998e-10 -0.66947186
4.4999998e-10 -0.69233966
4.4749998e-10 -0.63939553
4.4499998e-10 -0.68742359
4.4249998e-10 -0.66847563
4.3999998e-10 -0.68548155
4.3749998e-10 -0.68760628
4.3499998e-10 -0.71353698
4.3249998e-10 -0.6953339
4.2999998e-10 -0.67789274
4.2749998e-10 -0.69032478
4.2499998e-10 -0.67925406
4.2249998e-10 -0.68353826
4.1999998e-10 -0.70299965
4.1749998e-10 -0.6846267
4.1499998e-10 -0.68862617
4.1249998e-10 -0.68183589
4.0999998e-10 -0.70496643
4.0749998e-10 -0.68303913
4.0499998e-10 -0.71145993
4.0249998e-10 -0.71646529
3.9999998e-10 -0.70866215
3.9749998e-10 -0.72245395
3.9499998e-10 -0.72288084
3.9249998e-10 -0.72164708
3.8999998e-10 -0.74618065
3.8749998e-10 -0.70606905
3.8499998e-10 -0.70717579
3.8249998e-10 -0.71276599
3.7999998e-10 -0.70417255
3.7749998e-10 -0.72618639
3.7499998e-10 -0.72082829
3.7249998e-10 -0.72347963
3.6999998e-10 -0.72186935
3.6749997e-10 -0.73695236
3.6499997e-10 -0.73841053
3.6249997e-10 -0.7307241
3.5999997e-10 -0.74380499
3.5749997e-10 -0.74035937
3.5499997e-10 -0.71454716
3.5249997e-10 -0.76888222
3.4999997e-10 -0.74239028
3.4749997e-10 -0.76334298
3.4499997e-10 -0.74404126
3.4249997e-10 -0.75087595
3.3999997e-10 -0.76332319
3.3749997e-10 -0.76079202
3.3499997e-10 -0.74918592
3.3249997e-10 -0.77258563
3.2999997e-10 -0.76277995
3.2749997e-10 -0.75180608
3.2499997e-10 -0.77666807
3.2249997e-10 -0.79539388
3.1999997e-10 -0.76813394
3.1749997e-10 -0.72315574
3.1499997e-10 -0.78687263
3.1249997e-10 -0.77324533
3.0999997e-10 -0.75961214
3.0749997e-10 -0.795955
3.0499997e-10 -0.74914414
3.0249997e-10 -0.80125237
2.9999997e-10 -0.832932
2.9749997e-10 -0.7871151
2.9499997e-10 -0.8038488
2.9249997e-10 -0.81235188
2.8999997e-10 -0.81020415
2.8749997e-10 -0.79135036
2.8499997e-10 -0.83135152
2.8249997e-10 -0.82560122
2.7999997e-10 -0.82385623
2.7749997e-10 -0.84075963
2.7499997e-10 -0.84343421
2.7249997e-10 -0.83996725
2.6999997e-10 -0.85022783
2.6749997e-10 -0.80558753
2.6499997e-10 -0.87072295
2.6249997e-10 -0.85413784
2.5999997e-10 -0.86185771
2.5749997e-10 -0.89789194
2.5499997e-10 -0.87744999
2.5249997e-10 -0.87843871
2.4999997e-10 -0.88357699
2.4749996e-10 -0.88407356
2.4499996e-10 -0.89222944
2.4249996e-10 -0.86408794
2.3999996e-10 -0.87756044
2.3749996e-10 -0.90712172
2.3499996e-10 -0.91700363
2.3249996e-10 -0.92571503
2.2999996e-10 -0.92337728
2.2749996e-10 -0.88531905
2.2499996e-10 -0.92524815
2.2249996e-10 -0.94285101
2.1999996e-10 -0.91341513
2.1749996e-10 -0.93943191
2.1499996e-10 -0.95021856
2.1249996e-10 -0.93084019
2.0999996e-10 -0.91820955
2.0749996e-10 -0.96328604
2.0499996e-10 -0.94808638
2.0249996e-10 -0.94987029
1.9999996e-10 -0.94850183
1.9749996e-10 -0.93634284
1.9499996e-10 -0.9640907
1.9249996e-10 -1.0021073
1.8999996e-10 -0.96374631
1.8749996e-10 -0.97893959
1.8499996e-10 -0.98248136
1.8249996e-10 -0.97609836
1.7999996e-10 -0.99097919
1.7749996e-10 -0.95504987
1.7499996e-10 -0.97528213
1.7249996e-10 -1.0072391
1.6999996e-10 -1.0050807
1.6749996e-10 -0.99120611
1.6499996e-10 -0.97667086
1.6249996e-10 -0.99887848
1.5999996e-10 -0.97435981
1.5749996e-10 -0.99383897
1.5499996e-10 -0.98526818
1.5249996e-10 -1.0143775
1.4999996e-10 -0.94834703
1.4749996e-10 -0.97287804
1.4499996e-10 -0.99879318
1.4249996e-10 -1.0129491
1.3999996e-10 -1.0167104
1.3749996e-10 -0.99024981
1.3499996e-10 -1.0175599
1.3249996e-10 -1.007339
1.2999996e-10 -0.98676825
1.2749996e-10 -1.0130957
1.2499995e-10 -1.0049821
1.2249995e-10 -1.0499151
1.1999995e-10 -1.008872
1.1749995e-10 -1.0234489
1.1499995e-10 -1.0007113
1.1249995e-10 -1.0034261
1.0999995e-10 -1.0368271
1.0749995e-10 -1.0207943
1.0499995e-10 -1.0384012
1.0249995e-10 -1.0443627
9.9999953e-11 -1.0646003
9.7499953e-11 -1.0685186
9.4999952e-11 -1.0385718
9.2499952e-11 -1.0227196
8.9999952e-11 -1.0488042
8.7499952e-11 -1.0556695
8.4999952e-11 -1.0544266
8.2499951e-11 -1.0603456
7.9999951e-11 -1.0694979
7.7499951e-11 -1.0571312
7.4999951e-11 -1.0786839
7.249995e-11 -1.1125082
6.999995e-11 -1.072583
6.7500006e-11 -1.1101378
6.5000005e-11 -1.0985352
6.2500005e-11 -1.0892049
6.0000005e-11 -1.1060705
5.7500005e-11 -1.137989
5.5000005e-11 -1.1413757
5.2500004e-11 -1.1517828
5.0000004e-11 -1.1411381
4.7500004e-11 -1.1308959
4.5000004e-11 -1.1401181
4.2500004e-11 -1.1125995
4.0000003e-11 -1.1439784
3.7500003e-11 -1.1448945
3.5000003e-11 -1.1782342
3.2500003e-11 -1.1434306
3.0000002e-11 -1.17988
2.7500002e-11 -1.1989551
2.5000002e-11 -1.2096926
2.2500002e-11 -1.2056358
2.0000002e-11 -1.1723909
1.7500001e-11 -1.2055594
1.5000001e-11 -1.1951251
1.2500001e-11 -1.2200376
1.0000001e-11 -1.2259594
7.5000006e-12 -1.2384523
5.0000004e-12 -1.2470919
2.5000002e-12 -1.2374688
0.0 -1.2263337
