9.9999997e-10 -0.50269771
9.9749997e-10 -0.52229869
9.9499997e-10 -0.5279718
9.9249997e-10 -0.51272577
9.8999997e-10 -0.52815992
9.8749997e-10 -0.52445406
9.8499997e-10 -0.52309442
9.8249997e-10 -0.51353383
9.7999997e-10 -0.53790301
9.7749997e-10 -0.5138908
9.7499997e-10 -0.52743459
9.7249997e-10 -0.52144843
9.6999997e-10 -0.54544294
9.6749997e-10 -0.51007515
9.6499997e-10 -0.51899809
9.6249997e-10 -0.53500581
9.5999997e-10 -0.50595176
9.5749997e-10 -0.51555967
9.5499997e-10 -0.54392087
9.5249997e-10 -0.52852893
9.4999997e-10 -0.50285125
9.4749997e-10 -0.52479684
9.4499997e-10 -0.53771877
9.4249997e-10 -0.50765753
9.3999997e-10 -0.50517642
9.3749997e-10 -0.53287655
9.3499997e-10 -0.5301882
9.3249997e-10 -0.52120835
9.2999997e-10 -0.55771357
9.2749997e-10 -0.50987762
9.2499997e-10 -0.50306433
9.2249997e-10 -0.52379262
9.1999997e-10 -0.54261214
9.1749996e-10 -0.50827491
9.1499996e-10 -0.54050994
9.1249996e-10 -0.51231182
9.0999996e-10 -0.53054512
9.0749996e-10 -0.53073865
9.0499996e-10 -0.53726214
9.0249996e-10 -0.56179941
8.9999996e-10 -0.53834462
8.9749996e-10 -0.53208166
8.9499996e-10 -0.51858085
8.9249996e-10 -0.55254012
8.8999996e-10 -0.50880623
8.8749996e-10 -0.54147953
8.8499996e-10 -0.52979726
8.8249996e-10 -0.53428507
8.7999996e-10 -0.53486943
8.7749996e-10 -0.54709673
8.7499996e-10 -0.55925286
8.7249996e-10 -0.54695815
8.6999996e-10 -0.53899878
8.6749996e-10 -0.53977901
8.6499996e-10 -0.5124414
8.6249996e-10 -0.54685467
8.5999996e-10 -0.51987135
8.5749996e-10 -0.5317055
8.5499996e-10 -0.52670741
8.5249996e-10 -0.53285456
8.4999996e-10 -0.53709763
8.4749996e-10 -0.5252139
8.4499996e-10 -0.54004169
8.4249996e-10 -0.53263462
8.3999996e-10 -0.57343096
8.3749996e-10 -0.55039239
8.3499996e-10 -0.56518626
8.3249996e-10 -0.55726898
8.2999996e-10 -0.53808606
8.2749996e-10 -0.52979064
8.2499996e-10 -0.55752957
8.2249996e-10 -0.50046813
8.1999996e-10 -0.56013638
8.1749996e-10 -0.51872456
8.1499996e-10 -0.53555691
8.1249996e-10 -0.58903217
8.0999996e-10 -0.56627989
8.0749996e-10 -0.56044072
8.0499996e-10 -0.56158239
8.0249996e-10 -0.55734646
7.9999996e-10 -0.55546534
7.9749995e-10 -0.55454177
7.9499995e-10 -0.52710599
7.9249995e-10 -0.53718317
7.8999995e-10 -0.52995741
7.8749995e-10 -0.555888
7.8499995e-10 -0.56688309
7.8249995e-10 -0.58659232
7.7999995e-10 -0.59638441
7.7749995e-10 -0.57417488
7.7499995e-10 -0.56135619
7.7249995e-10 -0.55445284
7.6999995e-10 -0.56641883
7.6749995e-10 -0.57364339
7.6499995e-10 -0.55862188
7.6249995e-10 -0.55552322
7.5999995e-10 -0.56646526
7.5749995e-10 -0.56333029
7.5499995e-10 -0.56369263
7.5249995e-10 -0.55325651
7.4999995e-10 -0.59950233
7.4749995e-10 -0.55053312
7.4499995e-10 -0.56886184
7.4249995e-10 -0.56808847
7.3999995e-10 -0.60267752
7.3749995e-10 -0.55790067
7.3499995e-10 -0.57888097
7.3249995e-10 -0.5821926
7.2999995e-10 -0.56593096
7.2749995e-10 -0.5647437
7.2499995e-10 -0.57598048
7.2249995e-10 -0.59670866
7.1999995e-10 -0.58064502
7.1749995e-10 -0.60313779
7.1499995e-10 -0.55766124
7.1249995e-10 -0.57255596
7.0999995e-10 -0.60248303
7.0749995e-10 -0.60856396
7.0499995e-10 -0.59720564
7.0249995e-10 -0.59583098
6.9999995e-10 -0.59684676
6.9749995e-10 -0.56452322
6.9499995e-10 -0.57515115
6.9249995e-10 -0.59180951
6.8999995e-10 -0.55642754
6.8749995e-10 -0.58753371
6.8499995e-10 -0.61768746
6.8249995e-10 -0.58228105
6.7999995e-10 -0.59296602
6.7749995e-10 -0.58810067
6.7499994e-10 -0.6180492
6.7249994e-10 -0.60487688
6.6999994e-10 -0.58026689
6.6749994e-10 -0.58744442
6.6499994e-10 -0.58796179
6.6249994e-10 -0.58311331
6.5999994e-10 -0.60115498
6.5749994e-10 -0.62244427
6.5499994e-10 -0.60946798
6.5249994e-10 -0.61221212
6.4999994e-10 -0.60456795
6.4749994e-10 -0.60450262
6.4499994e-10 -0.60076296
6.4249994e-10 -0.58893728
6.3999994e-10 -0.61095458
6.3749994e-10 -0.61742586
6.3499994e-10 -0.62537539
6.3249994e-10 -0.59935439
6.2999994e-10 -0.61712432
6.2749994e-10 -0.63537568
6.2499994e-10 -0.62385452
6.2249994e-10 -0.58757418
6.1999994e-10 -0.6372456
6.1749994e-10 -0.62206882
6.1499994e-10 -0.57707936
6.1249994e-10 -0.585765
6.0999994e-10 -0.60709554
6.0749994e-10 -0.61055875
6.0499994e-10 -0.64706588
6.0249994e-10 -0.61280203
5.9999994e-10 -0.61834913
5.9749994e-10 -0.60516524
5.9499994e-10 -0.62286437
5.9249994e-10 -0.60113341
5.8999994e-10 -0.62481397
5.8749994e-10 -0.63981074
5.8499994e-10 -0.61073738
5.8249994e-10 -0.63240695
5.7999994e-10 -0.62659478
5.7749994e-10 -0.63255173
5.7499994e-10 -0.59856993
5.7249994e-10 -0.63931543
5.6999994e-10 -0.62917161
5.6749994e-10 -0.6493547
5.6499994e-10 -0.62515897
5.6249994e-10 -0.63039356
5.5999994e-10 -0.64735299
5.5749994e-10 -0.66492492
5.5499993e-10 -0.63413233
5.5249993e-10 -0.66626722
5.4999993e-10 -0.65052849
5.4749993e-10 -0.6494596
5.4499993e-10 -0.64651674
5.4249993e-10 -0.62805271
5.3999993e-10 -0.64296639
5.3749993e-10 -0.67277515
5.3499993e-10 -0.63808674
5.3249999e-10 -0.66694671
5.2999999e-10 -0.66874236
5.2749999e-10 -0.6417405
5.2499999e-10 -0.62770307
5.2249999e-10 -0.65183693
5.1999999e-10 -0.65885901
5.1749999e-10 -0.6796267
5.1499999e-10 -0.65063184
5.1249999e-10 -0.67417669
5.0999999e-10 -0.64282864
5.0749999e-10 -0.65565056
5.0499999e-10 -0.6824559
5.0249999e-10 -0.63057351
4.9999999e-10 -0.67687124
4.9749999e-10 -0.68885398
4.9499999e-10 -0.67818981
4.9249999e-10 -0.68064582
4.8999999e-10 -0.68131733
4.8749998e-10 -0.66956663
4.8499998e-10 -0.6605472
4.8249998e-10 -0.6684621
4.7999998e-10 -0.69813389
4.7749998e-10 -0.66918302
4.7499998e-10 -0.6978637
4.7249998e-10 -0.68473268
4.6999998e-10 -0.69224948
4.6749998e-10 -0.70177954
4.6499998e-10 -0.69897491
4.6249998e-10 -0.68142432
4.5999998e-10 -0.68499047
4.5749998e-10 -0.68287337
4.5499998e-10 -0.66321498
4.5249998e-10 -0.69248277
4.4999998e-10 -0.68106669
4.4749998e-10 -0.67649519
4.4499998e-10 -0.70234412
4.4249998e-10 -0.69753426
4.3999998e-10 -0.71380532
4.3749998e-10 -0.68363571
4.3499998e-10 -0.69900924
4.3249998e-10 -0.68452126
4.2999998e-10 -0.68913186
4.2749998e-10 -0.70379269
4.2499998e-10 -0.69790685
4.2249998e-10 -0.71343577
4.1999998e-10 -0.715002
4.1749998e-10 -0.70770937
4.1499998e-10 -0.7106244
4.1249998e-10 -0.72910386
4.0999998e-10 -0.71737951
4.0749998e-10 -0.7047407
4.0499998e-10 -0.73304367
4.0249998e-10 -0.73483104
3.9999998e-10 -0.65415937
3.9749998e-10 -0.72467273
3.9499998e-10 -0.72029966
3.9249998e-10 -0.73465019
3.8999998e-10 -0.73098427
3.8749998e-10 -0.73108518
3.8499998e-10 -0.73961097
3.8249998e-10 -0.74568236
3.7999998e-10 -0.74641591
3.7749998e-10 -0.7052443
3.7499998e-10 -0.73224449
3.7249998e-10 -0.71470439
3.6999998e-10 -0.73637688
3.6749997e-10 -0.70682633
3.6499997e-10 -0.73540765
3.6249997e-10 -0.73586643
3.5999997e-10 -0.77022523
3.5749997e-10 -0.71181726
3.5499997e-10 -0.74261785
3.5249997e-10 -0.74628019
3.4999997e-10 -0.71408451
3.4749997e-10 -0.76766723
3.4499997e-10 -0.72360551
3.4249997e-10 -0.76487178
3.3999997e-10 -0.7628904
3.3749997e-10 -0.78268808
3.3499997e-10 -0.79741096
3.3249997e-10 -0.75066417
3.2999997e-10 -0.80346906
3.2749997e-10 -0.77878571
3.2499997e-10 -0.75448292
3.2249997e-10 -0.7732355
3.1999997e-10 -0.76725954
3.1749997e-10 -0.79188102
3.1499997e-10 -0.81976432
3.1249997e-10 -0.75314885
3.0999997e-10 -0.74935812
3.0749997e-10 -0.78570122
3.0499997e-10 -0.79319906
3.0249997e-10 -0.74416554
2.9999997e-10 -0.80260503
2.9749997e-10 -0.80249959
2.9499997e-10 -0.79035127
2.9249997e-10 -0.80033612
2.8999997e-10 -0.8018102
2.8749997e-10 -0.80376953
2.8499997e-10 -0.79664254
2.8249997e-10 -0.80849916
2.7999997e-10 -0.78928453
2.7749997e-10 -0.81776059
2.7499997e-10 -0.80745173
2.7249997e-10 -0.84189475
2.6999997e-10 -0.81909519
2.6749997e-10 -0.83252281
2.6499997e-10 -0.84386975
2.6249997e-10 -0.78984731
2.5999997e-10 -0.8327471
2.5749997e-10 -0.8481769
2.5499997e-10 -0.82909274
2.5249997e-10 -0.84879208
2.4999997e-10 -0.83141655
2.4749996e-10 -0.84974509
2.4499996e-10 -0.83705568
2.4249996e-10 -0.85504156
2.3999996e-10 -0.84563869
2.3749996e-10 -0.84141856
2.3499996e-10 -0.87600219
2.3249996e-10 -0.86738598
2.2999996e-10 -0.91896677
2.2749996e-10 -0.80210489
2.2499996e-10 -0.84989774
2.2249996e-10 -0.86991453
2.1999996e-10 -0.8504982
2.1749996e-10 -0.85248768
2.1499996e-10 -0.86695337
2.1249996e-10 -0.87433296
2.0999996e-10 -0.87045223
2.0749996e-10 -0.89827019
2.0499996e-10 -0.85529411
2.0249996e-10 -0.90356469
1.9999996e-10 -0.88411415
1.9749996e-10 -0.87889338
1.9499996e-10 -0.89765662
1.9249996e-10 -0.90903431
1.8999996e-10 -0.9347741
1.8749996e-10 -0.91764832
1.8499996e-10 -0.91878349
1.8249996e-10 -0.91050637
1.7999996e-10 -0.95487136
1.7749996e-10 -0.91309839
1.7499996e-10 -0.93456364
1.7249996e-10 -0.94127285
1.6999996e-10 -0.94715768
1.6749996e-10 -0.94013178
1.6499996e-10 -0.92683727
1.6249996e-10 -0.95003641
1.5999996e-10 -0.93537217
1.5749996e-10 -0.91807681
1.5499996e-10 -0.96716589
1.5249996e-10 -0.95435876
1.4999996e-10 -0.98275071
1.4749996e-10 -0.96001226
1.4499996e-10 -0.96722835
1.4249996e-10 -0.94594646
1.3999996e-10 -0.966977
1.3749996e-10 -0.99776053
1.3499996e-10 -0.97467446
1.3249996e-10 -0.98343462
1.2999996e-10 -1.0011711
1.2749996e-10 -1.0205663
1.2499995e-10 -0.98013949
1.2249995e-10 -0.98364025
1.1999995e-10 -0.99465185
1.1749995e-10 -1.0136676
1.1499995e-10 -1.0130762
1.1249995e-10 -1.0524082
1.0999995e-10 -1.0233039
1.0749995e-10 -1.0078787
1.0499995e-10 -1.0225079
1.0249995e-10 -1.0255003
9.9999953e-11 -1.0463216
9.7499953e-11 -1.0316266
9.4999952e-11 -1.040517
9.2499952e-11 -1.0230602
8.9999952e-11 -1.0529735
8.7499952e-11 -1.0764185
8.4999952e-11 -1.0872344
8.2499951e-11 -1.0481741
7.9999951e-11 -1.1001647
7.7499951e-11 -1.0730432
7.4999951e-11 -1.0988628
7.249995e-11 -1.1174374
6.999995e-11 -1.1030385
6.7500006e-11 -1.0868536
6.5000005e-11 -1.1229677
6.2500005e-11 -1.0843697
6.0000005e-11 -1.1350129
5.7500005e-11 -1.1087681
5.5000005e-11 -1.1654222
5.2500004e-11 -1.1514745
5.0000004e-11 -1.1279658
4.7500004e-11 -1.1720291
4.5000004e-11 -1.1346508
4.2500004e-11 -1.1511827
4.0000003e-11 -1.15218
3.7500003e-11 -1.1625345
3.5000003e-11 -1.1620829
3.2500003e-11 -1.197839
3.0000002e-11 -1.203971
2.7500002e-11 -1.2001674
2.5000002e-11 -1.1757488
2.2500002e-11 -1.2138754
2.0000002e-11 -1.2355825
1.7500001e-11 -1.2376812
1.5000001e-11 -1.2359313
1.2500001e-11 -1.2225506
1.0000001e-11 -1.2303387
7.5000006e-12 -1.2411699
5.0000004e-12 -1.2454962
2.5000002e-12 -1.2442508
0.0 -1.2969213
