9.9999997e-10 -0.56978339
9.9749997e-10 -0.53579605
9.9499997e-10 -0.51951665
9.9249997e-10 -0.54183847
9.8999997e-10 -0.5307824
9.8749997e-10 -0.54969573
9.8499997e-10 -0.55215913
9.8249997e-10 -0.55876869
9.7999997e-10 -0.52278978
9.7749997e-10 -0.5549109
9.7499997e-10 -0.55313319
9.7249997e-10 -0.53910869
9.6999997e-10 -0.54754549
9.6749997e-10 -0.52724063
9.6499997e-10 -0.49433315
9.6249997e-10 -0.55268693
9.5999997e-10 -0.55879873
9.5749997e-10 -0.52100438
9.5499997e-10 -0.53097761
9.5249997e-10 -0.55117977
9.4999997e-10 -0.52251202
9.4749997e-10 -0.52883577
9.4499997e-10 -0.49995413
9.4249997e-10 -0.53950703
9.3999997e-10 -0.54529119
9.3749997e-10 -0.55779791
9.3499997e-10 -0.52769631
9.3249997e-10 -0.51305622
9.2999997e-10 -0.55913997
9.2749997e-10 -0.55532455
9.2499997e-10 -0.52695245
9.2249997e-10 -0.53576285
9.1999997e-10 -0.52855092
9.1749996e-10 -0.56403464
9.1499996e-10 -0.55539101
9.1249996e-10 -0.54148704
9.0999996e-10 -0.5677824
9.0749996e-10 -0.5034197
9.0499996e-10 -0.54338807
9.0249996e-10 -0.52217299
8.9999996e-10 -0.53529638
8.9749996e-10 -0.54842401
8.9499996e-10 -0.51717252
8.9249996e-10 -0.52826822
8.8999996e-10 -0.5663256
8.8749996e-10 -0.53948683
8.8499996e-10 -0.54172212
8.8249996e-10 -0.52519602
8.7999996e-10 -0.50384158
8.7749996e-10 -0.51953518
8.7499996e-10 -0.55350578
8.7249996e-10 -0.530855
8.6999996e-10 -0.5426513
8.6749996e-10 -0.5507549
8.6499996e-10 -0.54396135
8.6249996e-10 -0.55073625
8.5999996e-10 -0.5624848
8.5749996e-10 -0.56893635
8.5499996e-10 -0.56777185
8.5249996e-10 -0.55870837
8.4999996e-10 -0.5588941
8.4749996e-10 -0.57006788
8.4499996e-10 -0.58842927
8.4249996e-10 -0.54600126
8.3999996e-10 -0.5839718
8.3749996e-10 -0.57144469
8.3499996e-10 -0.55005252
8.3249996e-10 -0.56189066
8.2999996e-10 -0.54608023
8.2749996e-10 -0.52785921
8.2499996e-10 -0.57130605
8.2249996e-10 -0.57564145
8.1999996e-10 -0.5715251
8.1749996e-10 -0.55360901
8.1499996e-10 -0.55261648
8.1249996e-10 -0.53405559
8.0999996e-10 -0.56123239
8.0749996e-10 -0.56291014
8.0499996e-10 -0.59312916
8.0249996e-10 -0.54994535
7.9999996e-10 -0.57334447
7.9749995e-10 -0.55574387
7.9499995e-10 -0.58360237
7.9249995e-10 -0.54031819
7.8999995e-10 -0.55479491
7.8749995e-10 -0.55436087
7.8499995e-10 -0.58691365
7.8249995e-10 -0.56237954
7.7999995e-10 -0.52896297
7.7749995e-10 -0.5554828
7.7499995e-10 -0.55653167
7.7249995e-10 -0.55657256
7.6999995e-10 -0.56029707
7.6749995e-10 -0.55967683
7.6499995e-10 -0.58156127
7.6249995e-10 -0.562994
7.5999995e-10 -0.58949012
7.5749995e-10 -0.60148102
7.5499995e-10 -0.61325979
7.5249995e-10 -0.55678344
7.4999995e-10 -0.55690247
7.4749995e-10 -0.59567505
7.4499995e-10 -0.55346894
7.4249995e-10 -0.541201
7.3999995e-10 -0.59498823
7.3749995e-10 -0.57111263
7.3499995e-10 -0.60229838
7.3249995e-10 -0.5669238
7.2999995e-10 -0.56617117
7.2749995e-10 -0.58312488
7.2499995e-10 -0.58773977
7.2249995e-10 -0.57828534
7.1999995e-10 -0.58186179
7.1749995e-10 -0.56948417
7.1499995e-10 -0.5585143
7.1249995e-10 -0.57816845
7.0999995e-10 -0.57692105
7.0749995e-10 -0.56195515
7.0499995e-10 -0.54834789
7.0249995e-10 -0.61920106
6.9999995e-10 -0.59629649
6.9749995e-10 -0.55305803
6.9499995e-10 -0.58597755
6.9249995e-10 -0.57897687
6.8999995e-10 -0.58972615
6.8749995e-10 -0.59254664
6.8499995e-10 -0.57559842
6.8249995e-10 -0.56675351
6.7999995e-10 -0.61139095
6.7749995e-10 -0.58142042
6.7499994e-10 -0.60706091
6.7249994e-10 -0.59537739
6.6999994e-10 -0.60135496
6.6749994e-10 -0.59539151
6.6499994e-10 -0.56041992
6.6249994e-10 -0.60793757
6.5999994e-10 -0.6016199
6.5749994e-10 -0.62018746
6.5499994e-10 -0.60661787
6.5249994e-10 -0.58213073
6.4999994e-10 -0.62036258
6.4749994e-10 -0.6099962
6.4499994e-10 -0.5980708
6.4249994e-10 -0.61105669
6.3999994e-10 -0.61727136
6.3749994e-10 -0.59566516
6.3499994e-10 -0.61209905
6.3249994e-10 -0.63146698
6.2999994e-10 -0.59527659
6.2749994e-10 -0.63909209
6.2499994e-10 -0.61265951
6.2249994e-10 -0.58736378
6.1999994e-10 -0.61996764
6.1749994e-10 -0.61239612
6.1499994e-10 -0.62196368
6.1249994e-10 -0.62550288
6.0999994e-10 -0.60614079
6.0749994e-10 -0.6185016
6.0499994e-10 -0.64057726
6.0249994e-10 -0.66704375
5.9999994e-10 -0.63120788
5.9749994e-10 -0.63012391
5.9499994e-10 -0.61593616
5.9249994e-10 -0.65658253
5.8999994e-10 -0.6303761
5.8749994e-10 -0.62770838
5.8499994e-10 -0.64600241
5.8249994e-10 -0.66293252
5.7999994e-10 -0.63117713
5.7749994e-10 -0.64845204
5.7499994e-10 -0.65387666
5.7249994e-10 -0.69213647
5.6999994e-10 -0.66969496
5.6749994e-10 -0.68769675
5.6499994e-10 -0.70013708
5.6249994e-10 -0.6814
5.5999994e-10 -0.68268847
5.5749994e-10 -0.68409336
5.5499993e-10 -0.68797505
5.5249993e-10 -0.71639615
5.4999993e-10 -0.68934298
5.4749993e-10 -0.68540794
5.4499993e-10 -0.71840948
5.4249993e-10 -0.71549898
5.3999993e-10 -0.73224849
5.3749993e-10 -0.70839763
5.3499993e-10 -0.72797632
5.3249999e-10 -0.71367383
5.2999999e-10 -0.7197662
5.2749999e-10 -0.71872079
5.2499999e-10 -0.71470428
5.2249999e-10 -0.7228359
5.1999999e-10 -0.73528892
5.1749999e-10 -0.7240389
5.1499999e-10 -0.70115149
5.1249999e-10 -0.76890355
5.0999999e-10 -0.72114879
5.0749999e-10 -0.74169904
5.0499999e-10 -0.71937466
5.0249999e-10 -0.75807166
4.9999999e-10 -0.75852638
4.9749999e-10 -0.75355417
4.9499999e-10 -0.76593518
4.9249999e-10 -0.7797966
4.8999999e-10 -0.73200613
4.8749998e-10 -0.78063405
4.8499998e-10 -0.77410048
4.8249998e-10 -0.72377485
4.7999998e-10 -0.74062186
4.7749998e-10 -0.78715307
4.7499998e-10 -0.76490229
4.7249998e-10 -0.72856832
4.6999998e-10 -0.78954017
4.6749998e-10 -0.78842968
4.6499998e-10 -0.74724293
4.6249998e-10 -0.77713585
4.5999998e-10 -0.76780701
4.5749998e-10 -0.75522
4.5499998e-10 -0.78419769
4.5249998e-10 -0.76944381
4.4999998e-10 -0.75615215
4.4749998e-10 -0.74000633
4.4499998e-10 -0.79450363
4.4249998e-10 -0.76487923
4.3999998e-10 -0.74985224
4.3749998e-10 -0.76508451
4.3499998e-10 -0.75717586
4.3249998e-10 -0.75952196
4.2999998e-10 -0.76337492
4.2749998e-10 -0.75874311
4.2499998e-10 -0.75590563
4.2249998e-10 -0.77129251
4.1999998e-10 -0.72158384
4.1749998e-10 -0.71978313
4.1499998e-10 -0.78424346
4.1249998e-10 -0.73333013
4.0999998e-10 -0.75219703
4.0749998e-10 -0.76115966
4.0499998e-10 -0.74604297
4.0249998e-10 -0.74227673
3.9999998e-10 -0.75652868
3.9749998e-10 -0.76079077
3.9499998e-10 -0.71714365
3.9249998e-10 -0.74166036
3.8999998e-10 -0.71361744
3.8749998e-10 -0.73974752
3.8499998e-10 -0.70923877
3.8249998e-10 -0.76021582
3.7999998e-10 -0.75907797
3.7749998e-10 -0.75069505
3.7499998e-10 -0.75563216
3.7249998e-10 -0.71031129
3.6999998e-10 -0.783692
3.6749997e-10 -0.7091068
3.6499997e-10 -0.73685843
3.6249997e-10 -0.76310933
3.5999997e-10 -0.718997
3.5749997e-10 -0.74021608
3.5499997e-10 -0.75084251
3.5249997e-10 -0.75297385
3.4999997e-10 -0.75135905
3.4749997e-10 -0.73809063
3.4499997e-10 -0.76828259
3.4249997e-10 -0.76422054
3.3999997e-10 -0.75463885
3.3749997e-10 -0.75827783
3.3499997e-10 -0.73989123
3.3249997e-10 -0.77784312
3.2999997e-10 -0.76503432
3.2749997e-10 -0.77708203
3.2499997e-10 -0.79501992
3.2249997e-10 -0.78023249
3.1999997e-10 -0.79336375
3.1749997e-10 -0.79312068
3.1499997e-10 -0.78321517
3.1249997e-10 -0.76010472
3.0999997e-10 -0.76743162
3.0749997e-10 -0.74823976
3.0499997e-10 -0.78610462
3.0249997e-10 -0.8058179
2.9999997e-10 -0.83057654
2.9749997e-10 -0.83135378
2.9499997e-10 -0.79834425
2.9249997e-10 -0.79074597
2.8999997e-10 -0.80726546
2.8749997e-10 -0.82124388
2.8499997e-10 -0.82232612
2.8249997e-10 -0.81916326
2.7999997e-10 -0.83483362
2.7749997e-10 -0.8382498
2.7499997e-10 -0.82055926
2.7249997e-10 -0.83622676
2.6999997e-10 -0.81359118
2.6749997e-10 -0.8274287
2.6499997e-10 -0.81629747
2.6249997e-10 -0.84775573
2.5999997e-10 -0.8554213
2.5749997e-10 -0.82967746
2.5499997e-10 -0.84068233
2.5249997e-10 -0.85197556
2.4999997e-10 -0.8451767
2.4749996e-10 -0.82487768
2.4499996e-10 -0.82895303
2.4249996e-10 -0.8364135
2.3999996e-10 -0.88141817
2.3749996e-10 -0.84763116
2.3499996e-10 -0.82399201
2.3249996e-10 -0.85535496
2.2999996e-10 -0.85913616
2.2749996e-10 -0.85878456
2.2499996e-10 -0.86790812
2.2249996e-10 -0.85437846
2.1999996e-10 -0.83822995
2.1749996e-10 -0.86164141
2.1499996e-10 -0.87298691
2.1249996e-10 -0.90790367
2.0999996e-10 -0.90664256
2.0749996e-10 -0.8819986
2.0499996e-10 -0.89125705
2.0249996e-10 -0.8772065
1.9999996e-10 -0.91876411
1.9749996e-10 -0.92460865
1.9499996e-10 -0.89253867
1.9249996e-10 -0.89217484
1.8999996e-10 -0.91089064
1.8749996e-10 -0.95104587
1.8499996e-10 -0.94336313
1.8249996e-10 -0.9403621
1.7999996e-10 -0.9189834
1.7749996e-10 -0.93374622
1.7499996e-10 -0.91132498
1.7249996e-10 -0.94362205
1.6999996e-10 -0.93661994
1.6749996e-10 -0.96102953
1.6499996e-10 -0.96450835
1.6249996e-10 -0.91813534
1.5999996e-10 -0.93341649
1.5749996e-10 -0.92868394
1.5499996e-10 -0.95537406
1.5249996e-10 -0.97492832
1.4999996e-10 -0.93656021
1.4749996e-10 -0.94615281
1.4499996e-10 -0.97043073
1.4249996e-10 -0.99113858
1.3999996e-10 -0.97602385
1.3749996e-10 -0.97121525
1.3499996e-10 -0.96953511
1.3249996e-10 -0.97627109
1.2999996e-10 -0.98482412
1.2749996e-10 -1.0109538
1.2499995e-10 -1.0516362
1.2249995e-10 -1.021687
1.1999995e-10 -1.0099299
1.1749995e-10 -1.0307171
1.1499995e-10 -1.0213157
1.1249995e-10 -1.0162295
1.0999995e-10 -1.0272007
1.0749995e-10 -1.0238717
1.0499995e-10 -1.073488
1.0249995e-10 -1.0475625
9.9999953e-11 -1.0462254
9.7499953e-11 -1.0486076
9.4999952e-11 -1.1088217
9.2499952e-11 -1.0553793
8.9999952e-11 -1.0497367
8.7499952e-11 -1.090641
8.4999952e-11 -1.0848475
8.2499951e-11 -1.0713843
7.9999951e-11 -1.0876696
7.7499951e-11 -1.0820781
7.4999951e-11 -1.1057289
7.249995e-11 -1.1023128
6.999995e-11 -1.107036
6.7500006e-11 -1.1236781
6.5000005e-11 -1.1086167
6.2500005e-11 -1.123618
6.0000005e-11 -1.1237161
5.7500005e-11 -1.1710443
5.5000005e-11 -1.1310503
5.2500004e-11 -1.143213
5.0000004e-11 -1.1609817
4.7500004e-11 -1.1883303
4.5000004e-11 -1.1647215
4.2500004e-11 -1.1571151
4.0000003e-11 -1.1817387
3.7500003e-11 -1.1755306
3.5000003e-11 -1.208727
3.2500003e-11 -1.2159692
3.0000002e-11 -1.1963698
2.7500002e-11 -1.2204584
2.5000002e-11 -1.2358872
2.2500002e-11 -1.2271354
2.0000002e-11 -1.2134664
1.7500001e-11 -1.2436564
1.5000001e-11 -1.2703832
1.2500001e-11 -1.2673916
1.0000001e-11 -1.2525146
7.5000006e-12 -1.2652794
5.0000004e-12 -1.302345
2.5000002e-12 -1.3111292
0.0 -1.2928915
