9.9999997e-10 nan
9.9749997e-10 nan
9.9499997e-10 nan
9.9249997e-10 nan
9.8999997e-10 nan
9.8749997e-10 nan
9.8499997e-10 nan
9.8249997e-10 nan
9.7999997e-10 nan
9.7749997e-10 nan
9.7499997e-10 nan
9.7249997e-10 nan
9.6999997e-10 nan
9.6749997e-10 nan
9.6499997e-10 nan
9.6249997e-10 nan
9.5999997e-10 nan
9.5749997e-10 nan
9.5499997e-10 nan
9.5249997e-10 nan
9.4999997e-10 nan
9.4749997e-10 nan
9.4499997e-10 nan
9.4249997e-10 nan
9.3999997e-10 nan
9.3749997e-10 nan
9.3499997e-10 nan
9.3249997e-10 nan
9.2999997e-10 nan
9.2749997e-10 nan
9.2499997e-10 nan
9.2249997e-10 nan
9.1999997e-10 nan
9.1749996e-10 nan
9.1499996e-10 nan
9.1249996e-10 nan
9.0999996e-10 nan
9.0749996e-10 nan
9.0499996e-10 nan
9.0249996e-10 nan
8.9999996e-10 nan
8.9749996e-10 nan
8.9499996e-10 nan
8.9249996e-10 nan
8.8999996e-10 nan
8.8749996e-10 nan
8.8499996e-10 nan
8.8249996e-10 nan
8.7999996e-10 nan
8.7749996e-10 nan
8.7499996e-10 nan
8.7249996e-10 nan
8.6999996e-10 nan
8.6749996e-10 nan
8.6499996e-10 nan
8.6249996e-10 nan
8.5999996e-10 nan
8.5749996e-10 nan
8.5499996e-10 nan
8.5249996e-10 nan
8.4999996e-10 nan
8.4749996e-10 nan
8.4499996e-10 nan
8.4249996e-10 nan
8.3999996e-10 nan
8.3749996e-10 nan
8.3499996e-10 nan
8.3249996e-10 nan
8.2999996e-10 nan
8.2749996e-10 nan
8.2499996e-10 nan
8.2249996e-10 nan
8.1999996e-10 nan
8.1749996e-10 nan
8.1499996e-10 nan
8.1249996e-10 nan
8.0999996e-10 nan
8.0749996e-10 nan
8.0499996e-10 nan
8.0249996e-10 nan
7.9999996e-10 nan
7.9749995e-10 nan
7.9499995e-10 nan
7.9249995e-10 nan
7.8999995e-10 nan
7.8749995e-10 nan
7.8499995e-10 nan
7.8249995e-10 nan
7.7999995e-10 nan
7.7749995e-10 nan
7.7499995e-10 nan
7.7249995e-10 nan
7.6999995e-10 nan
7.6749995e-10 nan
7.6499995e-10 nan
7.6249995e-10 nan
7.5999995e-10 nan
7.5749995e-10 nan
7.5499995e-10 nan
7.5249995e-10 nan
7.4999995e-10 nan
7.4749995e-10 nan
7.4499995e-10 nan
7.4249995e-10 nan
7.3999995e-10 nan
7.3749995e-10 nan
7.3499995e-10 nan
7.3249995e-10 nan
7.2999995e-10 nan
7.2749995e-10 nan
7.2499995e-10 nan
7.2249995e-10 nan
7.1999995e-10 nan
7.1749995e-10 nan
7.1499995e-10 nan
7.1249995e-10 nan
7.0999995e-10 nan
7.0749995e-10 nan
7.0499995e-10 nan
7.0249995e-10 nan
6.9999995e-10 nan
6.9749995e-10 nan
6.9499995e-10 nan
6.9249995e-10 nan
6.8999995e-10 nan
6.8749995e-10 nan
6.8499995e-10 nan
6.8249995e-10 nan
6.7999995e-10 nan
6.7749995e-10 nan
6.7499994e-10 nan
6.7249994e-10 nan
6.6999994e-10 nan
6.6749994e-10 nan
6.6499994e-10 nan
6.6249994e-10 nan
6.5999994e-10 nan
6.5749994e-10 nan
6.5499994e-10 nan
6.5249994e-10 nan
6.4999994e-10 nan
6.4749994e-10 nan
6.4499994e-10 nan
6.4249994e-10 nan
6.3999994e-10 nan
6.3749994e-10 nan
6.3499994e-10 nan
6.3249994e-10 nan
6.2999994e-10 nan
6.2749994e-10 nan
6.2499994e-10 nan
6.2249994e-10 nan
6.1999994e-10 nan
6.1749994e-10 nan
6.1499994e-10 nan
6.1249994e-10 nan
6.0999994e-10 nan
6.0749994e-10 nan
6.0499994e-10 nan
6.0249994e-10 nan
5.9999994e-10 nan
5.9749994e-10 nan
5.9499994e-10 nan
5.9249994e-10 nan
5.8999994e-10 nan
5.8749994e-10 nan
5.8499994e-10 nan
5.8249994e-10 nan
5.7999994e-10 nan
5.7749994e-10 nan
5.7499994e-10 nan
5.7249994e-10 nan
5.6999994e-10 nan
5.6749994e-10 nan
5.6499994e-10 nan
5.6249994e-10 nan
5.5999994e-10 nan
5.5749994e-10 nan
5.5499993e-10 nan
5.5249993e-10 nan
5.4999993e-10 nan
5.4749993e-10 nan
5.4499993e-10 nan
5.4249993e-10 nan
5.3999993e-10 nan
5.3749993e-10 nan
5.3499993e-10 nan
5.3249999e-10 nan
5.2999999e-10 nan
5.2749999e-10 nan
5.2499999e-10 nan
5.2249999e-10 nan
5.1999999e-10 nan
5.1749999e-10 nan
5.1499999e-10 nan
5.1249999e-10 nan
5.0999999e-10 nan
5.0749999e-10 nan
5.0499999e-10 nan
5.0249999e-10 nan
4.9999999e-10 nan
4.9749999e-10 nan
4.9499999e-10 nan
4.9249999e-10 nan
4.8999999e-10 nan
4.8749998e-10 nan
4.8499998e-10 nan
4.8249998e-10 nan
4.7999998e-10 nan
4.7749998e-10 nan
4.7499998e-10 nan
4.7249998e-10 nan
4.6999998e-10 nan
4.6749998e-10 nan
4.6499998e-10 nan
4.6249998e-10 nan
4.5999998e-10 nan
4.5749998e-10 nan
4.5499998e-10 nan
4.5249998e-10 nan
4.4999998e-10 nan
4.4749998e-10 nan
4.4499998e-10 nan
4.4249998e-10 nan
4.3999998e-10 nan
4.3749998e-10 nan
4.3499998e-10 nan
4.3249998e-10 nan
4.2999998e-10 nan
4.2749998e-10 nan
4.2499998e-10 nan
4.2249998e-10 nan
4.1999998e-10 nan
4.1749998e-10 nan
4.1499998e-10 nan
4.1249998e-10 nan
4.0999998e-10 nan
4.0749998e-10 nan
4.0499998e-10 nan
4.0249998e-10 nan
3.9999998e-10 nan
3.9749998e-10 nan
3.9499998e-10 nan
3.9249998e-10 nan
3.8999998e-10 nan
3.8749998e-10 nan
3.8499998e-10 nan
3.8249998e-10 nan
3.7999998e-10 nan
3.7749998e-10 nan
3.7499998e-10 nan
3.7249998e-10 nan
3.6999998e-10 nan
3.6749997e-10 nan
3.6499997e-10 nan
3.6249997e-10 nan
3.5999997e-10 nan
3.5749997e-10 nan
3.5499997e-10 nan
3.5249997e-10 nan
3.4999997e-10 nan
3.4749997e-10 nan
3.4499997e-10 nan
3.4249997e-10 nan
3.3999997e-10 nan
3.3749997e-10 nan
3.3499997e-10 nan
3.3249997e-10 nan
3.2999997e-10 nan
3.2749997e-10 nan
3.2499997e-10 nan
3.2249997e-10 nan
3.1999997e-10 nan
3.1749997e-10 nan
3.1499997e-10 nan
3.1249997e-10 nan
3.0999997e-10 nan
3.0749997e-10 nan
3.0499997e-10 nan
3.0249997e-10 nan
2.9999997e-10 nan
2.9749997e-10 nan
2.9499997e-10 nan
2.9249997e-10 nan
2.8999997e-10 nan
2.8749997e-10 nan
2.8499997e-10 nan
2.8249997e-10 nan
2.7999997e-10 nan
2.7749997e-10 nan
2.7499997e-10 nan
2.7249997e-10 nan
2.6999997e-10 nan
2.6749997e-10 nan
2.6499997e-10 nan
2.6249997e-10 nan
2.5999997e-10 nan
2.5749997e-10 nan
2.5499997e-10 nan
2.5249997e-10 nan
2.4999997e-10 nan
2.4749996e-10 nan
2.4499996e-10 nan
2.4249996e-10 nan
2.3999996e-10 nan
2.3749996e-10 nan
2.3499996e-10 nan
2.3249996e-10 nan
2.2999996e-10 nan
2.2749996e-10 nan
2.2499996e-10 nan
2.2249996e-10 nan
2.1999996e-10 nan
2.1749996e-10 nan
2.1499996e-10 nan
2.1249996e-10 nan
2.0999996e-10 nan
2.0749996e-10 nan
2.0499996e-10 nan
2.0249996e-10 nan
1.9999996e-10 nan
1.9749996e-10 nan
1.9499996e-10 nan
1.9249996e-10 nan
1.8999996e-10 nan
1.8749996e-10 nan
1.8499996e-10 nan
1.8249996e-10 nan
1.7999996e-10 nan
1.7749996e-10 nan
1.7499996e-10 nan
1.7249996e-10 nan
1.6999996e-10 nan
1.6749996e-10 nan
1.6499996e-10 nan
1.6249996e-10 nan
1.5999996e-10 nan
1.5749996e-10 nan
1.5499996e-10 nan
1.5249996e-10 nan
1.4999996e-10 nan
1.4749996e-10 nan
1.4499996e-10 nan
1.4249996e-10 nan
1.3999996e-10 nan
1.3749996e-10 nan
1.3499996e-10 nan
1.3249996e-10 nan
1.2999996e-10 nan
1.2749996e-10 nan
1.2499995e-10 nan
1.2249995e-10 nan
1.1999995e-10 nan
1.1749995e-10 nan
1.1499995e-10 nan
1.1249995e-10 nan
1.0999995e-10 nan
1.0749995e-10 nan
1.0499995e-10 nan
1.0249995e-10 nan
9.9999953e-11 nan
9.7499953e-11 nan
9.4999952e-11 nan
9.2499952e-11 nan
8.9999952e-11 nan
8.7499952e-11 nan
8.4999952e-11 nan
8.2499951e-11 nan
7.9999951e-11 nan
7.7499951e-11 nan
7.4999951e-11 nan
7.249995e-11 nan
6.999995e-11 nan
6.7500006e-11 nan
6.5000005e-11 nan
6.2500005e-11 nan
6.0000005e-11 nan
5.7500005e-11 nan
5.5000005e-11 nan
5.2500004e-11 nan
5.0000004e-11 nan
4.7500004e-11 nan
4.5000004e-11 nan
4.2500004e-11 nan
4.0000003e-11 nan
3.7500003e-11 nan
3.5000003e-11 nan
3.2500003e-11 nan
3.0000002e-11 nan
2.7500002e-11 nan
2.5000002e-11 nan
2.2500002e-11 nan
2.0000002e-11 nan
1.7500001e-11 nan
1.5000001e-11 nan
1.2500001e-11 nan
1.0000001e-11 nan
7.5000006e-12 nan
5.0000004e-12 nan
2.5000002e-12 nan
0.0 nan
