9.9999997e-10 -0.4681029
9.9749997e-10 -0.46707892
9.9499997e-10 -0.48980534
9.9249997e-10 -0.47639453
9.8999997e-10 -0.48145115
9.8749997e-10 -0.45356226
9.8499997e-10 -0.49701679
9.8249997e-10 -0.4990015
9.7999997e-10 -0.46384647
9.7749997e-10 -0.47404531
9.7499997e-10 -0.48026928
9.7249997e-10 -0.5026111
9.6999997e-10 -0.51126117
9.6749997e-10 -0.52155656
9.6499997e-10 -0.52353626
9.6249997e-10 -0.50268471
9.5999997e-10 -0.53329927
9.5749997e-10 -0.48361209
9.5499997e-10 -0.48427567
9.5249997e-10 -0.48139909
9.4999997e-10 -0.48352122
9.4749997e-10 -0.50738013
9.4499997e-10 -0.52040637
9.4249997e-10 -0.49072263
9.3999997e-10 -0.49574098
9.3749997e-10 -0.50498009
9.3499997e-10 -0.48476428
9.3249997e-10 -0.51971203
9.2999997e-10 -0.49356559
9.2749997e-10 -0.52923948
9.2499997e-10 -0.52849168
9.2249997e-10 -0.51190805
9.1999997e-10 -0.49926332
9.1749996e-10 -0.50563264
9.1499996e-10 -0.51529366
9.1249996e-10 -0.52720267
9.0999996e-10 -0.50239313
9.0749996e-10 -0.51003879
9.0499996e-10 -0.52694821
9.0249996e-10 -0.51442021
8.9999996e-10 -0.5133549
8.9749996e-10 -0.53002292
8.9499996e-10 -0.49982402
8.9249996e-10 -0.49555743
8.8999996e-10 -0.48911175
8.8749996e-10 -0.52764082
8.8499996e-10 -0.48117536
8.8249996e-10 -0.53124887
8.7999996e-10 -0.51021206
8.7749996e-10 -0.5007776
8.7499996e-10 -0.53409415
8.7249996e-10 -0.54759753
8.6999996e-10 -0.50420767
8.6749996e-10 -0.52875179
8.6499996e-10 -0.51447266
8.6249996e-10 -0.51313442
8.5999996e-10 -0.51263475
8.5749996e-10 -0.53782666
8.5499996e-10 -0.51146573
8.5249996e-10 -0.54636174
8.4999996e-10 -0.48789313
8.4749996e-10 -0.47534958
8.4499996e-10 -0.50426984
8.4249996e-10 -0.50091618
8.3999996e-10 -0.49327165
8.3749996e-10 -0.5262689
8.3499996e-10 -0.47702831
8.3249996e-10 -0.54601669
8.2999996e-10 -0.49809501
8.2749996e-10 -0.51288384
8.2499996e-10 -0.52970445
8.2249996e-10 -0.5227989
8.1999996e-10 -0.54618913
8.1749996e-10 -0.51527506
8.1499996e-10 -0.4919408
8.1249996e-10 -0.51888871
8.0999996e-10 -0.53204513
8.0749996e-10 -0.52703565
8.0499996e-10 -0.5156222
8.0249996e-10 -0.49437419
7.9999996e-10 -0.52517962
7.9749995e-10 -0.52641112
7.9499995e-10 -0.49155182
7.9249995e-10 -0.523871
7.8999995e-10 -0.5215807
7.8749995e-10 -0.53033525
7.8499995e-10 -0.52144647
7.8249995e-10 -0.5309906
7.7999995e-10 -0.51683897
7.7749995e-10 -0.54246724
7.7499995e-10 -0.53205973
7.7249995e-10 -0.51316875
7.6999995e-10 -0.55257607
7.6749995e-10 -0.54278278
7.6499995e-10 -0.52189958
7.6249995e-10 -0.55277729
7.5999995e-10 -0.51638252
7.5749995e-10 -0.52298075
7.5499995e-10 -0.5481748
7.5249995e-10 -0.54640669
7.4999995e-10 -0.53896391
7.4749995e-10 -0.52629757
7.4499995e-10 -0.4988372
7.4249995e-10 -0.50180036
7.3999995e-10 -0.53129089
7.3749995e-10 -0.54236686
7.3499995e-10 -0.53657216
7.3249995e-10 -0.56519204
7.2999995e-10 -0.52771795
7.2749995e-10 -0.5064913
7.2499995e-10 -0.49982789
7.2249995e-10 -0.56750309
7.1999995e-10 -0.54279667
7.1749995e-10 -0.50461257
7.1499995e-10 -0.50916278
7.1249995e-10 -0.5456897
7.0999995e-10 -0.51580596
7.0749995e-10 -0.53320694
7.0499995e-10 -0.55551451
7.0249995e-10 -0.55986452
6.9999995e-10 -0.55356222
6.9749995e-10 -0.56637692
6.9499995e-10 -0.55160898
6.9249995e-10 -0.56847179
6.8999995e-10 -0.55702388
6.8749995e-10 -0.54925227
6.8499995e-10 -0.57409286
6.8249995e-10 -0.57970369
6.7999995e-10 -0.55674565
6.7749995e-10 -0.54886425
6.7499994e-10 -0.56691557
6.7249994e-10 -0.58108824
6.6999994e-10 -0.5403862
6.6749994e-10 -0.54888618
6.6499994e-10 -0.54295695
6.6249994e-10 -0.52071619
6.5999994e-10 -0.56009972
6.5749994e-10 -0.55707675
6.5499994e-10 -0.56110495
6.5249994e-10 -0.55697829
6.4999994e-10 -0.56996596
6.4749994e-10 -0.57933557
6.4499994e-10 -0.58404237
6.4249994e-10 -0.55756372
6.3999994e-10 -0.57462245
6.3749994e-10 -0.57843119
6.3499994e-10 -0.56648815
6.3249994e-10 -0.55985659
6.2999994e-10 -0.57409722
6.2749994e-10 -0.55834031
6.2499994e-10 -0.58367193
6.2249994e-10 -0.57885653
6.1999994e-10 -0.57278043
6.1749994e-10 -0.62398469
6.1499994e-10 -0.60824305
6.1249994e-10 -0.59218967
6.0999994e-10 -0.59083021
6.0749994e-10 -0.5580225
6.0499994e-10 -0.59747165
6.0249994e-10 -0.56871355
5.9999994e-10 -0.57441574
5.9749994e-10 -0.58894348
5.9499994e-10 -0.56863159
5.9249994e-10 -0.6042465
5.8999994e-10 -0.56039262
5.8749994e-10 -0.59024179
5.8499994e-10 -0.59059554
5.8249994e-10 -0.58522421
5.7999994e-10 -0.55560613
5.7749994e-10 -0.57021451
5.7499994e-10 -0.58557069
5.7249994e-10 -0.61494672
5.6999994e-10 -0.58644331
5.6749994e-10 -0.59164107
5.6499994e-10 -0.59400243
5.6249994e-10 -0.59514111
5.5999994e-10 -0.59475738
5.5749994e-10 -0.61639041
5.5499993e-10 -0.62351429
5.5249993e-10 -0.58016878
5.4999993e-10 -0.60323673
5.4749993e-10 -0.59697139
5.4499993e-10 -0.57532984
5.4249993e-10 -0.61256504
5.3999993e-10 -0.60244656
5.3749993e-10 -0.62401766
5.3499993e-10 -0.61095864
5.3249999e-10 -0.6244927
5.2999999e-10 -0.5737589
5.2749999e-10 -0.62053001
5.2499999e-10 -0.63070786
5.2249999e-10 -0.64090985
5.1999999e-10 -0.59937239
5.1749999e-10 -0.63379765
5.1499999e-10 -0.61806202
5.1249999e-10 -0.61392885
5.0999999e-10 -0.63031799
5.0749999e-10 -0.6150347
5.0499999e-10 -0.63099593
5.0249999e-10 -0.59854686
4.9999999e-10 -0.60095686
4.9749999e-10 -0.61083853
4.9499999e-10 -0.61240101
4.9249999e-10 -0.60712051
4.8999999e-10 -0.66061282
4.8749998e-10 -0.59849113
4.8499998e-10 -0.66958648
4.8249998e-10 -0.59818393
4.7999998e-10 -0.60761327
4.7749998e-10 -0.60673994
4.7499998e-10 -0.63352865
4.7249998e-10 -0.64347786
4.6999998e-10 -0.64770377
4.6749998e-10 -0.65638924
4.6499998e-10 -0.62760389
4.6249998e-10 -0.62743235
4.5999998e-10 -0.64161861
4.5749998e-10 -0.62865114
4.5499998e-10 -0.64459687
4.5249998e-10 -0.6298908
4.4999998e-10 -0.65096456
4.4749998e-10 -0.67274308
4.4499998e-10 -0.64327109
4.4249998e-10 -0.65089726
4.3999998e-10 -0.64759094
4.3749998e-10 -0.65436977
4.3499998e-10 -0.62709868
4.3249998e-10 -0.68648261
4.2999998e-10 -0.65507162
4.2749998e-10 -0.63402557
4.2499998e-10 -0.66012728
4.2249998e-10 -0.67987776
4.1999998e-10 -0.62543231
4.1749998e-10 -0.68242973
4.1499998e-10 -0.67698014
4.1249998e-10 -0.65300995
4.0999998e-10 -0.68255073
4.0749998e-10 -0.69698811
4.0499998e-10 -0.67568266
4.0249998e-10 -0.67346001
3.9999998e-10 -0.70705181
3.9749998e-10 -0.68554592
3.9499998e-10 -0.65468758
3.9249998e-10 -0.63522989
3.8999998e-10 -0.68162948
3.8749998e-10 -0.64804918
3.8499998e-10 -0.69657999
3.8249998e-10 -0.70772111
3.7999998e-10 -0.67975128
3.7749998e-10 -0.69587201
3.7499998e-10 -0.67079508
3.7249998e-10 -0.67407101
3.6999998e-10 -0.69521296
3.6749997e-10 -0.6810292
3.6499997e-10 -0.66627979
3.6249997e-10 -0.66665828
3.5999997e-10 -0.6845268
3.5749997e-10 -0.70363665
3.5499997e-10 -0.71011317
3.5249997e-10 -0.68711716
3.4999997e-10 -0.7015602
3.4749997e-10 -0.71750695
3.4499997e-10 -0.69288206
3.4249997e-10 -0.69630003
3.3999997e-10 -0.70810574
3.3749997e-10 -0.65762311
3.3499997e-10 -0.72463316
3.3249997e-10 -0.70074242
3.2999997e-10 -0.70540464
3.2749997e-10 -0.71201551
3.2499997e-10 -0.72202289
3.2249997e-10 -0.74416316
3.1999997e-10 -0.71223634
3.1749997e-10 -0.74495369
3.1499997e-10 -0.73248017
3.1249997e-10 -0.71808964
3.0999997e-10 -0.73333901
3.0749997e-10 -0.76916212
3.0499997e-10 -0.76789457
3.0249997e-10 -0.74653792
2.9999997e-10 -0.74971014
2.9749997e-10 -0.74174947
2.9499997e-10 -0.73344249
2.9249997e-10 -0.75605005
2.8999997e-10 -0.77676833
2.8749997e-10 -0.72834539
2.8499997e-10 -0.77645355
2.8249997e-10 -0.72535002
2.7999997e-10 -0.77132535
2.7749997e-10 -0.75879699
2.7499997e-10 -0.78986305
2.7249997e-10 -0.75582129
2.6999997e-10 -0.81233031
2.6749997e-10 -0.78991532
2.6499997e-10 -0.80213463
2.6249997e-10 -0.78839624
2.5999997e-10 -0.78115523
2.5749997e-10 -0.77435362
2.5499997e-10 -0.79751456
2.5249997e-10 -0.78905559
2.4999997e-10 -0.8015728
2.4749996e-10 -0.82829678
2.4499996e-10 -0.8327077
2.4249996e-10 -0.79652071
2.3999996e-10 -0.7944603
2.3749996e-10 -0.79703474
2.3499996e-10 -0.84747487
2.3249996e-10 -0.80433965
2.2999996e-10 -0.79928857
2.2749996e-10 -0.8096146
2.2499996e-10 -0.79715466
2.2249996e-10 -0.82394522
2.1999996e-10 -0.82688677
2.1749996e-10 -0.83074099
2.1499996e-10 -0.82901603
2.1249996e-10 -0.85270363
2.0999996e-10 -0.83842355
2.0749996e-10 -0.84365928
2.0499996e-10 -0.87479389
2.0249996e-10 -0.861462
1.9999996e-10 -0.8156963
1.9749996e-10 -0.83896321
1.9499996e-10 -0.86554188
1.9249996e-10 -0.84419262
1.8999996e-10 -0.83360869
1.8749996e-10 -0.84386265
1.8499996e-10 -0.86068332
1.8249996e-10 -0.87533176
1.7999996e-10 -0.86276752
1.7749996e-10 -0.86936635
1.7499996e-10 -0.89197749
1.7249996e-10 -0.87001437
1.6999996e-10 -0.87378198
1.6749996e-10 -0.90505391
1.6499996e-10 -0.90599924
1.6249996e-10 -0.85201877
1.5999996e-10 -0.90525675
1.5749996e-10 -0.89367861
1.5499996e-10 -0.91495007
1.5249996e-10 -0.88148856
1.4999996e-10 -0.90457165
1.4749996e-10 -0.93155396
1.4499996e-10 -0.9206031
1.4249996e-10 -0.92428195
1.3999996e-10 -0.93072695
1.3749996e-10 -0.91930097
1.3499996e-10 -0.94250441
1.3249996e-10 -0.94094485
1.2999996e-10 -0.96075761
1.2749996e-10 -0.93668693
1.2499995e-10 -0.94526434
1.2249995e-10 -0.95933992
1.1999995e-10 -0.95206636
1.1749995e-10 -0.97363031
1.1499995e-10 -0.96324462
1.1249995e-10 -1.0003278
1.0999995e-10 -0.98726857
1.0749995e-10 -0.98559207
1.0499995e-10 -1.0276186
1.0249995e-10 -1.0166939
9.9999953e-11 -1.0150938
9.7499953e-11 -1.0342904
9.4999952e-11 -1.0161693
9.2499952e-11 -1.0134554
8.9999952e-11 -0.99807864
8.7499952e-11 -1.0358527
8.4999952e-11 -0.99088609
8.2499951e-11 -1.0202574
7.9999951e-11 -1.0398005
7.7499951e-11 -1.0288768
7.4999951e-11 -1.0430671
7.249995e-11 -1.0620208
6.999995e-11 -1.0360563
6.7500006e-11 -1.070516
6.5000005e-11 -1.0634848
6.2500005e-11 -1.0709413
6.0000005e-11 -1.0684301
5.7500005e-11 -1.0951416
5.5000005e-11 -1.1058811
5.2500004e-11 -1.1004479
5.0000004e-11 -1.1066327
4.7500004e-11 -1.1140513
4.5000004e-11 -1.0940368
4.2500004e-11 -1.1083425
4.0000003e-11 -1.1236569
3.7500003e-11 -1.1469181
3.5000003e-11 -1.1313381
3.2500003e-11 -1.1264194
3.0000002e-11 -1.1668301
2.7500002e-11 -1.1528686
2.5000002e-11 -1.1717489
2.2500002e-11 -1.1585835
2.0000002e-11 -1.1828401
1.7500001e-11 -1.1760494
1.5000001e-11 -1.1984252
1.2500001e-11 -1.2068051
1.0000001e-11 -1.2036762
7.5000006e-12 -1.1970958
5.0000004e-12 -1.2145829
2.5000002e-12 -1.2573082
0.0 -1.2742431
