9.9999997e-10 -0.51541167
9.9749997e-10 -0.50808161
9.9499997e-10 -0.48740304
9.9249997e-10 -0.50118947
9.8999997e-10 -0.5359447
9.8749997e-10 -0.483601
9.8499997e-10 -0.49989939
9.8249997e-10 -0.51192731
9.7999997e-10 -0.48271322
9.7749997e-10 -0.52822864
9.7499997e-10 -0.50868088
9.7249997e-10 -0.53437376
9.6999997e-10 -0.47753629
9.6749997e-10 -0.55848265
9.6499997e-10 -0.54348201
9.6249997e-10 -0.52233016
9.5999997e-10 -0.52424222
9.5749997e-10 -0.54564273
9.5499997e-10 -0.51953375
9.5249997e-10 -0.50612098
9.4999997e-10 -0.53363013
9.4749997e-10 -0.51027507
9.4499997e-10 -0.51757282
9.4249997e-10 -0.52118319
9.3999997e-10 -0.54135382
9.3749997e-10 -0.51405543
9.3499997e-10 -0.54877299
9.3249997e-10 -0.55003744
9.2999997e-10 -0.53252971
9.2749997e-10 -0.54008329
9.2499997e-10 -0.52603018
9.2249997e-10 -0.53323543
9.1999997e-10 -0.50396323
9.1749996e-10 -0.53438991
9.1499996e-10 -0.56253803
9.1249996e-10 -0.56611294
9.0999996e-10 -0.55617809
9.0749996e-10 -0.51263297
9.0499996e-10 -0.53452092
9.0249996e-10 -0.56298918
8.9999996e-10 -0.53780478
8.9749996e-10 -0.54992044
8.9499996e-10 -0.53149331
8.9249996e-10 -0.53304064
8.8999996e-10 -0.56151152
8.8749996e-10 -0.58434159
8.8499996e-10 -0.5397737
8.8249996e-10 -0.52755708
8.7999996e-10 -0.54649782
8.7749996e-10 -0.53681564
8.7499996e-10 -0.54210961
8.7249996e-10 -0.5113101
8.6999996e-10 -0.53222311
8.6749996e-10 -0.52233863
8.6499996e-10 -0.53470314
8.6249996e-10 -0.55800706
8.5999996e-10 -0.54550391
8.5749996e-10 -0.55324662
8.5499996e-10 -0.53592604
8.5249996e-10 -0.54533583
8.4999996e-10 -0.55207407
8.4749996e-10 -0.55717081
8.4499996e-10 -0.5309096
8.4249996e-10 -0.56325525
8.3999996e-10 -0.55763173
8.3749996e-10 -0.55308628
8.3499996e-10 -0.54347223
8.3249996e-10 -0.54382265
8.2999996e-10 -0.58611137
8.2749996e-10 -0.56319815
8.2499996e-10 -0.54368478
8.2249996e-10 -0.52720374
8.1999996e-10 -0.53465933
8.1749996e-10 -0.54488087
8.1499996e-10 -0.54204351
8.1249996e-10 -0.52020139
8.0999996e-10 -0.53104585
8.0749996e-10 -0.53830826
8.0499996e-10 -0.54426014
8.0249996e-10 -0.54359102
7.9999996e-10 -0.5493198
7.9749995e-10 -0.58037513
7.9499995e-10 -0.53444636
7.9249995e-10 -0.56588864
7.8999995e-10 -0.5327667
7.8749995e-10 -0.54046947
7.8499995e-10 -0.5449962
7.8249995e-10 -0.52128994
7.7999995e-10 -0.55148607
7.7749995e-10 -0.53854769
7.7499995e-10 -0.53394073
7.7249995e-10 -0.52877337
7.6999995e-10 -0.52955753
7.6749995e-10 -0.55799055
7.6499995e-10 -0.53036296
7.6249995e-10 -0.5601114
7.5999995e-10 -0.53567123
7.5749995e-10 -0.52155375
7.5499995e-10 -0.56162208
7.5249995e-10 -0.55456328
7.4999995e-10 -0.53414041
7.4749995e-10 -0.54365438
7.4499995e-10 -0.57951421
7.4249995e-10 -0.51837879
7.3999995e-10 -0.54905671
7.3749995e-10 -0.57092941
7.3499995e-10 -0.53322309
7.3249995e-10 -0.56294602
7.2999995e-10 -0.58423525
7.2749995e-10 -0.56410891
7.2499995e-10 -0.57681185
7.2249995e-10 -0.5300321
7.1999995e-10 -0.53687656
7.1749995e-10 -0.57589018
7.1499995e-10 -0.56878179
7.1249995e-10 -0.53290182
7.0999995e-10 -0.58947688
7.0749995e-10 -0.60025096
7.0499995e-10 -0.54678458
7.0249995e-10 -0.57397705
6.9999995e-10 -0.5710324
6.9749995e-10 -0.54904258
6.9499995e-10 -0.56556588
6.9249995e-10 -0.57058024
6.8999995e-10 -0.5709843
6.8749995e-10 -0.57629693
6.8499995e-10 -0.56105274
6.8249995e-10 -0.56103355
6.7999995e-10 -0.57803404
6.7749995e-10 -0.597507
6.7499994e-10 -0.58563477
6.7249994e-10 -0.57304382
6.6999994e-10 -0.55383873
6.6749994e-10 -0.57313734
6.6499994e-10 -0.58642292
6.6249994e-10 -0.57335001
6.5999994e-10 -0.59641963
6.5749994e-10 -0.57595414
6.5499994e-10 -0.53964472
6.5249994e-10 -0.6030817
6.4999994e-10 -0.592951
6.4749994e-10 -0.59576631
6.4499994e-10 -0.58404976
6.4249994e-10 -0.58750671
6.3999994e-10 -0.59430045
6.3749994e-10 -0.58540219
6.3499994e-10 -0.5955106
6.3249994e-10 -0.59681159
6.2999994e-10 -0.60347503
6.2749994e-10 -0.59834808
6.2499994e-10 -0.59111989
6.2249994e-10 -0.60163617
6.1999994e-10 -0.55414575
6.1749994e-10 -0.59348583
6.1499994e-10 -0.61350346
6.1249994e-10 -0.6126408
6.0999994e-10 -0.61886889
6.0749994e-10 -0.59512562
6.0499994e-10 -0.60531652
6.0249994e-10 -0.59958231
5.9999994e-10 -0.59609538
5.9749994e-10 -0.58933628
5.9499994e-10 -0.60613751
5.9249994e-10 -0.61095941
5.8999994e-10 -0.60569632
5.8749994e-10 -0.60257334
5.8499994e-10 -0.61565793
5.8249994e-10 -0.59929132
5.7999994e-10 -0.62265474
5.7749994e-10 -0.62373567
5.7499994e-10 -0.65461421
5.7249994e-10 -0.60431725
5.6999994e-10 -0.63997078
5.6749994e-10 -0.61255908
5.6499994e-10 -0.64277804
5.6249994e-10 -0.6334151
5.5999994e-10 -0.64580649
5.5749994e-10 -0.66145098
5.5499993e-10 -0.63837725
5.5249993e-10 -0.67311788
5.4999993e-10 -0.64341176
5.4749993e-10 -0.66133344
5.4499993e-10 -0.68351376
5.4249993e-10 -0.64604318
5.3999993e-10 -0.65369332
5.3749993e-10 -0.65269947
5.3499993e-10 -0.65121889
5.3249999e-10 -0.6740548
5.2999999e-10 -0.67278731
5.2749999e-10 -0.72024435
5.2499999e-10 -0.72933686
5.2249999e-10 -0.70014691
5.1999999e-10 -0.6995877
5.1749999e-10 -0.73873103
5.1499999e-10 -0.70983452
5.1249999e-10 -0.70458412
5.0999999e-10 -0.71154583
5.0749999e-10 -0.7380873
5.0499999e-10 -0.7073831
5.0249999e-10 -0.72472763
4.9999999e-10 -0.72759157
4.9749999e-10 -0.71068954
4.9499999e-10 -0.71882927
4.9249999e-10 -0.73433757
4.8999999e-10 -0.75368464
4.8749998e-10 -0.75191975
4.8499998e-10 -0.73638481
4.8249998e-10 -0.74403399
4.7999998e-10 -0.71654499
4.7749998e-10 -0.74437249
4.7499998e-10 -0.73793137
4.7249998e-10 -0.73186564
4.6999998e-10 -0.74303353
4.6749998e-10 -0.73780829
4.6499998e-10 -0.75320661
4.6249998e-10 -0.75023019
4.5999998e-10 -0.75784367
4.5749998e-10 -0.73713726
4.5499998e-10 -0.73517615
4.5249998e-10 -0.74684256
4.4999998e-10 -0.76172954
4.4749998e-10 -0.75176066
4.4499998e-10 -0.73029572
4.4249998e-10 -0.7744801
4.3999998e-10 -0.73546457
4.3749998e-10 -0.76095951
4.3499998e-10 -0.71639866
4.3249998e-10 -0.74653935
4.2999998e-10 -0.74617028
4.2749998e-10 -0.74612761
4.2499998e-10 -0.73234862
4.2249998e-10 -0.77526116
4.1999998e-10 -0.75926703
4.1749998e-10 -0.74039376
4.1499998e-10 -0.75110817
4.1249998e-10 -0.7455188
4.0999998e-10 -0.740767
4.0749998e-10 -0.7126109
4.0499998e-10 -0.72216225
4.0249998e-10 -0.73032945
3.9999998e-10 -0.7465179
3.9749998e-10 -0.73304033
3.9499998e-10 -0.73719108
3.9249998e-10 -0.73287123
3.8999998e-10 -0.7410208
3.8749998e-10 -0.73028636
3.8499998e-10 -0.72766542
3.8249998e-10 -0.72961599
3.7999998e-10 -0.71968079
3.7749998e-10 -0.71449363
3.7499998e-10 -0.70933867
3.7249998e-10 -0.73325896
3.6999998e-10 -0.72922057
3.6749997e-10 -0.68970567
3.6499997e-10 -0.75194067
3.6249997e-10 -0.75748634
3.5999997e-10 -0.73131227
3.5749997e-10 -0.72997028
3.5499997e-10 -0.74097842
3.5249997e-10 -0.73318392
3.4999997e-10 -0.73634988
3.4749997e-10 -0.74138194
3.4499997e-10 -0.73467946
3.4249997e-10 -0.72630173
3.3999997e-10 -0.73482555
3.3749997e-10 -0.75069541
3.3499997e-10 -0.73914176
3.3249997e-10 -0.76195008
3.2999997e-10 -0.70704758
3.2749997e-10 -0.77548105
3.2499997e-10 -0.73931926
3.2249997e-10 -0.75811219
3.1999997e-10 -0.75910473
3.1749997e-10 -0.76316309
3.1499997e-10 -0.7689473
3.1249997e-10 -0.75904727
3.0999997e-10 -0.77516156
3.0749997e-10 -0.7498405
3.0499997e-10 -0.77368122
3.0249997e-10 -0.78278685
2.9999997e-10 -0.8145864
2.9749997e-10 -0.75849408
2.9499997e-10 -0.77177566
2.9249997e-10 -0.79530555
2.8999997e-10 -0.79260939
2.8749997e-10 -0.7684108
2.8499997e-10 -0.78377718
2.8249997e-10 -0.82519209
2.7999997e-10 -0.78838468
2.7749997e-10 -0.81608105
2.7499997e-10 -0.83789217
2.7249997e-10 -0.81638992
2.6999997e-10 -0.82231903
2.6749997e-10 -0.83873677
2.6499997e-10 -0.79795486
2.6249997e-10 -0.82649589
2.5999997e-10 -0.8032918
2.5749997e-10 -0.82443887
2.5499997e-10 -0.82084429
2.5249997e-10 -0.80731714
2.4999997e-10 -0.81104082
2.4749996e-10 -0.8335954
2.4499996e-10 -0.82406163
2.4249996e-10 -0.80665851
2.3999996e-10 -0.83843893
2.3749996e-10 -0.84273267
2.3499996e-10 -0.83648312
2.3249996e-10 -0.83435178
2.2999996e-10 -0.83330065
2.2749996e-10 -0.84563267
2.2499996e-10 -0.84396273
2.2249996e-10 -0.86862248
2.1999996e-10 -0.86311859
2.1749996e-10 -0.87640947
2.1499996e-10 -0.87457961
2.1249996e-10 -0.88815469
2.0999996e-10 -0.88254255
2.0749996e-10 -0.87281793
2.0499996e-10 -0.88273972
2.0249996e-10 -0.87254512
1.9999996e-10 -0.86747009
1.9749996e-10 -0.87602741
1.9499996e-10 -0.88402545
1.9249996e-10 -0.88446909
1.8999996e-10 -0.89069486
1.8749996e-10 -0.90917563
1.8499996e-10 -0.91477209
1.8249996e-10 -0.90415573
1.7999996e-10 -0.92535412
1.7749996e-10 -0.91302222
1.7499996e-10 -0.92814541
1.7249996e-10 -0.9460305
1.6999996e-10 -0.91313618
1.6749996e-10 -0.92737955
1.6499996e-10 -0.93861508
1.6249996e-10 -0.92963052
1.5999996e-10 -0.94251907
1.5749996e-10 -0.93289953
1.5499996e-10 -0.94000167
1.5249996e-10 -0.97455573
1.4999996e-10 -0.9729473
1.4749996e-10 -0.93425536
1.4499996e-10 -0.96431416
1.4249996e-10 -0.97188318
1.3999996e-10 -0.97073942
1.3749996e-10 -0.96295393
1.3499996e-10 -0.98501825
1.3249996e-10 -0.97485954
1.2999996e-10 -0.97937745
1.2749996e-10 -1.0030638
1.2499995e-10 -0.9884547
1.2249995e-10 -0.98262709
1.1999995e-10 -1.0036515
1.1749995e-10 -1.028296
1.1499995e-10 -0.98354793
1.1249995e-10 -1.0465844
1.0999995e-10 -1.0172645
1.0749995e-10 -1.0251096
1.0499995e-10 -1.0187759
1.0249995e-10 -0.99748951
9.9999953e-11 -1.0366642
9.7499953e-11 -1.021597
9.4999952e-11 -1.0622613
9.2499952e-11 -1.0268959
8.9999952e-11 -1.0219272
8.7499952e-11 -1.0501841
8.4999952e-11 -1.0649394
8.2499951e-11 -1.0633659
7.9999951e-11 -1.0450929
7.7499951e-11 -1.0819938
7.4999951e-11 -1.096215
7.249995e-11 -1.0610381
6.999995e-11 -1.0877039
6.7500006e-11 -1.129337
6.5000005e-11 -1.099763
6.2500005e-11 -1.1283333
6.0000005e-11 -1.1645367
5.7500005e-11 -1.1461768
5.5000005e-11 -1.1210521
5.2500004e-11 -1.1248394
5.0000004e-11 -1.1393013
4.7500004e-11 -1.153917
4.5000004e-11 -1.1519265
4.2500004e-11 -1.1523902
4.0000003e-11 -1.1832274
3.7500003e-11 -1.1723267
3.5000003e-11 -1.169156
3.2500003e-11 -1.1784974
3.0000002e-11 -1.17702
2.7500002e-11 -1.19357
2.5000002e-11 -1.1892511
2.2500002e-11 -1.2188113
2.0000002e-11 -1.1870575
1.7500001e-11 -1.2102995
1.5000001e-11 -1.2122055
1.2500001e-11 -1.2121938
1.0000001e-11 -1.2656088
7.5000006e-12 -1.2620007
5.0000004e-12 -1.2502536
2.5000002e-12 -1.2614062
0.0 -1.2785891
