9.9999997e-10 -0.51686049
9.9749997e-10 -0.51413953
9.9499997e-10 -0.52065498
9.9249997e-10 -0.54275018
9.8999997e-10 -0.52314854
9.8749997e-10 -0.52147752
9.8499997e-10 -0.5438574
9.8249997e-10 -0.53681535
9.7999997e-10 -0.51542431
9.7749997e-10 -0.52470505
9.7499997e-10 -0.53252488
9.7249997e-10 -0.51913005
9.6999997e-10 -0.53312755
9.6749997e-10 -0.5397411
9.6499997e-10 -0.56125736
9.6249997e-10 -0.53644437
9.5999997e-10 -0.53823578
9.5749997e-10 -0.53518689
9.5499997e-10 -0.52542627
9.5249997e-10 -0.51264107
9.4999997e-10 -0.52316713
9.4749997e-10 -0.54858649
9.4499997e-10 -0.54973209
9.4249997e-10 -0.53180271
9.3999997e-10 -0.53085732
9.3749997e-10 -0.55259633
9.3499997e-10 -0.53474975
9.3249997e-10 -0.52682078
9.2999997e-10 -0.55914432
9.2749997e-10 -0.57601881
9.2499997e-10 -0.54144919
9.2249997e-10 -0.54123402
9.1999997e-10 -0.52456397
9.1749996e-10 -0.53977442
9.1499996e-10 -0.51920688
9.1249996e-10 -0.51913863
9.0999996e-10 -0.55051649
9.0749996e-10 -0.53209829
9.0499996e-10 -0.53875792
9.0249996e-10 -0.53352982
8.9999996e-10 -0.55415565
8.9749996e-10 -0.54999489
8.9499996e-10 -0.56359696
8.9249996e-10 -0.53149688
8.8999996e-10 -0.52187514
8.8749996e-10 -0.53807342
8.8499996e-10 -0.51583552
8.8249996e-10 -0.54501337
8.7999996e-10 -0.54129678
8.7749996e-10 -0.55034
8.7499996e-10 -0.55258727
8.7249996e-10 -0.54976922
8.6999996e-10 -0.52900958
8.6749996e-10 -0.52437699
8.6499996e-10 -0.5406068
8.6249996e-10 -0.5444392
8.5999996e-10 -0.49203864
8.5749996e-10 -0.53017116
8.5499996e-10 -0.55808145
8.5249996e-10 -0.55072105
8.4999996e-10 -0.55059278
8.4749996e-10 -0.5556336
8.4499996e-10 -0.55154502
8.4249996e-10 -0.55033118
8.3999996e-10 -0.5383212
8.3749996e-10 -0.57843906
8.3499996e-10 -0.55302191
8.3249996e-10 -0.56008792
8.2999996e-10 -0.54572213
8.2749996e-10 -0.54480898
8.2499996e-10 -0.53608817
8.2249996e-10 -0.56887519
8.1999996e-10 -0.54644895
8.1749996e-10 -0.55937529
8.1499996e-10 -0.55986917
8.1249996e-10 -0.58134151
8.0999996e-10 -0.52511936
8.0749996e-10 -0.56537187
8.0499996e-10 -0.5449596
8.0249996e-10 -0.53633946
7.9999996e-10 -0.56811446
7.9749995e-10 -0.53895402
7.9499995e-10 -0.58042318
7.9249995e-10 -0.54048628
7.8999995e-10 -0.55159932
7.8749995e-10 -0.57703424
7.8499995e-10 -0.57483476
7.8249995e-10 -0.56912291
7.7999995e-10 -0.56722975
7.7749995e-10 -0.57520473
7.7499995e-10 -0.54729605
7.7249995e-10 -0.59151298
7.6999995e-10 -0.56357104
7.6749995e-10 -0.58166623
7.6499995e-10 -0.56921726
7.6249995e-10 -0.546363
7.5999995e-10 -0.56445634
7.5749995e-10 -0.5522961
7.5499995e-10 -0.57530236
7.5249995e-10 -0.55944854
7.4999995e-10 -0.5617879
7.4749995e-10 -0.57899284
7.4499995e-10 -0.5661999
7.4249995e-10 -0.56846446
7.3999995e-10 -0.55244797
7.3749995e-10 -0.55716604
7.3499995e-10 -0.5950104
7.3249995e-10 -0.54327172
7.2999995e-10 -0.55769342
7.2749995e-10 -0.61194456
7.2499995e-10 -0.56633842
7.2249995e-10 -0.58213031
7.1999995e-10 -0.62230897
7.1749995e-10 -0.53596097
7.1499995e-10 -0.57843119
7.1249995e-10 -0.56519777
7.0999995e-10 -0.59399348
7.0749995e-10 -0.59911543
7.0499995e-10 -0.54850996
7.0249995e-10 -0.55677134
6.9999995e-10 -0.56815434
6.9749995e-10 -0.60898578
6.9499995e-10 -0.5776096
6.9249995e-10 -0.60162401
6.8999995e-10 -0.57125044
6.8749995e-10 -0.59842008
6.8499995e-10 -0.57872367
6.8249995e-10 -0.60753191
6.7999995e-10 -0.55220997
6.7749995e-10 -0.58302361
6.7499994e-10 -0.58439171
6.7249994e-10 -0.62250978
6.6999994e-10 -0.55974811
6.6749994e-10 -0.58949226
6.6499994e-10 -0.59234583
6.6249994e-10 -0.60355085
6.5999994e-10 -0.57544827
6.5749994e-10 -0.59857649
6.5499994e-10 -0.61658239
6.5249994e-10 -0.61209172
6.4999994e-10 -0.59942812
6.4749994e-10 -0.58591419
6.4499994e-10 -0.60347128
6.4249994e-10 -0.58399856
6.3999994e-10 -0.59774739
6.3749994e-10 -0.58845651
6.3499994e-10 -0.59380221
6.3249994e-10 -0.57980603
6.2999994e-10 -0.60788012
6.2749994e-10 -0.60022247
6.2499994e-10 -0.59987909
6.2249994e-10 -0.58978873
6.1999994e-10 -0.59732449
6.1749994e-10 -0.61056018
6.1499994e-10 -0.58418649
6.1249994e-10 -0.59737182
6.0999994e-10 -0.60059738
6.0749994e-10 -0.58524042
6.0499994e-10 -0.60500902
6.0249994e-10 -0.54822075
5.9999994e-10 -0.63103426
5.9749994e-10 -0.60894692
5.9499994e-10 -0.61706686
5.9249994e-10 -0.60825759
5.8999994e-10 -0.62703019
5.8749994e-10 -0.61160219
5.8499994e-10 -0.61091572
5.8249994e-10 -0.62761027
5.7999994e-10 -0.62111348
5.7749994e-10 -0.62236047
5.7499994e-10 -0.59838718
5.7249994e-10 -0.64334512
5.6999994e-10 -0.60523891
5.6749994e-10 -0.62763971
5.6499994e-10 -0.62085176
5.6249994e-10 -0.65218085
5.5999994e-10 -0.63875473
5.5749994e-10 -0.61304724
5.5499993e-10 -0.64036989
5.5249993e-10 -0.6249817
5.4999993e-10 -0.6375913
5.4749993e-10 -0.64902061
5.4499993e-10 -0.62011826
5.4249993e-10 -0.64203191
5.3999993e-10 -0.63507342
5.3749993e-10 -0.63835955
5.3499993e-10 -0.6235711
5.3249999e-10 -0.6655705
5.2999999e-10 -0.64501882
5.2749999e-10 -0.62609434
5.2499999e-10 -0.67619872
5.2249999e-10 -0.67384386
5.1999999e-10 -0.65010124
5.1749999e-10 -0.62268579
5.1499999e-10 -0.66853523
5.1249999e-10 -0.64821935
5.0999999e-10 -0.66333091
5.0749999e-10 -0.66906524
5.0499999e-10 -0.65373778
5.0249999e-10 -0.67095917
4.9999999e-10 -0.68828583
4.9749999e-10 -0.64469129
4.9499999e-10 -0.65407413
4.9249999e-10 -0.63908625
4.8999999e-10 -0.65077269
4.8749998e-10 -0.6625489
4.8499998e-10 -0.68043572
4.8249998e-10 -0.65924942
4.7999998e-10 -0.66221887
4.7749998e-10 -0.67241794
4.7499998e-10 -0.67395985
4.7249998e-10 -0.6742304
4.6999998e-10 -0.68589574
4.6749998e-10 -0.69385195
4.6499998e-10 -0.67640102
4.6249998e-10 -0.67982078
4.5999998e-10 -0.66636169
4.5749998e-10 -0.68756533
4.5499998e-10 -0.68496478
4.5249998e-10 -0.70190084
4.4999998e-10 -0.69676805
4.4749998e-10 -0.66901243
4.4499998e-10 -0.7053721
4.4249998e-10 -0.7035166
4.3999998e-10 -0.69406521
4.3749998e-10 -0.7152068
4.3499998e-10 -0.7004866
4.3249998e-10 -0.64100504
4.2999998e-10 -0.61974013
4.2749998e-10 -0.65306604
4.2499998e-10 -0.68160093
4.2249998e-10 -0.66051883
4.1999998e-10 -0.69551504
4.1749998e-10 -0.70433289
4.1499998e-10 -0.70268285
4.1249998e-10 -0.69519705
4.0999998e-10 -0.66210598
4.0749998e-10 -0.68489206
4.0499998e-10 -0.68611687
4.0249998e-10 -0.69300854
3.9999998e-10 -0.66134149
3.9749998e-10 -0.69096786
3.9499998e-10 -0.67107159
3.9249998e-10 -0.66987538
3.8999998e-10 -0.70922124
3.8749998e-10 -0.69194293
3.8499998e-10 -0.72279191
3.8249998e-10 -0.67897457
3.7999998e-10 -0.73374188
3.7749998e-10 -0.69575953
3.7499998e-10 -0.73343378
3.7249998e-10 -0.71652734
3.6999998e-10 -0.68983948
3.6749997e-10 -0.73561364
3.6499997e-10 -0.73437363
3.6249997e-10 -0.68734646
3.5999997e-10 -0.70801967
3.5749997e-10 -0.75399715
3.5499997e-10 -0.69513762
3.5249997e-10 -0.71337533
3.4999997e-10 -0.72777528
3.4749997e-10 -0.72083348
3.4499997e-10 -0.72429341
3.4249997e-10 -0.7085923
3.3999997e-10 -0.71408111
3.3749997e-10 -0.73524791
3.3499997e-10 -0.7020129
3.3249997e-10 -0.76178443
3.2999997e-10 -0.79319215
3.2749997e-10 -0.68417174
3.2499997e-10 -0.70729584
3.2249997e-10 -0.69145387
3.1999997e-10 -0.76797712
3.1749997e-10 -0.79258245
3.1499997e-10 -0.71544564
3.1249997e-10 -0.7665031
3.0999997e-10 -0.74528772
3.0749997e-10 -0.81040627
3.0499997e-10 -0.75078136
3.0249997e-10 -0.75398797
2.9999997e-10 -0.7633844
2.9749997e-10 -0.70861864
2.9499997e-10 -0.72506291
2.9249997e-10 -0.75467134
2.8999997e-10 -0.77483088
2.8749997e-10 -0.78402185
2.8499997e-10 -0.75489414
2.8249997e-10 -0.7873491
2.7999997e-10 -0.77746612
2.7749997e-10 -0.74349272
2.7499997e-10 -0.73922861
2.7249997e-10 -0.77247399
2.6999997e-10 -0.77674848
2.6749997e-10 -0.78633189
2.6499997e-10 -0.78281593
2.6249997e-10 -0.77810609
2.5999997e-10 -0.81643546
2.5749997e-10 -0.78035814
2.5499997e-10 -0.81424487
2.5249997e-10 -0.79014909
2.4999997e-10 -0.79085284
2.4749996e-10 -0.84404886
2.4499996e-10 -0.79016328
2.4249996e-10 -0.80055088
2.3999996e-10 -0.79751903
2.3749996e-10 -0.74373829
2.3499996e-10 -0.8365131
2.3249996e-10 -0.8168996
2.2999996e-10 -0.79820126
2.2749996e-10 -0.84025806
2.2499996e-10 -0.79644102
2.2249996e-10 -0.8405503
2.1999996e-10 -0.82901561
2.1749996e-10 -0.85833782
2.1499996e-10 -0.84261858
2.1249996e-10 -0.82517684
2.0999996e-10 -0.83537722
2.0749996e-10 -0.86973459
2.0499996e-10 -0.83166605
2.0249996e-10 -0.84157246
1.9999996e-10 -0.83151519
1.9749996e-10 -0.84764153
1.9499996e-10 -0.82260537
1.9249996e-10 -0.83136863
1.8999996e-10 -0.85341722
1.8749996e-10 -0.87951529
1.8499996e-10 -0.86656231
1.8249996e-10 -0.90403622
1.7999996e-10 -0.85229385
1.7749996e-10 -0.87555796
1.7499996e-10 -0.88373125
1.7249996e-10 -0.91205859
1.6999996e-10 -0.89821315
1.6749996e-10 -0.89214522
1.6499996e-10 -0.89557153
1.6249996e-10 -0.88633347
1.5999996e-10 -0.89964104
1.5749996e-10 -0.91458952
1.5499996e-10 -0.90673912
1.5249996e-10 -0.90846354
1.4999996e-10 -0.93443018
1.4749996e-10 -0.90587348
1.4499996e-10 -0.9596737
1.4249996e-10 -0.96257252
1.3999996e-10 -0.94624197
1.3749996e-10 -0.95623177
1.3499996e-10 -0.94618535
1.3249996e-10 -0.97724134
1.2999996e-10 -0.97548896
1.2749996e-10 -0.96712196
1.2499995e-10 -0.99265081
1.2249995e-10 -0.97086823
1.1999995e-10 -0.9954887
1.1749995e-10 -0.99401808
1.1499995e-10 -0.97973943
1.1249995e-10 -0.98706764
1.0999995e-10 -1.0147493
1.0749995e-10 -1.0274514
1.0499995e-10 -1.01981
1.0249995e-10 -1.0172287
9.9999953e-11 -1.0383171
9.7499953e-11 -1.0274454
9.4999952e-11 -1.0448999
9.2499952e-11 -1.0495493
8.9999952e-11 -1.0639815
8.7499952e-11 -1.0942385
8.4999952e-11 -1.0802596
8.2499951e-11 -1.0836048
7.9999951e-11 -1.1081825
7.7499951e-11 -1.13898
7.4999951e-11 -1.1313219
7.249995e-11 -1.1167611
6.999995e-11 -1.1182611
6.7500006e-11 -1.1163483
6.5000005e-11 -1.1269845
6.2500005e-11 -1.1312273
6.0000005e-11 -1.1711773
5.7500005e-11 -1.1412134
5.5000005e-11 -1.189854
5.2500004e-11 -1.1618274
5.0000004e-11 -1.1805569
4.7500004e-11 -1.1858782
4.5000004e-11 -1.2232161
4.2500004e-11 -1.210602
4.0000003e-11 -1.2219093
3.7500003e-11 -1.2245668
3.5000003e-11 -1.2647134
3.2500003e-11 -1.2834256
3.0000002e-11 -1.2626709
2.7500002e-11 -1.2822732
2.5000002e-11 -1.3012475
2.2500002e-11 -1.2808527
2.0000002e-11 -1.2824131
1.7500001e-11 -1.3060216
1.5000001e-11 -1.3384154
1.2500001e-11 -1.3274072
1.0000001e-11 -1.337769
7.5000006e-12 -1.3494674
5.0000004e-12 -1.3433843
2.5000002e-12 -1.3163439
0.0 -1.3562007
