9.9999997e-10 -0.52781165
9.9749997e-10 -0.50536627
9.9499997e-10 -0.53574014
9.9249997e-10 -0.52069157
9.8999997e-10 -0.50887579
9.8749997e-10 -0.52373707
9.8499997e-10 -0.5363819
9.8249997e-10 -0.52655184
9.7999997e-10 -0.52026206
9.7749997e-10 -0.5179587
9.7499997e-10 -0.52968794
9.7249997e-10 -0.53616911
9.6999997e-10 -0.54105979
9.6749997e-10 -0.52531052
9.6499997e-10 -0.50300139
9.6249997e-10 -0.55154675
9.5999997e-10 -0.54996276
9.5749997e-10 -0.53903425
9.5499997e-10 -0.57087189
9.5249997e-10 -0.52574736
9.4999997e-10 -0.50725716
9.4749997e-10 -0.52686834
9.4499997e-10 -0.54788494
9.4249997e-10 -0.55536133
9.3999997e-10 -0.55003268
9.3749997e-10 -0.5045988
9.3499997e-10 -0.54425776
9.3249997e-10 -0.52163553
9.2999997e-10 -0.5409193
9.2749997e-10 -0.54266804
9.2499997e-10 -0.53407401
9.2249997e-10 -0.53162509
9.1999997e-10 -0.54660445
9.1749996e-10 -0.55158609
9.1499996e-10 -0.54115021
9.1249996e-10 -0.56599647
9.0999996e-10 -0.54597509
9.0749996e-10 -0.54871178
9.0499996e-10 -0.54114038
9.0249996e-10 -0.49137515
8.9999996e-10 -0.55583793
8.9749996e-10 -0.53590459
8.9499996e-10 -0.54605502
8.9249996e-10 -0.52430058
8.8999996e-10 -0.51100564
8.8749996e-10 -0.52787942
8.8499996e-10 -0.54945457
8.8249996e-10 -0.56447172
8.7999996e-10 -0.55328995
8.7749996e-10 -0.51299131
8.7499996e-10 -0.5485068
8.7249996e-10 -0.57999676
8.6999996e-10 -0.55880886
8.6749996e-10 -0.58670485
8.6499996e-10 -0.57049322
8.6249996e-10 -0.52941698
8.5999996e-10 -0.54690295
8.5749996e-10 -0.5219692
8.5499996e-10 -0.55706888
8.5249996e-10 -0.56248683
8.4999996e-10 -0.51803291
8.4749996e-10 -0.56029898
8.4499996e-10 -0.54038167
8.4249996e-10 -0.57672101
8.3999996e-10 -0.56454366
8.3749996e-10 -0.51911676
8.3499996e-10 -0.55988938
8.3249996e-10 -0.53779322
8.2999996e-10 -0.53861386
8.2749996e-10 -0.56601852
8.2499996e-10 -0.56544507
8.2249996e-10 -0.53272444
8.1999996e-10 -0.56083608
8.1749996e-10 -0.55518097
8.1499996e-10 -0.559677
8.1249996e-10 -0.5363853
8.0999996e-10 -0.56498235
8.0749996e-10 -0.53109163
8.0499996e-10 -0.55186224
8.0249996e-10 -0.54869843
7.9999996e-10 -0.57078719
7.9749995e-10 -0.55496198
7.9499995e-10 -0.54677689
7.9249995e-10 -0.58274245
7.8999995e-10 -0.56540483
7.8749995e-10 -0.54436868
7.8499995e-10 -0.57494301
7.8249995e-10 -0.5684064
7.7999995e-10 -0.56330854
7.7749995e-10 -0.55862868
7.7499995e-10 -0.54872262
7.7249995e-10 -0.54858959
7.6999995e-10 -0.55570024
7.6749995e-10 -0.55756813
7.6499995e-10 -0.54178864
7.6249995e-10 -0.58933365
7.5999995e-10 -0.55753458
7.5749995e-10 -0.55786616
7.5499995e-10 -0.59062719
7.5249995e-10 -0.57192755
7.4999995e-10 -0.56820613
7.4749995e-10 -0.57852167
7.4499995e-10 -0.5550735
7.4249995e-10 -0.54499137
7.3999995e-10 -0.55038452
7.3749995e-10 -0.58148682
7.3499995e-10 -0.58758861
7.3249995e-10 -0.57770991
7.2999995e-10 -0.59894413
7.2749995e-10 -0.60919952
7.2499995e-10 -0.55702668
7.2249995e-10 -0.58807909
7.1999995e-10 -0.58507729
7.1749995e-10 -0.58620018
7.1499995e-10 -0.57184297
7.1249995e-10 -0.59553975
7.0999995e-10 -0.60816842
7.0749995e-10 -0.6000514
7.0499995e-10 -0.58399701
7.0249995e-10 -0.59260577
6.9999995e-10 -0.59148449
6.9749995e-10 -0.58269417
6.9499995e-10 -0.58375335
6.9249995e-10 -0.58528328
6.8999995e-10 -0.57353133
6.8749995e-10 -0.58049595
6.8499995e-10 -0.58357215
6.8249995e-10 -0.5613454
6.7999995e-10 -0.60514051
6.7749995e-10 -0.58348382
6.7499994e-10 -0.59652925
6.7249994e-10 -0.61367291
6.6999994e-10 -0.58095562
6.6749994e-10 -0.60181421
6.6499994e-10 -0.60411668
6.6249994e-10 -0.61493242
6.5999994e-10 -0.53427207
6.5749994e-10 -0.59448224
6.5499994e-10 -0.58654517
6.5249994e-10 -0.61389017
6.4999994e-10 -0.56961286
6.4749994e-10 -0.57891488
6.4499994e-10 -0.57731712
6.4249994e-10 -0.57630622
6.3999994e-10 -0.59948391
6.3749994e-10 -0.59687412
6.3499994e-10 -0.58834767
6.3249994e-10 -0.60115534
6.2999994e-10 -0.616813
6.2749994e-10 -0.58558422
6.2499994e-10 -0.6026094
6.2249994e-10 -0.59434599
6.1999994e-10 -0.5800665
6.1749994e-10 -0.58937329
6.1499994e-10 -0.60589457
6.1249994e-10 -0.58564717
6.0999994e-10 -0.62376404
6.0749994e-10 -0.60942769
6.0499994e-10 -0.61493134
6.0249994e-10 -0.61041939
5.9999994e-10 -0.62608707
5.9749994e-10 -0.57200414
5.9499994e-10 -0.64690101
5.9249994e-10 -0.59831536
5.8999994e-10 -0.60288239
5.8749994e-10 -0.59957445
5.8499994e-10 -0.64292598
5.8249994e-10 -0.60555899
5.7999994e-10 -0.60064226
5.7749994e-10 -0.62973058
5.7499994e-10 -0.63333881
5.7249994e-10 -0.5979203
5.6999994e-10 -0.64236593
5.6749994e-10 -0.64052838
5.6499994e-10 -0.62048435
5.6249994e-10 -0.62636685
5.5999994e-10 -0.61799681
5.5749994e-10 -0.58293772
5.5499993e-10 -0.63035727
5.5249993e-10 -0.60826856
5.4999993e-10 -0.61009383
5.4749993e-10 -0.61470908
5.4499993e-10 -0.63216138
5.4249993e-10 -0.62372512
5.3999993e-10 -0.5930286
5.3749993e-10 -0.62954009
5.3499993e-10 -0.65325963
5.3249999e-10 -0.60320795
5.2999999e-10 -0.65626603
5.2749999e-10 -0.63894618
5.2499999e-10 -0.65178043
5.2249999e-10 -0.63281035
5.1999999e-10 -0.65048409
5.1749999e-10 -0.63210475
5.1499999e-10 -0.63956219
5.1249999e-10 -0.6229527
5.0999999e-10 -0.65315127
5.0749999e-10 -0.65445417
5.0499999e-10 -0.63835436
5.0249999e-10 -0.62785703
4.9999999e-10 -0.63781273
4.9749999e-10 -0.6527127
4.9499999e-10 -0.65126204
4.9249999e-10 -0.6678018
4.8999999e-10 -0.64868635
4.8749998e-10 -0.64933246
4.8499998e-10 -0.67343122
4.8249998e-10 -0.65868342
4.7999998e-10 -0.63399422
4.7749998e-10 -0.69462466
4.7499998e-10 -0.65373212
4.7249998e-10 -0.65895629
4.6999998e-10 -0.68615216
4.6749998e-10 -0.66201019
4.6499998e-10 -0.66643029
4.6249998e-10 -0.66958487
4.5999998e-10 -0.68797535
4.5749998e-10 -0.66225195
4.5499998e-10 -0.68562055
4.5249998e-10 -0.69302756
4.4999998e-10 -0.70016253
4.4749998e-10 -0.69292593
4.4499998e-10 -0.7091037
4.4249998e-10 -0.71357149
4.3999998e-10 -0.70543152
4.3749998e-10 -0.71301371
4.3499998e-10 -0.73718876
4.3249998e-10 -0.70494735
4.2999998e-10 -0.71677178
4.2749998e-10 -0.72921044
4.2499998e-10 -0.71209157
4.2249998e-10 -0.71934712
4.1999998e-10 -0.71046084
4.1749998e-10 -0.73097032
4.1499998e-10 -0.76814604
4.1249998e-10 -0.78146785
4.0999998e-10 -0.76096171
4.0749998e-10 -0.76959997
4.0499998e-10 -0.77231717
4.0249998e-10 -0.75905383
3.9999998e-10 -0.75396162
3.9749998e-10 -0.78120303
3.9499998e-10 -0.80061376
3.9249998e-10 -0.7986269
3.8999998e-10 -0.76107466
3.8749998e-10 -0.79500663
3.8499998e-10 -0.80965173
3.8249998e-10 -0.79659742
3.7999998e-10 -0.79589176
3.7749998e-10 -0.80193543
3.7499998e-10 -0.77910304
3.7249998e-10 -0.79459071
3.6999998e-10 -0.81134182
3.6749997e-10 -0.79493821
3.6499997e-10 -0.83699644
3.6249997e-10 -0.82524651
3.5999997e-10 -0.82122731
3.5749997e-10 -0.80099952
3.5499997e-10 -0.8185904
3.5249997e-10 -0.81347388
3.4999997e-10 -0.82533461
3.4749997e-10 -0.76370114
3.4499997e-10 -0.83628452
3.4249997e-10 -0.837699
3.3999997e-10 -0.82482141
3.3749997e-10 -0.82943362
3.3499997e-10 -0.8305636
3.3249997e-10 -0.82839698
3.2999997e-10 -0.80801731
3.2749997e-10 -0.81631625
3.2499997e-10 -0.86102343
3.2249997e-10 -0.81913662
3.1999997e-10 -0.80852526
3.1749997e-10 -0.82428741
3.1499997e-10 -0.80470139
3.1249997e-10 -0.87096381
3.0999997e-10 -0.81240839
3.0749997e-10 -0.86015648
3.0499997e-10 -0.85182339
3.0249997e-10 -0.83995062
2.9999997e-10 -0.8392629
2.9749997e-10 -0.84899455
2.9499997e-10 -0.81183898
2.9249997e-10 -0.86499858
2.8999997e-10 -0.84622425
2.8749997e-10 -0.83312118
2.8499997e-10 -0.84613991
2.8249997e-10 -0.8358469
2.7999997e-10 -0.83376068
2.7749997e-10 -0.86291605
2.7499997e-10 -0.84179705
2.7249997e-10 -0.84802639
2.6999997e-10 -0.81861269
2.6749997e-10 -0.85960722
2.6499997e-10 -0.83214295
2.6249997e-10 -0.84506869
2.5999997e-10 -0.81495208
2.5749997e-10 -0.8286196
2.5499997e-10 -0.82810473
2.5249997e-10 -0.83747339
2.4999997e-10 -0.82255501
2.4749996e-10 -0.84541982
2.4499996e-10 -0.83911574
2.4249996e-10 -0.83342242
2.3999996e-10 -0.81489903
2.3749996e-10 -0.83321559
2.3499996e-10 -0.85317743
2.3249996e-10 -0.81379396
2.2999996e-10 -0.83850753
2.2749996e-10 -0.83355153
2.2499996e-10 -0.84319609
2.2249996e-10 -0.8825857
2.1999996e-10 -0.85043746
2.1749996e-10 -0.84934253
2.1499996e-10 -0.8792479
2.1249996e-10 -0.8508175
2.0999996e-10 -0.88224649
2.0749996e-10 -0.85841745
2.0499996e-10 -0.88817161
2.0249996e-10 -0.87331527
1.9999996e-10 -0.86635989
1.9749996e-10 -0.9047761
1.9499996e-10 -0.88900143
1.9249996e-10 -0.89872217
1.8999996e-10 -0.86564988
1.8749996e-10 -0.86065662
1.8499996e-10 -0.92004335
1.8249996e-10 -0.92313927
1.7999996e-10 -0.86457986
1.7749996e-10 -0.91403884
1.7499996e-10 -0.91628897
1.7249996e-10 -0.90153682
1.6999996e-10 -0.9161101
1.6749996e-10 -0.91229922
1.6499996e-10 -0.97190166
1.6249996e-10 -0.93426752
1.5999996e-10 -0.91727644
1.5749996e-10 -0.92131358
1.5499996e-10 -0.93960351
1.5249996e-10 -0.94512784
1.4999996e-10 -0.95916885
1.4749996e-10 -0.94299728
1.4499996e-10 -0.95492947
1.4249996e-10 -0.95588905
1.3999996e-10 -0.98076481
1.3749996e-10 -1.0074379
1.3499996e-10 -0.96843284
1.3249996e-10 -0.97895569
1.2999996e-10 -0.96946681
1.2749996e-10 -0.96853322
1.2499995e-10 -0.96982729
1.2249995e-10 -0.9696272
1.1999995e-10 -0.99828601
1.1749995e-10 -1.0045458
1.1499995e-10 -0.99889863
1.1249995e-10 -0.98852557
1.0999995e-10 -1.0155696
1.0749995e-10 -1.0575405
1.0499995e-10 -1.013803
1.0249995e-10 -1.0064542
9.9999953e-11 -1.0606761
9.7499953e-11 -1.0244913
9.4999952e-11 -1.0230154
9.2499952e-11 -1.0539253
8.9999952e-11 -1.010267
8.7499952e-11 -1.0440639
8.4999952e-11 -1.089548
8.2499951e-11 -1.0590072
7.9999951e-11 -1.0755241
7.7499951e-11 -1.0768175
7.4999951e-11 -1.0883305
7.249995e-11 -1.096747
6.999995e-11 -1.1122485
6.7500006e-11 -1.103322
6.5000005e-11 -1.0721064
6.2500005e-11 -1.1011133
6.0000005e-11 -1.0966467
5.7500005e-11 -1.1145911
5.5000005e-11 -1.1297252
5.2500004e-11 -1.1569266
5.0000004e-11 -1.1141714
4.7500004e-11 -1.1062086
4.5000004e-11 -1.1315994
4.2500004e-11 -1.1460954
4.0000003e-11 -1.1656708
3.7500003e-11 -1.1632546
3.5000003e-11 -1.1534572
3.2500003e-11 -1.1638517
3.0000002e-11 -1.1506555
2.7500002e-11 -1.2121978
2.5000002e-11 -1.2012399
2.2500002e-11 -1.1813056
2.0000002e-11 -1.2055427
1.7500001e-11 -1.2167763
1.5000001e-11 -1.2029617
1.2500001e-11 -1.2174517
1.0000001e-11 -1.2436775
7.5000006e-12 -1.2282275
5.0000004e-12 -1.2365304
2.5000002e-12 -1.2724733
0.0 -1.2630678
