0.0 -1.4677833
2.5000002e-12 -1.4407394
5.0000004e-12 -1.4315443
7.5000006e-12 -1.378521
1.0000001e-11 -1.4240088
1.2500001e-11 -1.4730195
1.5000001e-11 -1.3547143
1.7500001e-11 -1.3334111
2.0000002e-11 -1.3876421
2.2500002e-11 -1.3756123
2.5000002e-11 -1.4089026
2.7500002e-11 -1.4126875
3.0000002e-11 -1.3814175
3.2500003e-11 -1.3765882
3.5000003e-11 -1.3021346
3.7500003e-11 -1.4421688
4.0000003e-11 -1.357025
4.2500004e-11 -1.2493181
4.5000004e-11 -1.4024853
4.7500004e-11 -1.3275834
5.0000004e-11 -1.3602047
5.2500004e-11 -1.3842995
5.5000005e-11 -1.3291005
5.7500005e-11 -1.3102371
6.0000005e-11 -1.3895621
6.2500005e-11 -1.2646822
6.5000005e-11 -1.3267355
6.7500006e-11 -1.2978902
6.999995e-11 -1.3786825
7.249995e-11 -1.2700732
7.4999951e-11 -1.3437575
7.7499951e-11 -1.2562085
7.9999951e-11 -1.3497288
8.2499951e-11 -1.3544666
8.4999952e-11 -1.3087569
8.7499952e-11 -1.3111199
8.9999952e-11 -1.2509488
9.2499952e-11 -1.253787
9.4999952e-11 -1.2965877
9.7499953e-11 -1.3005236
9.9999953e-11 -1.3156093
1.0249995e-10 -1.2885827
1.0499995e-10 -1.2093842
1.0749995e-10 -1.1963381
1.0999995e-10 -1.2855542
1.1249995e-10 -1.2400776
1.1499995e-10 -1.3199748
1.1749995e-10 -1.2024356
1.1999995e-10 -1.2236098
1.2249995e-10 -1.1719991
1.2499995e-10 -1.2304573
1.2749996e-10 -1.2147077
1.2999996e-10 -1.2544208
1.3249996e-10 -1.2864527
1.3499996e-10 -1.2044233
1.3749996e-10 -1.2349852
1.3999996e-10 -1.296103
1.4249996e-10 -1.2181314
1.4499996e-10 -1.2038599
1.4749996e-10 -1.2433804
1.4999996e-10 -1.1804839
1.5249996e-10 -1.1873299
1.5499996e-10 -1.2042624
1.5749996e-10 -1.228151
1.5999996e-10 -1.2386186
1.6249996e-10 -1.2767026
1.6499996e-10 -1.1760809
1.6749996e-10 -1.2307557
1.6999996e-10 -1.2361763
1.7249996e-10 -1.1489215
1.7499996e-10 -1.171605
1.7749996e-10 -1.1548961
1.7999996e-10 -1.1166883
1.8249996e-10 -1.1434506
1.8499996e-10 -1.1763039
1.8749996e-10 -1.2456238
1.8999996e-10 -1.1794157
1.9249996e-10 -1.1528257
1.9499996e-10 -1.1581185
1.9749996e-10 -1.1699985
1.9999996e-10 -1.2226706
2.0249996e-10 -1.177907
2.0499996e-10 -1.169229
2.0749996e-10 -1.1999403
2.0999996e-10 -1.1848673
2.1249996e-10 -1.1144053
2.1499996e-10 -1.2131639
2.1749996e-10 -1.1815208
2.1999996e-10 -1.141519
2.2249996e-10 -1.0987011
2.2499996e-10 -1.1275301
2.2749996e-10 -1.2153711
2.2999996e-10 -1.1024331
2.3249996e-10 -1.1035178
2.3499996e-10 -1.1804895
2.3749996e-10 -1.1822253
2.3999996e-10 -1.1175864
2.4249996e-10 -1.1196948
2.4499996e-10 -1.1815724
2.4749996e-10 -1.127568
2.4999997e-10 -1.1659331
2.5249997e-10 -1.1818796
2.5499997e-10 -1.1636465
2.5749997e-10 -1.03159
2.5999997e-10 -1.1412461
2.6249997e-10 -1.1410131
2.6499997e-10 -1.1441351
2.6749997e-10 -1.1007972
2.6999997e-10 -1.0378498
2.7249997e-10 -1.0875412
2.7499997e-10 -1.1800942
2.7749997e-10 -1.10711
2.7999997e-10 -1.063897
2.8249997e-10 -1.1016015
2.8499997e-10 -1.1355591
2.8749997e-10 -1.0519063
2.8999997e-10 -1.0496751
2.9249997e-10 -1.1302358
2.9499997e-10 -1.1078533
2.9749997e-10 -1.0753427
2.9999997e-10 -1.1271343
3.0249997e-10 -1.0986727
3.0499997e-10 -1.0218107
3.0749997e-10 -1.0507255
3.0999997e-10 -1.1170802
3.1249997e-10 -1.1135173
3.1499997e-10 -1.0708411
3.1749997e-10 -1.0682178
3.1999997e-10 -1.1289823
3.2249997e-10 -1.0017416
3.2499997e-10 -1.1192458
3.2749997e-10 -1.1316445
3.2999997e-10 -1.041465
3.3249997e-10 -1.1062281
3.3499997e-10 -1.0565473
3.3749997e-10 -1.0707077
3.3999997e-10 -1.1098404
3.4249997e-10 -1.0982459
3.4499997e-10 -1.0458866
3.4749997e-10 -1.1027551
3.4999997e-10 -1.0453423
3.5249997e-10 -1.0374696
3.5499997e-10 -1.1322373
3.5749997e-10 -1.1018885
3.5999997e-10 -1.0363878
3.6249997e-10 -1.064325
3.6499997e-10 -1.0799304
3.6749997e-10 -1.1065878
3.6999998e-10 -1.0145667
3.7249998e-10 -1.0404798
3.7499998e-10 -1.065612
3.7749998e-10 -1.0284747
3.7999998e-10 -1.0269895
3.8249998e-10 -1.1192627
3.8499998e-10 -1.0305619
3.8749998e-10 -1.0597411
3.8999998e-10 -1.0690267
3.9249998e-10 -1.0122677
3.9499998e-10 -1.0375446
3.9749998e-10 -1.0831573
3.9999998e-10 -1.0762286
4.0249998e-10 -0.97979474
4.0499998e-10 -1.0570675
4.0749998e-10 -1.0766197
4.0999998e-10 -0.96895891
4.1249998e-10 -1.0353135
4.1499998e-10 -1.0016261
4.1749998e-10 -1.0021501
4.1999998e-10 -1.095981
4.2249998e-10 -1.0565838
4.2499998e-10 -1.0111982
4.2749998e-10 -1.0693144
4.2999998e-10 -1.0151714
4.3249998e-10 -1.0248712
4.3499998e-10 -1.0231837
4.3749998e-10 -1.0179995
4.3999998e-10 -1.0861176
4.4249998e-10 -1.0450991
4.4499998e-10 -0.99799049
4.4749998e-10 -1.0574566
4.4999998e-10 -0.99972659
4.5249998e-10 -1.0216398
4.5499998e-10 -1.0591128
4.5749998e-10 -1.0440198
4.5999998e-10 -0.97871178
4.6249998e-10 -1.022027
4.6499998e-10 -1.0648373
4.6749998e-10 -1.0195241
4.6999998e-10 -0.98122352
4.7249998e-10 -0.96912599
4.7499998e-10 -1.0355
4.7749998e-10 -1.0991997
4.7999998e-10 -1.0411375
4.8249998e-10 -0.9937622
4.8499998e-10 -1.0541389
4.8749998e-10 -1.0450803
4.8999999e-10 -1.0535071
4.9249999e-10 -1.0394403
4.9499999e-10 -1.0059412
4.9749999e-10 -1.0443999
4.9999999e-10 -1.0240713
5.0249999e-10 -1.0105258
5.0499999e-10 -1.0551268
5.0749999e-10 -0.93766212
5.0999999e-10 -0.95758587
5.1249999e-10 -0.89731956
5.1499999e-10 -0.9204694
5.1749999e-10 -0.98144782
5.1999999e-10 -0.92733699
5.2249999e-10 -1.0242037
5.2499999e-10 -1.056955
5.2749999e-10 -1.0823848
5.2999999e-10 -1.0134038
5.3249999e-10 -0.97010332
5.3499993e-10 -0.97624379
5.3749993e-10 -0.92546386
5.3999993e-10 -1.0394024
5.4249993e-10 -0.99358088
5.4499993e-10 -0.98739719
5.4749993e-10 -1.0247687
5.4999993e-10 -0.96454573
5.5249993e-10 -0.96813381
5.5499993e-10 -0.94708836
5.5749994e-10 -0.95136368
5.5999994e-10 -1.0193955
5.6249994e-10 -0.99831009
5.6499994e-10 -1.0120567
5.6749994e-10 -0.97878104
5.6999994e-10 -1.0153887
5.7249994e-10 -1.0019933
5.7499994e-10 -0.96390355
5.7749994e-10 -0.93375653
5.7999994e-10 -0.98754144
5.8249994e-10 -1.0278848
5.8499994e-10 -1.0164179
5.8749994e-10 -1.0322194
5.8999994e-10 -1.0594255
5.9249994e-10 -1.0302229
5.9499994e-10 -1.0061746
5.9749994e-10 -0.99888438
5.9999994e-10 -1.0450987
6.0249994e-10 -0.95562816
6.0499994e-10 -1.0460974
6.0749994e-10 -0.99718052
6.0999994e-10 -1.0083083
6.1249994e-10 -0.96345717
6.1499994e-10 -0.98032796
6.1749994e-10 -0.96157956
6.1999994e-10 -0.98006123
6.2249994e-10 -1.0608356
6.2499994e-10 -1.1075372
6.2749994e-10 -1.0504246
6.2999994e-10 -0.99338561
6.3249994e-10 -0.9776395
6.3499994e-10 -0.96782625
6.3749994e-10 -0.97085238
6.3999994e-10 -0.97723377
6.4249994e-10 -1.0078065
6.4499994e-10 -0.95709187
6.4749994e-10 -0.92446792
6.4999994e-10 -0.98463953
6.5249994e-10 -1.0287509
6.5499994e-10 -0.98380649
6.5749994e-10 -0.92417055
6.5999994e-10 -0.93278795
6.6249994e-10 -0.92484683
6.6499994e-10 -1.0324984
6.6749994e-10 -1.0264822
6.6999994e-10 -1.0108529
6.7249994e-10 -0.97815782
6.7499994e-10 -1.0002955
6.7749995e-10 -0.91843349
6.7999995e-10 -0.93735045
6.8249995e-10 -0.98371112
6.8499995e-10 -0.92773181
6.8749995e-10 -0.92427891
6.8999995e-10 -0.99097711
6.9249995e-10 -1.0020497
6.9499995e-10 -0.96764535
6.9749995e-10 -0.97752422
6.9999995e-10 -1.0096306
7.0249995e-10 -0.96078861
7.0499995e-10 -0.95441967
7.0749995e-10 -0.90967476
7.0999995e-10 -1.0053856
7.1249995e-10 -1.0301863
7.1499995e-10 -0.93655598
7.1749995e-10 -0.94891894
7.1999995e-10 -0.90442109
7.2249995e-10 -1.0197175
7.2499995e-10 -1.0009953
7.2749995e-10 -0.95277619
7.2999995e-10 -0.89853996
7.3249995e-10 -0.93688834
7.3499995e-10 -0.93161201
7.3749995e-10 -0.96403581
7.3999995e-10 -1.0134251
7.4249995e-10 -0.97441095
7.4499995e-10 -0.96422744
7.4749995e-10 -0.93093717
7.4999995e-10 -0.90688139
7.5249995e-10 -0.95393878
7.5499995e-10 -0.91425484
7.5749995e-10 -0.88219756
7.5999995e-10 -0.92093182
7.6249995e-10 -0.92403495
7.6499995e-10 -0.93360388
7.6749995e-10 -0.97334999
7.6999995e-10 -0.93473548
7.7249995e-10 -0.89317149
7.7499995e-10 -0.91862661
7.7749995e-10 -0.95584708
7.7999995e-10 -0.95765781
7.8249995e-10 -0.88267213
7.8499995e-10 -0.93712753
7.8749995e-10 -0.941962
7.8999995e-10 -0.92461157
7.9249995e-10 -1.0266464
7.9499995e-10 -0.99873519
7.9749995e-10 -1.0341245
7.9999996e-10 -0.92220449
8.0249996e-10 -0.93950462
8.0499996e-10 -0.99284214
8.0749996e-10 -0.9272812
8.0999996e-10 -0.94608307
8.1249996e-10 -1.0294497
8.1499996e-10 -0.99508882
8.1749996e-10 -1.0002905
8.1999996e-10 -1.0113389
8.2249996e-10 -1.0044056
8.2499996e-10 -0.97516918
8.2749996e-10 -0.95515847
8.2999996e-10 -0.91999775
8.3249996e-10 -0.928967
8.3499996e-10 -0.96693987
8.3749996e-10 -0.92505997
8.3999996e-10 -0.94866854
8.4249996e-10 -0.95100689
8.4499996e-10 -0.90319693
8.4749996e-10 -0.95906454
8.4999996e-10 -0.91248029
8.5249996e-10 -0.93572038
8.5499996e-10 -0.92108864
8.5749996e-10 -1.014618
8.5999996e-10 -0.9960922
8.6249996e-10 -1.0378287
8.6499996e-10 -1.0129904
8.6749996e-10 -0.97597259
8.6999996e-10 -0.87912846
8.7249996e-10 -0.89882302
8.7499996e-10 -0.93161041
8.7749996e-10 -0.96571493
8.7999996e-10 -0.9987123
8.8249996e-10 -1.0353664
8.8499996e-10 -0.92868668
8.8749996e-10 -0.89217067
8.8999996e-10 -0.86029422
8.9249996e-10 -0.91332078
8.9499996e-10 -0.91149229
8.9749996e-10 -0.88933033
8.9999996e-10 -0.96666402
9.0249996e-10 -0.94519311
9.0499996e-10 -0.99597329
9.0749996e-10 -0.96935374
9.0999996e-10 -0.97962201
9.1249996e-10 -0.92607486
9.1499996e-10 -0.89251918
9.1749996e-10 -0.91840088
9.1999997e-10 -0.92939115
9.2249997e-10 -0.9256233
9.2499997e-10 -0.95294756
9.2749997e-10 -0.9378801
9.2999997e-10 -0.9464435
9.3249997e-10 -0.93069714
9.3499997e-10 -0.98698872
9.3749997e-10 -0.93067771
9.3999997e-10 -1.0235254
9.4249997e-10 -0.99314469
9.4499997e-10 -0.9556253
9.4749997e-10 -0.91821331
9.4999997e-10 -0.91176015
9.5249997e-10 -0.91372192
9.5499997e-10 -0.88050532
9.5749997e-10 -0.96342534
9.5999997e-10 -0.83625609
9.6249997e-10 -0.89492095
9.6499997e-10 -0.85322231
9.6749997e-10 -0.93855447
9.6999997e-10 -0.95460445
9.7249997e-10 -1.0057279
9.7499997e-10 -0.91879153
9.7749997e-10 -0.97970694
9.7999997e-10 -0.96975577
9.8249997e-10 -0.97955263
9.8499997e-10 -0.88316816
9.8749997e-10 -0.89368153
9.8999997e-10 -0.90513891
9.9249997e-10 -0.97385305
9.9499997e-10 -0.98890501
9.9749997e-10 -1.0073649
9.9999997e-10 -0.97625619
