Z (m) Frequency Shift (Hz) Z-Spectroscopy_BP_00190.dat
0.0 -1.3165419
2.5000002e-12 -1.2829568
5.0000004e-12 -1.2892909
7.5000006e-12 -1.2885783
1.0000001e-11 -1.304515
1.2500001e-11 -1.2422433
1.5000001e-11 -1.2684339
1.7500001e-11 -1.2741823
2.0000002e-11 -1.2512559
2.2500002e-11 -1.2515231
2.5000002e-11 -1.2329794
2.7500002e-11 -1.3169967
3.0000002e-11 -1.2060418
3.2500003e-11 -1.2088271
3.5000003e-11 -1.2001997
3.7500003e-11 -1.1986628
4.0000003e-11 -1.1947067
4.2500004e-11 -1.1774095
4.5000004e-11 -1.1891909
4.7500004e-11 -1.1872492
5.0000004e-11 -1.1446952
5.2500004e-11 -1.205898
5.5000005e-11 -1.1751972
5.7500005e-11 -1.1311638
6.0000005e-11 -1.1377152
6.2500005e-11 -1.1568983
6.5000005e-11 -1.1491487
6.7500006e-11 -1.150098
6.999995e-11 -1.1222849
7.249995e-11 -1.102767
7.4999951e-11 -1.1093541
7.7499951e-11 -1.0901052
7.9999951e-11 -1.0954735
8.2499951e-11 -1.1241888
8.4999952e-11 -1.0917742
8.7499952e-11 -1.0859377
8.9999952e-11 -1.0967076
9.2499952e-11 -1.0815529
9.4999952e-11 -1.0655214
9.7499953e-11 -1.0524424
9.9999953e-11 -1.0740991
1.0249995e-10 -1.0627732
1.0499995e-10 -1.0608078
1.0749995e-10 -1.0260972
1.0999995e-10 -1.029575
1.1249995e-10 -1.0347214
1.1499995e-10 -1.0394892
1.1749995e-10 -1.0771707
1.1999995e-10 -1.0092703
1.2249995e-10 -1.0133851
1.2499995e-10 -1.0700512
1.2749996e-10 -1.0121202
1.2999996e-10 -1.0080141
1.3249996e-10 -1.0039682
1.3499996e-10 -0.96585804
1.3749996e-10 -1.040702
1.3999996e-10 -1.0472256
1.4249996e-10 -1.0020521
1.4499996e-10 -0.98640484
1.4749996e-10 -0.97455484
1.4999996e-10 -0.9553628
1.5249996e-10 -0.9762224
1.5499996e-10 -0.97940201
1.5749996e-10 -0.98100728
1.5999996e-10 -0.9585939
1.6249996e-10 -0.9354552
1.6499996e-10 -0.94603258
1.6749996e-10 -0.94507939
1.6999996e-10 -0.95385623
1.7249996e-10 -0.95044196
1.7499996e-10 -0.91490138
1.7749996e-10 -0.90173346
1.7999996e-10 -0.91723144
1.8249996e-10 -0.93734568
1.8499996e-10 -0.89171213
1.8749996e-10 -0.95252198
1.8999996e-10 -0.92467457
1.9249996e-10 -0.91016942
1.9499996e-10 -0.89953047
1.9749996e-10 -0.92651778
1.9999996e-10 -0.93458366
2.0249996e-10 -0.92882693
2.0499996e-10 -0.94399571
2.0749996e-10 -0.92007869
2.0999996e-10 -0.91107112
2.1249996e-10 -0.88614637
2.1499996e-10 -0.87357503
2.1749996e-10 -0.90207595
2.1999996e-10 -0.86477602
2.2249996e-10 -0.90058553
2.2499996e-10 -0.87275404
2.2749996e-10 -0.8850714
2.2999996e-10 -0.87202477
2.3249996e-10 -0.85679477
2.3499996e-10 -0.87467819
2.3749996e-10 -0.85372061
2.3999996e-10 -0.83296752
2.4249996e-10 -0.85856724
2.4499996e-10 -0.87050915
2.4749996e-10 -0.83014697
2.4999997e-10 -0.83775777
2.5249997e-10 -0.83261597
2.5499997e-10 -0.84188831
2.5749997e-10 -0.81793833
2.5999997e-10 -0.82595986
2.6249997e-10 -0.83566535
2.6499997e-10 -0.84287298
2.6749997e-10 -0.84367085
2.6999997e-10 -0.85817271
2.7249997e-10 -0.82255322
2.7499997e-10 -0.82491225
2.7749997e-10 -0.81430918
2.7999997e-10 -0.81300694
2.8249997e-10 -0.82043755
2.8499997e-10 -0.81171817
2.8749997e-10 -0.8171277
2.8999997e-10 -0.80180949
2.9249997e-10 -0.81792676
2.9499997e-10 -0.80299461
2.9749997e-10 -0.82313669
2.9999997e-10 -0.80506784
3.0249997e-10 -0.80045563
3.0499997e-10 -0.79025555
3.0749997e-10 -0.79686069
3.0999997e-10 -0.77725095
3.1249997e-10 -0.81132382
3.1499997e-10 -0.78178596
3.1749997e-10 -0.75113916
3.1999997e-10 -0.79767686
3.2249997e-10 -0.78494352
3.2499997e-10 -0.80505377
3.2749997e-10 -0.76979554
3.2999997e-10 -0.78498483
3.3249997e-10 -0.79659414
3.3499997e-10 -0.79220772
3.3749997e-10 -0.79247314
3.3999997e-10 -0.7731784
3.4249997e-10 -0.76307952
3.4499997e-10 -0.78303188
3.4749997e-10 -0.76251942
3.4999997e-10 -0.76375145
3.5249997e-10 -0.79334444
3.5499997e-10 -0.79634511
3.5749997e-10 -0.79722232
3.5999997e-10 -0.78875029
3.6249997e-10 -0.78144479
3.6499997e-10 -0.7847538
3.6749997e-10 -0.78083235
3.6999998e-10 -0.76692235
3.7249998e-10 -0.75036711
3.7499998e-10 -0.80176628
3.7749998e-10 -0.79278505
3.7999998e-10 -0.73627776
3.8249998e-10 -0.79485083
3.8499998e-10 -0.82034373
3.8749998e-10 -0.78983051
3.8999998e-10 -0.75474709
3.9249998e-10 -0.80283904
3.9499998e-10 -0.79802203
3.9749998e-10 -0.78620446
3.9999998e-10 -0.78326678
4.0249998e-10 -0.80857843
4.0499998e-10 -0.78292507
4.0749998e-10 -0.83642823
4.0999998e-10 -0.81007278
4.1249998e-10 -0.80018348
4.1499998e-10 -0.77200037
4.1749998e-10 -0.81721544
4.1999998e-10 -0.77992719
4.2249998e-10 -0.77594477
4.2499998e-10 -0.83238822
4.2749998e-10 -0.81941921
4.2999998e-10 -0.77095711
4.3249998e-10 -0.81242096
4.3499998e-10 -0.78216767
4.3749998e-10 -0.77676177
4.3999998e-10 -0.79518718
4.4249998e-10 -0.76628006
4.4499998e-10 -0.79495734
4.4749998e-10 -0.76346296
4.4999998e-10 -0.77339405
4.5249998e-10 -0.79460847
4.5499998e-10 -0.78298432
4.5749998e-10 -0.78712404
4.5999998e-10 -0.79349965
4.6249998e-10 -0.76829785
4.6499998e-10 -0.74898189
4.6749998e-10 -0.75220472
4.6999998e-10 -0.75253624
4.7249998e-10 -0.75520402
4.7499998e-10 -0.75925875
4.7749998e-10 -0.77808636
4.7999998e-10 -0.74985474
4.8249998e-10 -0.74036759
4.8499998e-10 -0.7501986
4.8749998e-10 -0.77423638
4.8999999e-10 -0.76470035
4.9249999e-10 -0.7412523
4.9499999e-10 -0.74311078
4.9749999e-10 -0.72469485
4.9999999e-10 -0.74389672
5.0249999e-10 -0.72137934
5.0499999e-10 -0.73999619
5.0749999e-10 -0.71481401
5.0999999e-10 -0.73456973
5.1249999e-10 -0.71202165
5.1499999e-10 -0.73780352
5.1749999e-10 -0.67431235
5.1999999e-10 -0.68555713
5.2249999e-10 -0.71471763
5.2499999e-10 -0.7031756
5.2749999e-10 -0.71136373
5.2999999e-10 -0.65781969
5.3249999e-10 -0.66571355
5.3499993e-10 -0.69906926
5.3749993e-10 -0.68574399
5.3999993e-10 -0.69400078
5.4249993e-10 -0.67328072
5.4499993e-10 -0.675026
5.4749993e-10 -0.64797723
5.4999993e-10 -0.66391796
5.5249993e-10 -0.65354782
5.5499993e-10 -0.64900672
5.5749994e-10 -0.66797554
5.5999994e-10 -0.64339459
5.6249994e-10 -0.64198154
5.6499994e-10 -0.65852761
5.6749994e-10 -0.62500221
5.6999994e-10 -0.64979577
5.7249994e-10 -0.62163585
5.7499994e-10 -0.62697142
5.7749994e-10 -0.61600715
5.7999994e-10 -0.60488749
5.8249994e-10 -0.60759664
5.8499994e-10 -0.62318099
5.8749994e-10 -0.63100713
5.8999994e-10 -0.61603743
5.9249994e-10 -0.62081993
5.9499994e-10 -0.60635042
5.9749994e-10 -0.60622376
5.9999994e-10 -0.61740369
6.0249994e-10 -0.5973534
6.0499994e-10 -0.62659597
6.0749994e-10 -0.63795805
6.0999994e-10 -0.61306298
6.1249994e-10 -0.60875326
6.1499994e-10 -0.6055795
6.1749994e-10 -0.62245804
6.1999994e-10 -0.59701645
6.2249994e-10 -0.60398376
6.2499994e-10 -0.60200614
6.2749994e-10 -0.62027514
6.2999994e-10 -0.62763774
6.3249994e-10 -0.64012671
6.3499994e-10 -0.62795889
6.3749994e-10 -0.60126334
6.3999994e-10 -0.62681705
6.4249994e-10 -0.60464668
6.4499994e-10 -0.57318991
6.4749994e-10 -0.59542173
6.4999994e-10 -0.62032968
6.5249994e-10 -0.61505544
6.5499994e-10 -0.60560066
6.5749994e-10 -0.61599118
6.5999994e-10 -0.58149493
6.6249994e-10 -0.5725978
6.6499994e-10 -0.59237027
6.6749994e-10 -0.61910856
6.6999994e-10 -0.63084042
6.7249994e-10 -0.57559872
6.7499994e-10 -0.56345552
6.7749995e-10 -0.59331316
6.7999995e-10 -0.58039457
6.8249995e-10 -0.5839774
6.8499995e-10 -0.61847889
6.8749995e-10 -0.59497899
6.8999995e-10 -0.58066952
6.9249995e-10 -0.59168231
6.9499995e-10 -0.60562164
6.9749995e-10 -0.62496245
6.9999995e-10 -0.58287281
7.0249995e-10 -0.5745545
7.0499995e-10 -0.59839636
7.0749995e-10 -0.5828079
7.0999995e-10 -0.578574
7.1249995e-10 -0.58944535
7.1499995e-10 -0.56421101
7.1749995e-10 -0.57394713
7.1999995e-10 -0.57303131
7.2249995e-10 -0.5791055
7.2499995e-10 -0.59466553
7.2749995e-10 -0.54338777
7.2999995e-10 -0.57956272
7.3249995e-10 -0.59106064
7.3499995e-10 -0.61904818
7.3749995e-10 -0.5620122
7.3999995e-10 -0.56927007
7.4249995e-10 -0.60294223
7.4499995e-10 -0.57279181
7.4749995e-10 -0.60256284
7.4999995e-10 -0.58159149
7.5249995e-10 -0.58039117
7.5499995e-10 -0.56784809
7.5749995e-10 -0.58261806
7.5999995e-10 -0.58054578
7.6249995e-10 -0.59349769
7.6499995e-10 -0.60739309
7.6749995e-10 -0.58290958
7.6999995e-10 -0.58831894
7.7249995e-10 -0.60775506
7.7499995e-10 -0.57366455
7.7749995e-10 -0.56065303
7.7999995e-10 -0.54278761
7.8249995e-10 -0.5445509
7.8499995e-10 -0.57380211
7.8749995e-10 -0.55669361
7.8999995e-10 -0.58642524
7.9249995e-10 -0.583188
7.9499995e-10 -0.58854479
7.9749995e-10 -0.56934071
7.9999996e-10 -0.5690636
8.0249996e-10 -0.55631846
8.0499996e-10 -0.55651289
8.0749996e-10 -0.56105101
8.0999996e-10 -0.5788579
8.1249996e-10 -0.55620819
8.1499996e-10 -0.57235694
8.1749996e-10 -0.59073752
8.1999996e-10 -0.56845319
8.2249996e-10 -0.57385939
8.2499996e-10 -0.56402194
8.2749996e-10 -0.5647459
8.2999996e-10 -0.58613026
8.3249996e-10 -0.55970734
8.3499996e-10 -0.58009845
8.3749996e-10 -0.55701041
8.3999996e-10 -0.57340157
8.4249996e-10 -0.57444823
8.4499996e-10 -0.57191241
8.4749996e-10 -0.54828614
8.4999996e-10 -0.57844204
8.5249996e-10 -0.54958487
8.5499996e-10 -0.5454666
8.5749996e-10 -0.55920136
8.5999996e-10 -0.55995715
8.6249996e-10 -0.58340991
8.6499996e-10 -0.56662935
8.6749996e-10 -0.5450412
8.6999996e-10 -0.55535483
8.7249996e-10 -0.57085121
8.7499996e-10 -0.52240622
8.7749996e-10 -0.55571538
8.7999996e-10 -0.54108965
8.8249996e-10 -0.55449879
8.8499996e-10 -0.54894608
8.8749996e-10 -0.57402009
8.8999996e-10 -0.58292454
8.9249996e-10 -0.56611896
8.9499996e-10 -0.57964569
8.9749996e-10 -0.57410657
8.9999996e-10 -0.57587266
9.0249996e-10 -0.55084759
9.0499996e-10 -0.56185567
9.0749996e-10 -0.58363378
9.0999996e-10 -0.56564635
9.1249996e-10 -0.54529291
9.1499996e-10 -0.58136499
9.1749996e-10 -0.51702654
9.1999997e-10 -0.56971276
9.2249997e-10 -0.51587296
9.2499997e-10 -0.55516386
9.2749997e-10 -0.57432377
9.2999997e-10 -0.54396039
9.3249997e-10 -0.57850069
9.3499997e-10 -0.56996304
9.3749997e-10 -0.56774569
9.3999997e-10 -0.5457949
9.4249997e-10 -0.55041128
9.4499997e-10 -0.54825246
9.4749997e-10 -0.57172674
9.4999997e-10 -0.56654072
9.5249997e-10 -0.57481277
9.5499997e-10 -0.53583145
9.5749997e-10 -0.54797292
9.5999997e-10 -0.54785442
9.6249997e-10 -0.53644156
9.6499997e-10 -0.54374987
9.6749997e-10 -0.5610466
9.6999997e-10 -0.56471938
9.7249997e-10 -0.5643571
9.7499997e-10 -0.57978684
9.7749997e-10 -0.55063063
9.7999997e-10 -0.55298251
9.8249997e-10 -0.60667908
9.8499997e-10 -0.54939848
9.8749997e-10 -0.58715826
9.8999997e-10 -0.57577544
9.9249997e-10 -0.52646828
9.9499997e-10 -0.53852421
9.9749997e-10 -0.54559624
9.9999997e-10 -0.55542278
