9.9999997e-10 -0.53149408
9.9749997e-10 -0.52438504
9.9499997e-10 -0.55435383
9.9249997e-10 -0.55553323
9.8999997e-10 -0.53793007
9.8749997e-10 -0.52424687
9.8499997e-10 -0.54092175
9.8249997e-10 -0.50334162
9.7999997e-10 -0.5524407
9.7749997e-10 -0.55171919
9.7499997e-10 -0.4956286
9.7249997e-10 -0.53131288
9.6999997e-10 -0.53246176
9.6749997e-10 -0.5329147
9.6499997e-10 -0.53520721
9.6249997e-10 -0.54530698
9.5999997e-10 -0.52707154
9.5749997e-10 -0.50446212
9.5499997e-10 -0.52367973
9.5249997e-10 -0.5530442
9.4999997e-10 -0.53452396
9.4749997e-10 -0.52955467
9.4499997e-10 -0.51575768
9.4249997e-10 -0.51872873
9.3999997e-10 -0.49230111
9.3749997e-10 -0.5097512
9.3499997e-10 -0.51821399
9.3249997e-10 -0.54909432
9.2999997e-10 -0.57920051
9.2749997e-10 -0.52570146
9.2499997e-10 -0.54386824
9.2249997e-10 -0.50840974
9.1999997e-10 -0.53259933
9.1749996e-10 -0.53235251
9.1499996e-10 -0.5415079
9.1249996e-10 -0.51091403
9.0999996e-10 -0.50119627
9.0749996e-10 -0.51168698
9.0499996e-10 -0.51330894
9.0249996e-10 -0.53261805
8.9999996e-10 -0.53919238
8.9749996e-10 -0.54181385
8.9499996e-10 -0.56500024
8.9249996e-10 -0.55410236
8.8999996e-10 -0.53597444
8.8749996e-10 -0.51916027
8.8499996e-10 -0.51248902
8.8249996e-10 -0.56462294
8.7999996e-10 -0.5547623
8.7749996e-10 -0.52140409
8.7499996e-10 -0.53335541
8.7249996e-10 -0.56281209
8.6999996e-10 -0.54704499
8.6749996e-10 -0.54034102
8.6499996e-10 -0.52228886
8.6249996e-10 -0.569947
8.5999996e-10 -0.52725452
8.5749996e-10 -0.55866534
8.5499996e-10 -0.53919399
8.5249996e-10 -0.55978972
8.4999996e-10 -0.52054483
8.4749996e-10 -0.56954283
8.4499996e-10 -0.54037941
8.4249996e-10 -0.57169187
8.3999996e-10 -0.53222078
8.3749996e-10 -0.52594066
8.3499996e-10 -0.54187822
8.3249996e-10 -0.52872413
8.2999996e-10 -0.54548132
8.2749996e-10 -0.55127162
8.2499996e-10 -0.5783788
8.2249996e-10 -0.54283208
8.1999996e-10 -0.56358951
8.1749996e-10 -0.54595125
8.1499996e-10 -0.54583615
8.1249996e-10 -0.57161736
8.0999996e-10 -0.56596309
8.0749996e-10 -0.55201375
8.0499996e-10 -0.57082134
8.0249996e-10 -0.54923809
7.9999996e-10 -0.54360229
7.9749995e-10 -0.54357016
7.9499995e-10 -0.57086641
7.9249995e-10 -0.54323518
7.8999995e-10 -0.56211972
7.8749995e-10 -0.5552429
7.8499995e-10 -0.55901855
7.8249995e-10 -0.57742769
7.7999995e-10 -0.57626861
7.7749995e-10 -0.55599582
7.7499995e-10 -0.57410598
7.7249995e-10 -0.55965328
7.6999995e-10 -0.55777186
7.6749995e-10 -0.51798791
7.6499995e-10 -0.54420191
7.6249995e-10 -0.54608315
7.5999995e-10 -0.5437575
7.5749995e-10 -0.60036474
7.5499995e-10 -0.56373143
7.5249995e-10 -0.565121
7.4999995e-10 -0.57193249
7.4749995e-10 -0.56297475
7.4499995e-10 -0.55653417
7.4249995e-10 -0.57287079
7.3999995e-10 -0.5637719
7.3749995e-10 -0.54959804
7.3499995e-10 -0.56577307
7.3249995e-10 -0.57654881
7.2999995e-10 -0.54858601
7.2749995e-10 -0.52751344
7.2499995e-10 -0.53682667
7.2249995e-10 -0.53066486
7.1999995e-10 -0.57080239
7.1749995e-10 -0.58230716
7.1499995e-10 -0.58449835
7.1249995e-10 -0.5742451
7.0999995e-10 -0.53090703
7.0749995e-10 -0.55937433
7.0499995e-10 -0.57465893
7.0249995e-10 -0.55115771
6.9999995e-10 -0.56777734
6.9749995e-10 -0.56337041
6.9499995e-10 -0.58246195
6.9249995e-10 -0.55957699
6.8999995e-10 -0.56489736
6.8749995e-10 -0.59084022
6.8499995e-10 -0.56068033
6.8249995e-10 -0.57950014
6.7999995e-10 -0.5637098
6.7749995e-10 -0.56758153
6.7499994e-10 -0.59060431
6.7249994e-10 -0.52897042
6.6999994e-10 -0.58131039
6.6749994e-10 -0.5655598
6.6499994e-10 -0.58168888
6.6249994e-10 -0.57028717
6.5999994e-10 -0.59157437
6.5749994e-10 -0.5697301
6.5499994e-10 -0.59057146
6.5249994e-10 -0.60372597
6.4999994e-10 -0.58801317
6.4749994e-10 -0.57270348
6.4499994e-10 -0.62217903
6.4249994e-10 -0.57200456
6.3999994e-10 -0.55902922
6.3749994e-10 -0.56804568
6.3499994e-10 -0.58512497
6.3249994e-10 -0.578044
6.2999994e-10 -0.6136266
6.2749994e-10 -0.59769559
6.2499994e-10 -0.61954606
6.2249994e-10 -0.57580417
6.1999994e-10 -0.57521415
6.1749994e-10 -0.60697472
6.1499994e-10 -0.56247765
6.1249994e-10 -0.61030918
6.0999994e-10 -0.62025595
6.0749994e-10 -0.60133106
6.0499994e-10 -0.6207568
6.0249994e-10 -0.6269362
5.9999994e-10 -0.62673289
5.9749994e-10 -0.61987495
5.9499994e-10 -0.60476512
5.9249994e-10 -0.58105671
5.8999994e-10 -0.59717286
5.8749994e-10 -0.59414083
5.8499994e-10 -0.58362138
5.8249994e-10 -0.60638708
5.7999994e-10 -0.5933305
5.7749994e-10 -0.59635317
5.7499994e-10 -0.62054509
5.7249994e-10 -0.62510538
5.6999994e-10 -0.59206122
5.6749994e-10 -0.56489736
5.6499994e-10 -0.59846413
5.6249994e-10 -0.61422694
5.5999994e-10 -0.60990191
5.5749994e-10 -0.61617523
5.5499993e-10 -0.63578129
5.5249993e-10 -0.65192944
5.4999993e-10 -0.65620667
5.4749993e-10 -0.63215613
5.4499993e-10 -0.60556716
5.4249993e-10 -0.60947222
5.3999993e-10 -0.62150037
5.3749993e-10 -0.62075007
5.3499993e-10 -0.62605172
5.3249999e-10 -0.63724571
5.2999999e-10 -0.62818581
5.2749999e-10 -0.63713408
5.2499999e-10 -0.62325567
5.2249999e-10 -0.63884246
5.1999999e-10 -0.63738108
5.1749999e-10 -0.64767331
5.1499999e-10 -0.64160573
5.1249999e-10 -0.66416156
5.0999999e-10 -0.63552403
5.0749999e-10 -0.69560641
5.0499999e-10 -0.66691411
5.0249999e-10 -0.68497247
4.9999999e-10 -0.65508175
4.9749999e-10 -0.70895875
4.9499999e-10 -0.68842769
4.9249999e-10 -0.70329547
4.8999999e-10 -0.69295812
4.8749998e-10 -0.69285148
4.8499998e-10 -0.71069407
4.8249998e-10 -0.70054543
4.7999998e-10 -0.73724645
4.7749998e-10 -0.7319054
4.7499998e-10 -0.74192828
4.7249998e-10 -0.73376071
4.6999998e-10 -0.74945122
4.6749998e-10 -0.72801042
4.6499998e-10 -0.73570192
4.6249998e-10 -0.75298369
4.5999998e-10 -0.75603259
4.5749998e-10 -0.73554772
4.5499998e-10 -0.74882942
4.5249998e-10 -0.73154229
4.4999998e-10 -0.74170262
4.4749998e-10 -0.75566012
4.4499998e-10 -0.7537607
4.4249998e-10 -0.75167477
4.3999998e-10 -0.74645573
4.3749998e-10 -0.76654381
4.3499998e-10 -0.73008412
4.3249998e-10 -0.76109231
4.2999998e-10 -0.77047259
4.2749998e-10 -0.78304207
4.2499998e-10 -0.77114832
4.2249998e-10 -0.79600185
4.1999998e-10 -0.75070143
4.1749998e-10 -0.78116184
4.1499998e-10 -0.78138399
4.1249998e-10 -0.78556848
4.0999998e-10 -0.80230618
4.0749998e-10 -0.81572992
4.0499998e-10 -0.7916255
4.0249998e-10 -0.76774663
3.9999998e-10 -0.76781875
3.9749998e-10 -0.79806602
3.9499998e-10 -0.78537029
3.9249998e-10 -0.79179311
3.8999998e-10 -0.81577235
3.8749998e-10 -0.79840922
3.8499998e-10 -0.79513508
3.8249998e-10 -0.81971544
3.7999998e-10 -0.78671092
3.7749998e-10 -0.79728562
3.7499998e-10 -0.81471264
3.7249998e-10 -0.81229585
3.6999998e-10 -0.79193354
3.6749997e-10 -0.77306628
3.6499997e-10 -0.78552514
3.6249997e-10 -0.76996529
3.5999997e-10 -0.79415381
3.5749997e-10 -0.80766225
3.5499997e-10 -0.76851529
3.5249997e-10 -0.78441012
3.4999997e-10 -0.80270654
3.4749997e-10 -0.81690061
3.4499997e-10 -0.79804242
3.4249997e-10 -0.80457217
3.3999997e-10 -0.78116536
3.3749997e-10 -0.8015337
3.3499997e-10 -0.77228975
3.3249997e-10 -0.79265511
3.2999997e-10 -0.78277987
3.2749997e-10 -0.79358482
3.2499997e-10 -0.81121463
3.2249997e-10 -0.80201817
3.1999997e-10 -0.81335306
3.1749997e-10 -0.790066
3.1499997e-10 -0.79095006
3.1249997e-10 -0.80504692
3.0999997e-10 -0.81497556
3.0749997e-10 -0.80235487
3.0499997e-10 -0.7810412
3.0249997e-10 -0.79960346
2.9999997e-10 -0.78022057
2.9749997e-10 -0.76447773
2.9499997e-10 -0.80480647
2.9249997e-10 -0.8134191
2.8999997e-10 -0.76997548
2.8749997e-10 -0.7786631
2.8499997e-10 -0.79863411
2.8249997e-10 -0.81369632
2.7999997e-10 -0.80484343
2.7749997e-10 -0.82619113
2.7499997e-10 -0.8282249
2.7249997e-10 -0.81646442
2.6999997e-10 -0.8326627
2.6749997e-10 -0.79745853
2.6499997e-10 -0.81261379
2.6249997e-10 -0.78602475
2.5999997e-10 -0.83898216
2.5749997e-10 -0.83093715
2.5499997e-10 -0.80474591
2.5249997e-10 -0.82724208
2.4999997e-10 -0.84573984
2.4749996e-10 -0.79326642
2.4499996e-10 -0.83233255
2.4249996e-10 -0.81159288
2.3999996e-10 -0.87320107
2.3749996e-10 -0.84868747
2.3499996e-10 -0.88288707
2.3249996e-10 -0.82324868
2.2999996e-10 -0.8561089
2.2749996e-10 -0.84061247
2.2499996e-10 -0.86508614
2.2249996e-10 -0.86206067
2.1999996e-10 -0.84722704
2.1749996e-10 -0.84352827
2.1499996e-10 -0.86938274
2.1249996e-10 -0.86834449
2.0999996e-10 -0.89659715
2.0749996e-10 -0.88407874
2.0499996e-10 -0.86968732
2.0249996e-10 -0.87785542
1.9999996e-10 -0.85308671
1.9749996e-10 -0.88719034
1.9499996e-10 -0.889714
1.9249996e-10 -0.87268776
1.8999996e-10 -0.91320252
1.8749996e-10 -0.90213001
1.8499996e-10 -0.90777391
1.8249996e-10 -0.90712517
1.7999996e-10 -0.924034
1.7749996e-10 -0.88388091
1.7499996e-10 -0.89219844
1.7249996e-10 -0.89900661
1.6999996e-10 -0.95013422
1.6749996e-10 -0.89799052
1.6499996e-10 -0.94645178
1.6249996e-10 -0.94177026
1.5999996e-10 -0.93847585
1.5749996e-10 -0.92943877
1.5499996e-10 -0.94657308
1.5249996e-10 -0.96729016
1.4999996e-10 -0.96048415
1.4749996e-10 -0.94517809
1.4499996e-10 -0.94107854
1.4249996e-10 -0.97629398
1.3999996e-10 -0.96649915
1.3749996e-10 -0.97678953
1.3499996e-10 -0.9943974
1.3249996e-10 -0.96932322
1.2999996e-10 -0.98501843
1.2749996e-10 -0.99555916
1.2499995e-10 -1.0002841
1.2249995e-10 -1.0078446
1.1999995e-10 -1.0095912
1.1749995e-10 -0.98058122
1.1499995e-10 -1.0404664
1.1249995e-10 -1.0100071
1.0999995e-10 -1.0190634
1.0749995e-10 -1.0090224
1.0499995e-10 -1.0097754
1.0249995e-10 -1.0322906
9.9999953e-11 -1.0396719
9.7499953e-11 -1.0322827
9.4999952e-11 -1.0272512
9.2499952e-11 -1.0518811
8.9999952e-11 -1.0136366
8.7499952e-11 -1.087662
8.4999952e-11 -1.0753226
8.2499951e-11 -1.0798475
7.9999951e-11 -1.0841463
7.7499951e-11 -1.0738091
7.4999951e-11 -1.0684001
7.249995e-11 -1.0658418
6.999995e-11 -1.0633409
6.7500006e-11 -1.0769155
6.5000005e-11 -1.0975296
6.2500005e-11 -1.0664356
6.0000005e-11 -1.1204392
5.7500005e-11 -1.082173
5.5000005e-11 -1.0998658
5.2500004e-11 -1.1214806
5.0000004e-11 -1.1338842
4.7500004e-11 -1.1099981
4.5000004e-11 -1.1650746
4.2500004e-11 -1.1673596
4.0000003e-11 -1.1657459
3.7500003e-11 -1.1850753
3.5000003e-11 -1.1541044
3.2500003e-11 -1.1721711
3.0000002e-11 -1.191053
2.7500002e-11 -1.1961521
2.5000002e-11 -1.2033638
2.2500002e-11 -1.1953996
2.0000002e-11 -1.2447957
1.7500001e-11 -1.2017064
1.5000001e-11 -1.2329463
1.2500001e-11 -1.2169224
1.0000001e-11 -1.2270827
7.5000006e-12 -1.226011
5.0000004e-12 -1.2476387
2.5000002e-12 -1.2554314
0.0 -1.2948424
