0.0 -1.3263491
2.5000002e-12 -1.2773963
5.0000004e-12 -1.2690005
7.5000006e-12 -1.2731893
1.0000001e-11 -1.2786775
1.2500001e-11 -1.2609987
1.5000001e-11 -1.2352178
1.7500001e-11 -1.2296619
2.0000002e-11 -1.2075044
2.2500002e-11 -1.21436
2.5000002e-11 -1.2179602
2.7500002e-11 -1.2091027
3.0000002e-11 -1.1857488
3.2500003e-11 -1.1840795
3.5000003e-11 -1.1673069
3.7500003e-11 -1.1577955
4.0000003e-11 -1.1819106
4.2500004e-11 -1.1591494
4.5000004e-11 -1.1522338
4.7500004e-11 -1.1193597
5.0000004e-11 -1.1155878
5.2500004e-11 -1.131035
5.5000005e-11 -1.1544255
5.7500005e-11 -1.1112447
6.0000005e-11 -1.1281312
6.2500005e-11 -1.0990014
6.5000005e-11 -1.1557711
6.7500006e-11 -1.0902323
6.999995e-11 -1.1266925
7.249995e-11 -1.1078898
7.4999951e-11 -1.0968798
7.7499951e-11 -1.042299
7.9999951e-11 -1.0467935
8.2499951e-11 -1.0668224
8.4999952e-11 -1.0677421
8.7499952e-11 -1.0597782
8.9999952e-11 -1.0749586
9.2499952e-11 -1.0524734
9.4999952e-11 -1.0345935
9.7499953e-11 -1.0503285
9.9999953e-11 -1.0429358
1.0249995e-10 -1.0718149
1.0499995e-10 -1.0009898
1.0749995e-10 -0.99031889
1.0999995e-10 -1.0321141
1.1249995e-10 -1.0110888
1.1499995e-10 -1.006276
1.1749995e-10 -1.0152568
1.1999995e-10 -0.97423893
1.2249995e-10 -0.99110949
1.2499995e-10 -0.98521227
1.2749996e-10 -0.99088675
1.2999996e-10 -0.95942312
1.3249996e-10 -0.98297745
1.3499996e-10 -0.98335618
1.3749996e-10 -0.97600973
1.3999996e-10 -0.95355111
1.4249996e-10 -0.94894463
1.4499996e-10 -0.92596382
1.4749996e-10 -0.94557446
1.4999996e-10 -0.9748438
1.5249996e-10 -0.93787986
1.5499996e-10 -0.93691725
1.5749996e-10 -0.92795449
1.5999996e-10 -0.94278383
1.6249996e-10 -0.93584168
1.6499996e-10 -0.95677304
1.6749996e-10 -0.88606125
1.6999996e-10 -0.95044947
1.7249996e-10 -0.90968955
1.7499996e-10 -0.89614898
1.7749996e-10 -0.90904772
1.7999996e-10 -0.95454103
1.8249996e-10 -0.90679789
1.8499996e-10 -0.9141109
1.8749996e-10 -0.88788503
1.8999996e-10 -0.89771372
1.9249996e-10 -0.91335505
1.9499996e-10 -0.88414556
1.9749996e-10 -0.8716591
1.9999996e-10 -0.91472638
2.0249996e-10 -0.89868885
2.0499996e-10 -0.8998425
2.0749996e-10 -0.89014775
2.0999996e-10 -0.90484214
2.1249996e-10 -0.87654531
2.1499996e-10 -0.87183309
2.1749996e-10 -0.8619895
2.1999996e-10 -0.85372961
2.2249996e-10 -0.85215986
2.2499996e-10 -0.87945944
2.2749996e-10 -0.86498135
2.2999996e-10 -0.86607111
2.3249996e-10 -0.85482103
2.3499996e-10 -0.85899544
2.3749996e-10 -0.86259955
2.3999996e-10 -0.84355283
2.4249996e-10 -0.88062602
2.4499996e-10 -0.85313439
2.4749996e-10 -0.84548521
2.4999997e-10 -0.83726329
2.5249997e-10 -0.84316087
2.5499997e-10 -0.82323456
2.5749997e-10 -0.81520313
2.5999997e-10 -0.8221634
2.6249997e-10 -0.82717758
2.6499997e-10 -0.81627941
2.6749997e-10 -0.81824297
2.6999997e-10 -0.78246063
2.7249997e-10 -0.78790563
2.7499997e-10 -0.77939892
2.7749997e-10 -0.82449645
2.7999997e-10 -0.77147329
2.8249997e-10 -0.83117908
2.8499997e-10 -0.77468872
2.8749997e-10 -0.80390066
2.8999997e-10 -0.83437049
2.9249997e-10 -0.80142677
2.9499997e-10 -0.75996953
2.9749997e-10 -0.8142553
2.9999997e-10 -0.8151325
3.0249997e-10 -0.77406311
3.0499997e-10 -0.7720651
3.0749997e-10 -0.8258034
3.0999997e-10 -0.76987237
3.1249997e-10 -0.78520477
3.1499997e-10 -0.78264433
3.1749997e-10 -0.77633744
3.1999997e-10 -0.79604363
3.2249997e-10 -0.77971911
3.2499997e-10 -0.76720148
3.2749997e-10 -0.74010247
3.2999997e-10 -0.78857964
3.3249997e-10 -0.79149675
3.3499997e-10 -0.75074387
3.3749997e-10 -0.79099178
3.3999997e-10 -0.74379343
3.4249997e-10 -0.77627426
3.4499997e-10 -0.76045108
3.4749997e-10 -0.74430078
3.4999997e-10 -0.74747777
3.5249997e-10 -0.74970007
3.5499997e-10 -0.74149776
3.5749997e-10 -0.74548489
3.5999997e-10 -0.75078607
3.6249997e-10 -0.75793415
3.6499997e-10 -0.7472955
3.6749997e-10 -0.70633858
3.6999998e-10 -0.76210982
3.7249998e-10 -0.74121892
3.7499998e-10 -0.71856004
3.7749998e-10 -0.70273501
3.7999998e-10 -0.73834604
3.8249998e-10 -0.72487396
3.8499998e-10 -0.73359001
3.8749998e-10 -0.69724184
3.8999998e-10 -0.74550211
3.9249998e-10 -0.70637673
3.9499998e-10 -0.72274697
3.9749998e-10 -0.7310403
3.9999998e-10 -0.71208793
4.0249998e-10 -0.72083348
4.0499998e-10 -0.7161718
4.0749998e-10 -0.71400702
4.0999998e-10 -0.7258625
4.1249998e-10 -0.72506005
4.1499998e-10 -0.72539723
4.1749998e-10 -0.70152056
4.1999998e-10 -0.72309291
4.2249998e-10 -0.71499425
4.2499998e-10 -0.6704374
4.2749998e-10 -0.68547958
4.2999998e-10 -0.70811069
4.3249998e-10 -0.70002961
4.3499998e-10 -0.733836
4.3749998e-10 -0.67187697
4.3999998e-10 -0.69873428
4.4249998e-10 -0.67536539
4.4499998e-10 -0.68294263
4.4749998e-10 -0.66773587
4.4999998e-10 -0.67564088
4.5249998e-10 -0.67113858
4.5499998e-10 -0.63526922
4.5749998e-10 -0.67391866
4.5999998e-10 -0.65396512
4.6249998e-10 -0.63667119
4.6499998e-10 -0.64576858
4.6749998e-10 -0.67074907
4.6999998e-10 -0.65744716
4.7249998e-10 -0.66297919
4.7499998e-10 -0.68923187
4.7749998e-10 -0.6769706
4.7999998e-10 -0.62668246
4.8249998e-10 -0.68668801
4.8499998e-10 -0.65513343
4.8749998e-10 -0.62820739
4.8999999e-10 -0.66653854
4.9249999e-10 -0.69346941
4.9499999e-10 -0.68793017
4.9749999e-10 -0.64695835
4.9999999e-10 -0.66821569
5.0249999e-10 -0.64870125
5.0499999e-10 -0.65454602
5.0749999e-10 -0.70039117
5.0999999e-10 -0.66943157
5.1249999e-10 -0.67004353
5.1499999e-10 -0.62840074
5.1749999e-10 -0.67208803
5.1999999e-10 -0.65040028
5.2249999e-10 -0.6380021
5.2499999e-10 -0.6368013
5.2749999e-10 -0.66062689
5.2999999e-10 -0.61041331
5.3249999e-10 -0.6672945
5.3499993e-10 -0.67715198
5.3749993e-10 -0.6593973
5.3999993e-10 -0.61784846
5.4249993e-10 -0.66028732
5.4499993e-10 -0.62630922
5.4749993e-10 -0.63827819
5.4999993e-10 -0.637555
5.5249993e-10 -0.63915908
5.5499993e-10 -0.64412421
5.5749994e-10 -0.66478783
5.5999994e-10 -0.65967315
5.6249994e-10 -0.64149499
5.6499994e-10 -0.63924104
5.6749994e-10 -0.65088809
5.6999994e-10 -0.65496582
5.7249994e-10 -0.636401
5.7499994e-10 -0.64636195
5.7749994e-10 -0.64293134
5.7999994e-10 -0.65392196
5.8249994e-10 -0.64844757
5.8499994e-10 -0.61082917
5.8749994e-10 -0.62240684
5.8999994e-10 -0.66450715
5.9249994e-10 -0.61741799
5.9499994e-10 -0.67310637
5.9749994e-10 -0.64789265
5.9999994e-10 -0.6751706
6.0249994e-10 -0.60970515
6.0499994e-10 -0.64519781
6.0749994e-10 -0.6332556
6.0999994e-10 -0.69439095
6.1249994e-10 -0.6723299
6.1499994e-10 -0.66289049
6.1749994e-10 -0.64778507
6.1999994e-10 -0.64041984
6.2249994e-10 -0.64349651
6.2499994e-10 -0.65661824
6.2749994e-10 -0.66001362
6.2999994e-10 -0.59932631
6.3249994e-10 -0.6382708
6.3499994e-10 -0.6097331
6.3749994e-10 -0.66713524
6.3999994e-10 -0.61399907
6.4249994e-10 -0.60698032
6.4499994e-10 -0.62213182
6.4749994e-10 -0.66506135
6.4999994e-10 -0.63664669
6.5249994e-10 -0.62702823
6.5499994e-10 -0.635472
6.5749994e-10 -0.61598992
6.5999994e-10 -0.6251052
6.6249994e-10 -0.60504562
6.6499994e-10 -0.63674527
6.6749994e-10 -0.63237917
6.6999994e-10 -0.59508306
6.7249994e-10 -0.63844967
6.7499994e-10 -0.6154052
6.7749995e-10 -0.6180048
6.7999995e-10 -0.65635121
6.8249995e-10 -0.64139229
6.8499995e-10 -0.59746522
6.8749995e-10 -0.60745734
6.8999995e-10 -0.64953429
6.9249995e-10 -0.61092496
6.9499995e-10 -0.61723632
6.9749995e-10 -0.61530012
6.9999995e-10 -0.58998448
7.0249995e-10 -0.66735268
7.0499995e-10 -0.62042391
7.0749995e-10 -0.59589833
7.0999995e-10 -0.62558705
7.1249995e-10 -0.64411646
7.1499995e-10 -0.61091053
7.1749995e-10 -0.64386064
7.1999995e-10 -0.59460592
7.2249995e-10 -0.63067371
7.2499995e-10 -0.57331753
7.2749995e-10 -0.60494399
7.2999995e-10 -0.63769847
7.3249995e-10 -0.62569654
7.3499995e-10 -0.62771094
7.3749995e-10 -0.61048347
7.3999995e-10 -0.59493512
7.4249995e-10 -0.61334491
7.4499995e-10 -0.62451607
7.4749995e-10 -0.62908345
7.4999995e-10 -0.62324923
7.5249995e-10 -0.62642783
7.5499995e-10 -0.59081417
7.5749995e-10 -0.61703587
7.5999995e-10 -0.57952851
7.6249995e-10 -0.57319427
7.6499995e-10 -0.64414901
7.6749995e-10 -0.61424524
7.6999995e-10 -0.60588783
7.7249995e-10 -0.59856308
7.7499995e-10 -0.59195846
7.7749995e-10 -0.61755717
7.7999995e-10 -0.63538098
7.8249995e-10 -0.58119375
7.8499995e-10 -0.59301013
7.8749995e-10 -0.60536802
7.8999995e-10 -0.61339796
7.9249995e-10 -0.62939411
7.9499995e-10 -0.60086524
7.9749995e-10 -0.59242761
7.9999996e-10 -0.61255181
8.0249996e-10 -0.61290151
8.0499996e-10 -0.57041728
8.0749996e-10 -0.62922299
8.0999996e-10 -0.60076094
8.1249996e-10 -0.5934791
8.1499996e-10 -0.58812684
8.1749996e-10 -0.56387562
8.1999996e-10 -0.59859604
8.2249996e-10 -0.59770316
8.2499996e-10 -0.59521818
8.2749996e-10 -0.56822246
8.2999996e-10 -0.55126929
8.3249996e-10 -0.58662027
8.3499996e-10 -0.59659255
8.3749996e-10 -0.62829673
8.3999996e-10 -0.57411498
8.4249996e-10 -0.569341
8.4499996e-10 -0.56282759
8.4749996e-10 -0.58295202
8.4999996e-10 -0.59535825
8.5249996e-10 -0.58031845
8.5499996e-10 -0.59973961
8.5749996e-10 -0.59715629
8.5999996e-10 -0.58066851
8.6249996e-10 -0.6126278
8.6499996e-10 -0.60568446
8.6749996e-10 -0.60364139
8.6999996e-10 -0.57748038
8.7249996e-10 -0.62636912
8.7499996e-10 -0.57542539
8.7749996e-10 -0.58928305
8.7999996e-10 -0.58542997
8.8249996e-10 -0.59760731
8.8499996e-10 -0.56315917
8.8749996e-10 -0.57962912
8.8999996e-10 -0.57913256
8.9249996e-10 -0.57590169
8.9499996e-10 -0.59036231
8.9749996e-10 -0.59621602
8.9999996e-10 -0.57511729
9.0249996e-10 -0.57121199
9.0499996e-10 -0.58438778
9.0749996e-10 -0.59254724
9.0999996e-10 -0.60857415
9.1249996e-10 -0.54670686
9.1499996e-10 -0.58147806
9.1749996e-10 -0.59973568
9.1999997e-10 -0.58298308
9.2249997e-10 -0.5896979
9.2499997e-10 -0.58165818
9.2749997e-10 -0.57601887
9.2999997e-10 -0.62088382
9.3249997e-10 -0.5467577
9.3499997e-10 -0.59270948
9.3749997e-10 -0.58270955
9.3999997e-10 -0.58411783
9.4249997e-10 -0.60854554
9.4499997e-10 -0.59143025
9.4749997e-10 -0.5784148
9.4999997e-10 -0.56138301
9.5249997e-10 -0.53271556
9.5499997e-10 -0.63947654
9.5749997e-10 -0.58217454
9.5999997e-10 -0.55803847
9.6249997e-10 -0.58008224
9.6499997e-10 -0.57734728
9.6749997e-10 -0.61026728
9.6999997e-10 -0.58121675
9.7249997e-10 -0.56085092
9.7499997e-10 -0.58292389
9.7749997e-10 -0.59144843
9.7999997e-10 -0.58121055
9.8249997e-10 -0.57204235
9.8499997e-10 -0.59080851
9.8749997e-10 -0.57429266
9.8999997e-10 -0.60716164
9.9249997e-10 -0.58969802
9.9499997e-10 -0.60652447
9.9749997e-10 -0.56886625
9.9999997e-10 -0.56671607
