9.9999997e-10 -0.51948929
9.9749997e-10 -0.52710229
9.9499997e-10 -0.49241078
9.9249997e-10 -0.50497776
9.8999997e-10 -0.48498529
9.8749997e-10 -0.50222808
9.8499997e-10 -0.52018458
9.8249997e-10 -0.50974673
9.7999997e-10 -0.5068329
9.7749997e-10 -0.51750398
9.7499997e-10 -0.53062057
9.7249997e-10 -0.51204401
9.6999997e-10 -0.51581281
9.6749997e-10 -0.52621031
9.6499997e-10 -0.53297871
9.6249997e-10 -0.4861761
9.5999997e-10 -0.51517481
9.5749997e-10 -0.50454926
9.5499997e-10 -0.51357454
9.5249997e-10 -0.511177
9.4999997e-10 -0.51180226
9.4749997e-10 -0.5102843
9.4499997e-10 -0.4870221
9.4249997e-10 -0.52528071
9.3999997e-10 -0.51442909
9.3749997e-10 -0.51984739
9.3499997e-10 -0.47707987
9.3249997e-10 -0.50398654
9.2999997e-10 -0.56693959
9.2749997e-10 -0.52549481
9.2499997e-10 -0.48591012
9.2249997e-10 -0.52989703
9.1999997e-10 -0.53572994
9.1749996e-10 -0.53199446
9.1499996e-10 -0.51185179
9.1249996e-10 -0.51876515
9.0999996e-10 -0.51309985
9.0749996e-10 -0.54343218
9.0499996e-10 -0.5508917
9.0249996e-10 -0.52096558
8.9999996e-10 -0.53551173
8.9749996e-10 -0.51458144
8.9499996e-10 -0.54576725
8.9249996e-10 -0.53377622
8.8999996e-10 -0.52669638
8.8749996e-10 -0.52214241
8.8499996e-10 -0.53997505
8.8249996e-10 -0.54977566
8.7999996e-10 -0.54702353
8.7749996e-10 -0.55153412
8.7499996e-10 -0.55910397
8.7249996e-10 -0.53905827
8.6999996e-10 -0.51164836
8.6749996e-10 -0.53677487
8.6499996e-10 -0.50697911
8.6249996e-10 -0.52304834
8.5999996e-10 -0.56682217
8.5749996e-10 -0.53135455
8.5499996e-10 -0.52753067
8.5249996e-10 -0.51407135
8.4999996e-10 -0.51307791
8.4749996e-10 -0.52814025
8.4499996e-10 -0.54574978
8.4249996e-10 -0.52431864
8.3999996e-10 -0.5318417
8.3749996e-10 -0.53970283
8.3499996e-10 -0.54148626
8.3249996e-10 -0.55946863
8.2999996e-10 -0.57364446
8.2749996e-10 -0.51554912
8.2499996e-10 -0.52605093
8.2249996e-10 -0.52560401
8.1999996e-10 -0.52624553
8.1749996e-10 -0.54745436
8.1499996e-10 -0.5338794
8.1249996e-10 -0.53120285
8.0999996e-10 -0.51951665
8.0749996e-10 -0.51638281
8.0499996e-10 -0.55445898
8.0249996e-10 -0.54828697
7.9999996e-10 -0.50792718
7.9749995e-10 -0.54231066
7.9499995e-10 -0.52604657
7.9249995e-10 -0.54479331
7.8999995e-10 -0.55918097
7.8749995e-10 -0.52838004
7.8499995e-10 -0.56662679
7.8249995e-10 -0.55057555
7.7999995e-10 -0.55232888
7.7749995e-10 -0.54083574
7.7499995e-10 -0.56450051
7.7249995e-10 -0.54254758
7.6999995e-10 -0.51107734
7.6749995e-10 -0.55360502
7.6499995e-10 -0.55232894
7.6249995e-10 -0.55618197
7.5999995e-10 -0.56670797
7.5749995e-10 -0.55322546
7.5499995e-10 -0.55130905
7.5249995e-10 -0.51068187
7.4999995e-10 -0.53805286
7.4749995e-10 -0.56039375
7.4499995e-10 -0.53711647
7.4249995e-10 -0.57181013
7.3999995e-10 -0.55605489
7.3749995e-10 -0.55337602
7.3499995e-10 -0.53699791
7.3249995e-10 -0.5429188
7.2999995e-10 -0.52700937
7.2749995e-10 -0.56746989
7.2499995e-10 -0.5566752
7.2249995e-10 -0.51078176
7.1999995e-10 -0.57363617
7.1749995e-10 -0.54928946
7.1499995e-10 -0.5982464
7.1249995e-10 -0.53734356
7.0999995e-10 -0.53531283
7.0749995e-10 -0.5393154
7.0499995e-10 -0.57095414
7.0249995e-10 -0.58231699
6.9999995e-10 -0.55928469
6.9749995e-10 -0.54464763
6.9499995e-10 -0.58305293
6.9249995e-10 -0.55243647
6.8999995e-10 -0.53638804
6.8749995e-10 -0.54551321
6.8499995e-10 -0.56576693
6.8249995e-10 -0.53743207
6.7999995e-10 -0.54552221
6.7749995e-10 -0.5512706
6.7499994e-10 -0.57990015
6.7249994e-10 -0.59080726
6.6999994e-10 -0.55052924
6.6749994e-10 -0.57811391
6.6499994e-10 -0.56461424
6.6249994e-10 -0.53307992
6.5999994e-10 -0.55147576
6.5749994e-10 -0.54732072
6.5499994e-10 -0.5548774
6.5249994e-10 -0.5628466
6.4999994e-10 -0.56139427
6.4749994e-10 -0.57497197
6.4499994e-10 -0.59033889
6.4249994e-10 -0.56941301
6.3999994e-10 -0.52732235
6.3749994e-10 -0.5727151
6.3499994e-10 -0.56447834
6.3249994e-10 -0.55564642
6.2999994e-10 -0.58557647
6.2749994e-10 -0.59028065
6.2499994e-10 -0.56860334
6.2249994e-10 -0.55222708
6.1999994e-10 -0.58366966
6.1749994e-10 -0.55049247
6.1499994e-10 -0.57099748
6.1249994e-10 -0.59218681
6.0999994e-10 -0.57890439
6.0749994e-10 -0.57905406
6.0499994e-10 -0.57260221
6.0249994e-10 -0.57213837
5.9999994e-10 -0.58526653
5.9749994e-10 -0.55701768
5.9499994e-10 -0.56206149
5.9249994e-10 -0.53493136
5.8999994e-10 -0.59255642
5.8749994e-10 -0.5615766
5.8499994e-10 -0.57865208
5.8249994e-10 -0.58374411
5.7999994e-10 -0.58271402
5.7749994e-10 -0.62002134
5.7499994e-10 -0.59428889
5.7249994e-10 -0.62049842
5.6999994e-10 -0.56890285
5.6749994e-10 -0.58256024
5.6499994e-10 -0.57170016
5.6249994e-10 -0.59690535
5.5999994e-10 -0.5953086
5.5749994e-10 -0.55876112
5.5499993e-10 -0.58547252
5.5249993e-10 -0.55761224
5.4999993e-10 -0.58207756
5.4749993e-10 -0.60946101
5.4499993e-10 -0.59814346
5.4249993e-10 -0.58458883
5.3999993e-10 -0.59924567
5.3749993e-10 -0.60604829
5.3499993e-10 -0.60004312
5.3249999e-10 -0.56623358
5.2999999e-10 -0.6172657
5.2749999e-10 -0.57358587
5.2499999e-10 -0.59428895
5.2249999e-10 -0.61657304
5.1999999e-10 -0.60246414
5.1749999e-10 -0.62629497
5.1499999e-10 -0.60381627
5.1249999e-10 -0.57587057
5.0999999e-10 -0.62583232
5.0749999e-10 -0.61949849
5.0499999e-10 -0.61919206
5.0249999e-10 -0.64893532
4.9999999e-10 -0.63557374
4.9749999e-10 -0.59666324
4.9499999e-10 -0.60595262
4.9249999e-10 -0.6243692
4.8999999e-10 -0.60765797
4.8749998e-10 -0.63952041
4.8499998e-10 -0.61681426
4.8249998e-10 -0.64114267
4.7999998e-10 -0.62009668
4.7749998e-10 -0.61497992
4.7499998e-10 -0.6382243
4.7249998e-10 -0.62910044
4.6999998e-10 -0.65231138
4.6749998e-10 -0.65647978
4.6499998e-10 -0.61727333
4.6249998e-10 -0.63027358
4.5999998e-10 -0.64384192
4.5749998e-10 -0.65657353
4.5499998e-10 -0.62892252
4.5249998e-10 -0.6600979
4.4999998e-10 -0.6425975
4.4749998e-10 -0.64190555
4.4499998e-10 -0.62324387
4.4249998e-10 -0.61850274
4.3999998e-10 -0.66116011
4.3749998e-10 -0.63346219
4.3499998e-10 -0.60697788
4.3249998e-10 -0.66023862
4.2999998e-10 -0.65841955
4.2749998e-10 -0.62911594
4.2499998e-10 -0.64004511
4.2249998e-10 -0.6592052
4.1999998e-10 -0.66740757
4.1749998e-10 -0.63755488
4.1499998e-10 -0.64814097
4.1249998e-10 -0.66846913
4.0999998e-10 -0.64835191
4.0749998e-10 -0.6645745
4.0499998e-10 -0.65330929
4.0249998e-10 -0.7068513
3.9999998e-10 -0.7226795
3.9749998e-10 -0.64800638
3.9499998e-10 -0.70256788
3.9249998e-10 -0.71138138
3.8999998e-10 -0.66328025
3.8749998e-10 -0.66033012
3.8499998e-10 -0.68956685
3.8249998e-10 -0.70270532
3.7999998e-10 -0.67719221
3.7749998e-10 -0.6950624
3.7499998e-10 -0.69438577
3.7249998e-10 -0.72676867
3.6999998e-10 -0.7172423
3.6749997e-10 -0.70142055
3.6499997e-10 -0.72365957
3.6249997e-10 -0.7113359
3.5999997e-10 -0.71178329
3.5749997e-10 -0.74747181
3.5499997e-10 -0.69883025
3.5249997e-10 -0.7304728
3.4999997e-10 -0.75068992
3.4749997e-10 -0.76680076
3.4499997e-10 -0.73946494
3.4249997e-10 -0.7776739
3.3999997e-10 -0.77233696
3.3749997e-10 -0.79281127
3.3499997e-10 -0.77319539
3.3249997e-10 -0.78875899
3.2999997e-10 -0.7566939
3.2749997e-10 -0.8166039
3.2499997e-10 -0.77569079
3.2249997e-10 -0.80257434
3.1999997e-10 -0.79707152
3.1749997e-10 -0.77901363
3.1499997e-10 -0.81141496
3.1249997e-10 -0.79920512
3.0999997e-10 -0.82586104
3.0749997e-10 -0.82043535
3.0499997e-10 -0.81175143
3.0249997e-10 -0.8227703
2.9999997e-10 -0.85087609
2.9749997e-10 -0.81366718
2.9499997e-10 -0.82991368
2.9249997e-10 -0.82677466
2.8999997e-10 -0.85075831
2.8749997e-10 -0.85242373
2.8499997e-10 -0.83839512
2.8249997e-10 -0.83668554
2.7999997e-10 -0.87598872
2.7749997e-10 -0.82135022
2.7499997e-10 -0.84031296
2.7249997e-10 -0.90370899
2.6999997e-10 -0.87062573
2.6749997e-10 -0.8677001
2.6499997e-10 -0.8788932
2.6249997e-10 -0.90539551
2.5999997e-10 -0.8859989
2.5749997e-10 -0.87612319
2.5499997e-10 -0.87969291
2.5249997e-10 -0.90663475
2.4999997e-10 -0.91096646
2.4749996e-10 -0.88833171
2.4499996e-10 -0.88043314
2.4249996e-10 -0.88565135
2.3999996e-10 -0.86924905
2.3749996e-10 -0.88299328
2.3499996e-10 -0.88548189
2.3249996e-10 -0.90474164
2.2999996e-10 -0.88777214
2.2749996e-10 -0.91728675
2.2499996e-10 -0.89797902
2.2249996e-10 -0.88910037
2.1999996e-10 -0.95859492
2.1749996e-10 -0.93339854
2.1499996e-10 -0.90920019
2.1249996e-10 -0.92295754
2.0999996e-10 -0.91950351
2.0749996e-10 -0.91593933
2.0499996e-10 -0.89102155
2.0249996e-10 -0.91990215
1.9999996e-10 -0.94171423
1.9749996e-10 -0.89964205
1.9499996e-10 -0.9383477
1.9249996e-10 -0.92404234
1.8999996e-10 -0.90168655
1.8749996e-10 -0.92647922
1.8499996e-10 -0.91099042
1.8249996e-10 -0.94283533
1.7999996e-10 -0.93433565
1.7749996e-10 -0.94088286
1.7499996e-10 -0.93129927
1.7249996e-10 -0.92448813
1.6999996e-10 -0.94717014
1.6749996e-10 -0.93213636
1.6499996e-10 -0.98014498
1.6249996e-10 -0.93827593
1.5999996e-10 -0.91612852
1.5749996e-10 -0.97086793
1.5499996e-10 -0.975564
1.5249996e-10 -0.95398188
1.4999996e-10 -0.9864006
1.4749996e-10 -0.97181362
1.4499996e-10 -0.95679069
1.4249996e-10 -0.96848106
1.3999996e-10 -0.99058133
1.3749996e-10 -0.99363482
1.3499996e-10 -0.96133608
1.3249996e-10 -0.99561739
1.2999996e-10 -0.97053003
1.2749996e-10 -0.99101812
1.2499995e-10 -1.0023586
1.2249995e-10 -0.97798383
1.1999995e-10 -1.0134099
1.1749995e-10 -0.99310076
1.1499995e-10 -1.0174338
1.1249995e-10 -0.97454929
1.0999995e-10 -1.0029927
1.0749995e-10 -0.99763983
1.0499995e-10 -1.0719203
1.0249995e-10 -1.0099726
9.9999953e-11 -1.0344644
9.7499953e-11 -1.0163267
9.4999952e-11 -1.0412872
9.2499952e-11 -1.013999
8.9999952e-11 -1.0398916
8.7499952e-11 -1.0652984
8.4999952e-11 -1.0051628
8.2499951e-11 -1.0603344
7.9999951e-11 -1.0762807
7.7499951e-11 -1.074819
7.4999951e-11 -1.0581957
7.249995e-11 -1.0971245
6.999995e-11 -1.0796306
6.7500006e-11 -1.060437
6.5000005e-11 -1.1006972
6.2500005e-11 -1.0833399
6.0000005e-11 -1.103453
5.7500005e-11 -1.0925983
5.5000005e-11 -1.1096635
5.2500004e-11 -1.1374934
5.0000004e-11 -1.1254458
4.7500004e-11 -1.164493
4.5000004e-11 -1.1108241
4.2500004e-11 -1.1686041
4.0000003e-11 -1.1622581
3.7500003e-11 -1.1510106
3.5000003e-11 -1.1678722
3.2500003e-11 -1.1795195
3.0000002e-11 -1.1823537
2.7500002e-11 -1.1988412
2.5000002e-11 -1.176051
2.2500002e-11 -1.2071449
2.0000002e-11 -1.1713834
1.7500001e-11 -1.2057687
1.5000001e-11 -1.2192427
1.2500001e-11 -1.220271
1.0000001e-11 -1.1706938
7.5000006e-12 -1.2274327
5.0000004e-12 -1.2055221
2.5000002e-12 -1.2706984
0.0 -1.2575498
