9.9999997e-10 -0.5449456
9.9749997e-10 -0.55118096
9.9499997e-10 -0.53644562
9.9249997e-10 -0.52795273
9.8999997e-10 -0.54088038
9.8749997e-10 -0.53068459
9.8499997e-10 -0.55649906
9.8249997e-10 -0.54536188
9.7999997e-10 -0.55064535
9.7749997e-10 -0.52450979
9.7499997e-10 -0.52955425
9.7249997e-10 -0.5447529
9.6999997e-10 -0.53107417
9.6749997e-10 -0.53042686
9.6499997e-10 -0.56728584
9.6249997e-10 -0.56065226
9.5999997e-10 -0.56456578
9.5749997e-10 -0.53875589
9.5499997e-10 -0.52944976
9.5249997e-10 -0.57704359
9.4999997e-10 -0.56547147
9.4749997e-10 -0.52240539
9.4499997e-10 -0.53740489
9.4249997e-10 -0.55984306
9.3999997e-10 -0.53151983
9.3749997e-10 -0.5476355
9.3499997e-10 -0.53280973
9.3249997e-10 -0.53329337
9.2999997e-10 -0.5333147
9.2749997e-10 -0.57541889
9.2499997e-10 -0.57452059
9.2249997e-10 -0.51618844
9.1999997e-10 -0.54529911
9.1749996e-10 -0.50175923
9.1499996e-10 -0.59280789
9.1249996e-10 -0.55318433
9.0999996e-10 -0.57340443
9.0749996e-10 -0.55550635
9.0499996e-10 -0.57815588
9.0249996e-10 -0.54690528
8.9999996e-10 -0.56639707
8.9749996e-10 -0.55265653
8.9499996e-10 -0.5628233
8.9249996e-10 -0.52684426
8.8999996e-10 -0.54935265
8.8749996e-10 -0.56761086
8.8499996e-10 -0.51654619
8.8249996e-10 -0.60272622
8.7999996e-10 -0.55465466
8.7749996e-10 -0.57850748
8.7499996e-10 -0.53072119
8.7249996e-10 -0.57369965
8.6999996e-10 -0.5366537
8.6749996e-10 -0.55394304
8.6499996e-10 -0.55679572
8.6249996e-10 -0.58523697
8.5999996e-10 -0.54314679
8.5749996e-10 -0.54018819
8.5499996e-10 -0.52534688
8.5249996e-10 -0.55650121
8.4999996e-10 -0.54040712
8.4749996e-10 -0.57973945
8.4499996e-10 -0.54309595
8.4249996e-10 -0.55486631
8.3999996e-10 -0.55010587
8.3749996e-10 -0.5798831
8.3499996e-10 -0.534298
8.3249996e-10 -0.57590276
8.2999996e-10 -0.57916731
8.2749996e-10 -0.58688533
8.2499996e-10 -0.58302653
8.2249996e-10 -0.59769857
8.1999996e-10 -0.57917643
8.1749996e-10 -0.54473758
8.1499996e-10 -0.57306677
8.1249996e-10 -0.57960564
8.0999996e-10 -0.56491828
8.0749996e-10 -0.55928373
8.0499996e-10 -0.55986875
8.0249996e-10 -0.58114362
7.9999996e-10 -0.56330228
7.9749995e-10 -0.56059819
7.9499995e-10 -0.57814312
7.9249995e-10 -0.58245111
7.8999995e-10 -0.5400787
7.8749995e-10 -0.57058525
7.8499995e-10 -0.5463202
7.8249995e-10 -0.56236714
7.7999995e-10 -0.58998734
7.7749995e-10 -0.56550169
7.7499995e-10 -0.59161538
7.7249995e-10 -0.6081062
7.6999995e-10 -0.56082088
7.6749995e-10 -0.57580626
7.6499995e-10 -0.57304585
7.6249995e-10 -0.56419384
7.5999995e-10 -0.60894006
7.5749995e-10 -0.55887836
7.5499995e-10 -0.58480382
7.5249995e-10 -0.59370214
7.4999995e-10 -0.59908837
7.4749995e-10 -0.55733043
7.4499995e-10 -0.58289731
7.4249995e-10 -0.57562304
7.3999995e-10 -0.57319844
7.3749995e-10 -0.59370929
7.3499995e-10 -0.58875382
7.3249995e-10 -0.57817286
7.2999995e-10 -0.5948022
7.2749995e-10 -0.57390094
7.2499995e-10 -0.57633883
7.2249995e-10 -0.58607394
7.1999995e-10 -0.5842101
7.1749995e-10 -0.59839332
7.1499995e-10 -0.60891557
7.1249995e-10 -0.59427524
7.0999995e-10 -0.57186234
7.0749995e-10 -0.56432056
7.0499995e-10 -0.57685977
7.0249995e-10 -0.61074406
6.9999995e-10 -0.59244978
6.9749995e-10 -0.60486317
6.9499995e-10 -0.56875581
6.9249995e-10 -0.60220093
6.8999995e-10 -0.57976639
6.8749995e-10 -0.60183007
6.8499995e-10 -0.61747742
6.8249995e-10 -0.58268458
6.7999995e-10 -0.59888434
6.7749995e-10 -0.6152119
6.7499994e-10 -0.61708301
6.7249994e-10 -0.61606514
6.6999994e-10 -0.56669843
6.6749994e-10 -0.63650686
6.6499994e-10 -0.59295076
6.6249994e-10 -0.61381882
6.5999994e-10 -0.59374076
6.5749994e-10 -0.58869737
6.5499994e-10 -0.59507394
6.5249994e-10 -0.61301577
6.4999994e-10 -0.60818195
6.4749994e-10 -0.61686873
6.4499994e-10 -0.6247986
6.4249994e-10 -0.57283455
6.3999994e-10 -0.6138652
6.3749994e-10 -0.62699181
6.3499994e-10 -0.60567909
6.3249994e-10 -0.59210855
6.2999994e-10 -0.58085966
6.2749994e-10 -0.62739521
6.2499994e-10 -0.60127181
6.2249994e-10 -0.59912634
6.1999994e-10 -0.59320664
6.1749994e-10 -0.57415867
6.1499994e-10 -0.62709159
6.1249994e-10 -0.61776185
6.0999994e-10 -0.61526448
6.0749994e-10 -0.66061115
6.0499994e-10 -0.60991925
6.0249994e-10 -0.61904103
5.9999994e-10 -0.62073088
5.9749994e-10 -0.63924676
5.9499994e-10 -0.62457615
5.9249994e-10 -0.64078397
5.8999994e-10 -0.63160431
5.8749994e-10 -0.62486202
5.8499994e-10 -0.64883828
5.8249994e-10 -0.65534306
5.7999994e-10 -0.61174232
5.7749994e-10 -0.65275192
5.7499994e-10 -0.64250398
5.7249994e-10 -0.65118533
5.6999994e-10 -0.64321125
5.6749994e-10 -0.64289749
5.6499994e-10 -0.62480736
5.6249994e-10 -0.62806308
5.5999994e-10 -0.63553041
5.5749994e-10 -0.66603768
5.5499993e-10 -0.65812397
5.5249993e-10 -0.64739227
5.4999993e-10 -0.66012436
5.4749993e-10 -0.6234805
5.4499993e-10 -0.65695328
5.4249993e-10 -0.65717536
5.3999993e-10 -0.64629078
5.3749993e-10 -0.65828812
5.3499993e-10 -0.66994923
5.3249999e-10 -0.65746975
5.2999999e-10 -0.64734954
5.2749999e-10 -0.64554793
5.2499999e-10 -0.66570222
5.2249999e-10 -0.63784981
5.1999999e-10 -0.63551289
5.1749999e-10 -0.65699387
5.1499999e-10 -0.63810325
5.1249999e-10 -0.6418398
5.0999999e-10 -0.65877432
5.0749999e-10 -0.65191358
5.0499999e-10 -0.65667677
5.0249999e-10 -0.65749609
4.9999999e-10 -0.65469795
4.9749999e-10 -0.65150374
4.9499999e-10 -0.67035925
4.9249999e-10 -0.66740233
4.8999999e-10 -0.63744164
4.8749998e-10 -0.64542252
4.8499998e-10 -0.64042765
4.8249998e-10 -0.67056721
4.7999998e-10 -0.62118804
4.7749998e-10 -0.65932757
4.7499998e-10 -0.66848493
4.7249998e-10 -0.6584515
4.6999998e-10 -0.64737916
4.6749998e-10 -0.64880705
4.6499998e-10 -0.67738396
4.6249998e-10 -0.66610128
4.5999998e-10 -0.6392591
4.5749998e-10 -0.68320245
4.5499998e-10 -0.7006914
4.5249998e-10 -0.67250365
4.4999998e-10 -0.68926251
4.4749998e-10 -0.68862021
4.4499998e-10 -0.713278
4.4249998e-10 -0.6716553
4.3999998e-10 -0.67945033
4.3749998e-10 -0.68708581
4.3499998e-10 -0.69631189
4.3249998e-10 -0.69781429
4.2999998e-10 -0.70025873
4.2749998e-10 -0.71603632
4.2499998e-10 -0.65641201
4.2249998e-10 -0.6932441
4.1999998e-10 -0.66267788
4.1749998e-10 -0.71027493
4.1499998e-10 -0.71076024
4.1249998e-10 -0.69403809
4.0999998e-10 -0.69030017
4.0749998e-10 -0.72110611
4.0499998e-10 -0.71461141
4.0249998e-10 -0.72464281
3.9999998e-10 -0.73225349
3.9749998e-10 -0.73017722
3.9499998e-10 -0.73157567
3.9249998e-10 -0.73881197
3.8999998e-10 -0.73301476
3.8749998e-10 -0.72563255
3.8499998e-10 -0.71516532
3.8249998e-10 -0.75340593
3.7999998e-10 -0.70654279
3.7749998e-10 -0.7357167
3.7499998e-10 -0.70933068
3.7249998e-10 -0.74140805
3.6999998e-10 -0.7243588
3.6749997e-10 -0.75503379
3.6499997e-10 -0.73397189
3.6249997e-10 -0.75184238
3.5999997e-10 -0.74770826
3.5749997e-10 -0.75807673
3.5499997e-10 -0.76099753
3.5249997e-10 -0.76609254
3.4999997e-10 -0.75138694
3.4749997e-10 -0.75818807
3.4499997e-10 -0.74147999
3.4249997e-10 -0.76657426
3.3999997e-10 -0.79327244
3.3749997e-10 -0.75797915
3.3499997e-10 -0.74622166
3.3249997e-10 -0.77671909
3.2999997e-10 -0.78992045
3.2749997e-10 -0.76977319
3.2499997e-10 -0.78934592
3.2249997e-10 -0.76850986
3.1999997e-10 -0.77193952
3.1749997e-10 -0.76503563
3.1499997e-10 -0.75998211
3.1249997e-10 -0.77839196
3.0999997e-10 -0.77247107
3.0749997e-10 -0.80834484
3.0499997e-10 -0.79723835
3.0249997e-10 -0.77752233
2.9999997e-10 -0.77988207
2.9749997e-10 -0.8096382
2.9499997e-10 -0.80094618
2.9249997e-10 -0.80096984
2.8999997e-10 -0.81755316
2.8749997e-10 -0.80496043
2.8499997e-10 -0.80203128
2.8249997e-10 -0.81387824
2.7999997e-10 -0.81146115
2.7749997e-10 -0.80109227
2.7499997e-10 -0.83439553
2.7249997e-10 -0.78522491
2.6999997e-10 -0.84430385
2.6749997e-10 -0.83191651
2.6499997e-10 -0.85070485
2.6249997e-10 -0.85456657
2.5999997e-10 -0.84228575
2.5749997e-10 -0.86429942
2.5499997e-10 -0.8608768
2.5249997e-10 -0.851991
2.4999997e-10 -0.87121737
2.4749996e-10 -0.85178167
2.4499996e-10 -0.8549301
2.4249996e-10 -0.88092738
2.3999996e-10 -0.86811721
2.3749996e-10 -0.86374223
2.3499996e-10 -0.86993998
2.3249996e-10 -0.84842414
2.2999996e-10 -0.85176057
2.2749996e-10 -0.87075365
2.2499996e-10 -0.87077129
2.2249996e-10 -0.88490093
2.1999996e-10 -0.88794297
2.1749996e-10 -0.86631095
2.1499996e-10 -0.87079722
2.1249996e-10 -0.92183644
2.0999996e-10 -0.88071746
2.0749996e-10 -0.8686195
2.0499996e-10 -0.9046849
2.0249996e-10 -0.88933331
1.9999996e-10 -0.92484689
1.9749996e-10 -0.89279383
1.9499996e-10 -0.89209282
1.9249996e-10 -0.89689374
1.8999996e-10 -0.89418089
1.8749996e-10 -0.91764718
1.8499996e-10 -0.91644877
1.8249996e-10 -0.91177851
1.7999996e-10 -0.94289786
1.7749996e-10 -0.92138046
1.7499996e-10 -0.9725787
1.7249996e-10 -0.91240162
1.6999996e-10 -0.95884305
1.6749996e-10 -0.92528296
1.6499996e-10 -0.91345942
1.6249996e-10 -0.9250381
1.5999996e-10 -1.0255854
1.5749996e-10 -0.96628672
1.5499996e-10 -0.98301774
1.5249996e-10 -0.99149066
1.4999996e-10 -0.96684301
1.4749996e-10 -0.94864661
1.4499996e-10 -1.0016834
1.4249996e-10 -0.96461844
1.3999996e-10 -0.99398488
1.3749996e-10 -0.98819298
1.3499996e-10 -1.0021008
1.3249996e-10 -1.0073206
1.2999996e-10 -1.0109018
1.2749996e-10 -1.0081286
1.2499995e-10 -1.0142909
1.2249995e-10 -1.0004181
1.1999995e-10 -1.0264837
1.1749995e-10 -1.0361825
1.1499995e-10 -1.030923
1.1249995e-10 -1.0282844
1.0999995e-10 -1.0445263
1.0749995e-10 -1.0451181
1.0499995e-10 -1.0373522
1.0249995e-10 -1.0615085
9.9999953e-11 -1.0616846
9.7499953e-11 -1.0586073
9.4999952e-11 -1.0534033
9.2499952e-11 -1.0702705
8.9999952e-11 -1.0555184
8.7499952e-11 -1.0681651
8.4999952e-11 -1.0932966
8.2499951e-11 -1.11415
7.9999951e-11 -1.0893888
7.7499951e-11 -1.1110125
7.4999951e-11 -1.0767965
7.249995e-11 -1.0872104
6.999995e-11 -1.1310478
6.7500006e-11 -1.1209333
6.5000005e-11 -1.1197332
6.2500005e-11 -1.1137793
6.0000005e-11 -1.152504
5.7500005e-11 -1.1348281
5.5000005e-11 -1.1572419
5.2500004e-11 -1.1645615
5.0000004e-11 -1.1395624
4.7500004e-11 -1.1592269
4.5000004e-11 -1.1556542
4.2500004e-11 -1.1638608
4.0000003e-11 -1.1690528
3.7500003e-11 -1.2106359
3.5000003e-11 -1.1826363
3.2500003e-11 -1.1949745
3.0000002e-11 -1.1883128
2.7500002e-11 -1.1878599
2.5000002e-11 -1.2201965
2.2500002e-11 -1.2343723
2.0000002e-11 -1.2214515
1.7500001e-11 -1.2392569
1.5000001e-11 -1.2576036
1.2500001e-11 -1.2425931
1.0000001e-11 -1.2469574
7.5000006e-12 -1.2484046
5.0000004e-12 -1.2833486
2.5000002e-12 -1.3121496
0.0 -1.2995299
