9.9999997e-10 -0.48650163
9.9749997e-10 -0.5542137
9.9499997e-10 -0.55443799
9.9249997e-10 -0.57115734
9.8999997e-10 -0.53776991
9.8749997e-10 -0.51749313
9.8499997e-10 -0.51990569
9.8249997e-10 -0.50636673
9.7999997e-10 -0.50488734
9.7749997e-10 -0.5212571
9.7499997e-10 -0.54415703
9.7249997e-10 -0.51979077
9.6999997e-10 -0.48839596
9.6749997e-10 -0.54518032
9.6499997e-10 -0.52843922
9.6249997e-10 -0.51929653
9.5999997e-10 -0.49233067
9.5749997e-10 -0.52504355
9.5499997e-10 -0.52158529
9.5249997e-10 -0.53902906
9.4999997e-10 -0.53048342
9.4749997e-10 -0.56327522
9.4499997e-10 -0.52898753
9.4249997e-10 -0.52695191
9.3999997e-10 -0.54103577
9.3749997e-10 -0.55647326
9.3499997e-10 -0.55219209
9.3249997e-10 -0.51301372
9.2999997e-10 -0.54596543
9.2749997e-10 -0.50204241
9.2499997e-10 -0.51683092
9.2249997e-10 -0.52325219
9.1999997e-10 -0.5592913
9.1749996e-10 -0.54442161
9.1499996e-10 -0.51629233
9.1249996e-10 -0.52104986
9.0999996e-10 -0.53492773
9.0749996e-10 -0.54672956
9.0499996e-10 -0.55823725
9.0249996e-10 -0.53540421
8.9999996e-10 -0.55689907
8.9749996e-10 -0.52020758
8.9499996e-10 -0.52775747
8.9249996e-10 -0.54049963
8.8999996e-10 -0.54132336
8.8749996e-10 -0.53821933
8.8499996e-10 -0.5446533
8.8249996e-10 -0.53021049
8.7999996e-10 -0.54902703
8.7749996e-10 -0.52465206
8.7499996e-10 -0.55811059
8.7249996e-10 -0.55453277
8.6999996e-10 -0.56243527
8.6749996e-10 -0.55392241
8.6499996e-10 -0.52161556
8.6249996e-10 -0.55992103
8.5999996e-10 -0.54801369
8.5749996e-10 -0.52609533
8.5499996e-10 -0.58778071
8.5249996e-10 -0.56536347
8.4999996e-10 -0.53968889
8.4749996e-10 -0.54615301
8.4499996e-10 -0.55523789
8.4249996e-10 -0.56991023
8.3999996e-10 -0.5526126
8.3749996e-10 -0.56870914
8.3499996e-10 -0.54218781
8.3249996e-10 -0.54992729
8.2999996e-10 -0.56157833
8.2749996e-10 -0.53537154
8.2499996e-10 -0.55873084
8.2249996e-10 -0.5413329
8.1999996e-10 -0.57238972
8.1749996e-10 -0.56994158
8.1499996e-10 -0.5634706
8.1249996e-10 -0.56780344
8.0999996e-10 -0.57485366
8.0749996e-10 -0.56510884
8.0499996e-10 -0.56642383
8.0249996e-10 -0.55227643
7.9999996e-10 -0.57916391
7.9749995e-10 -0.57482988
7.9499995e-10 -0.54986846
7.9249995e-10 -0.53064275
7.8999995e-10 -0.56078631
7.8749995e-10 -0.55096567
7.8499995e-10 -0.55587411
7.8249995e-10 -0.54737502
7.7999995e-10 -0.57520592
7.7749995e-10 -0.56950086
7.7499995e-10 -0.5518508
7.7249995e-10 -0.56950444
7.6999995e-10 -0.57628721
7.6749995e-10 -0.58908343
7.6499995e-10 -0.56046933
7.6249995e-10 -0.58546424
7.5999995e-10 -0.58041358
7.5749995e-10 -0.56614387
7.5499995e-10 -0.55612916
7.5249995e-10 -0.58879685
7.4999995e-10 -0.56714296
7.4749995e-10 -0.58932734
7.4499995e-10 -0.57756406
7.4249995e-10 -0.54825234
7.3999995e-10 -0.59506285
7.3749995e-10 -0.58803308
7.3499995e-10 -0.57152939
7.3249995e-10 -0.55421436
7.2999995e-10 -0.56235743
7.2749995e-10 -0.56840903
7.2499995e-10 -0.5931496
7.2249995e-10 -0.60167104
7.1999995e-10 -0.56748462
7.1749995e-10 -0.58005059
7.1499995e-10 -0.56765318
7.1249995e-10 -0.59729689
7.0999995e-10 -0.57659745
7.0749995e-10 -0.57180971
7.0499995e-10 -0.60929173
7.0249995e-10 -0.59141678
6.9999995e-10 -0.56213117
6.9749995e-10 -0.60428917
6.9499995e-10 -0.56034863
6.9249995e-10 -0.60187292
6.8999995e-10 -0.60656941
6.8749995e-10 -0.59485465
6.8499995e-10 -0.57302594
6.8249995e-10 -0.58547682
6.7999995e-10 -0.59861416
6.7749995e-10 -0.58542323
6.7499994e-10 -0.57831794
6.7249994e-10 -0.5907982
6.6999994e-10 -0.57240063
6.6749994e-10 -0.60004568
6.6499994e-10 -0.63454443
6.6249994e-10 -0.60005099
6.5999994e-10 -0.61153871
6.5749994e-10 -0.59113586
6.5499994e-10 -0.61923003
6.5249994e-10 -0.61141402
6.4999994e-10 -0.59515512
6.4749994e-10 -0.60570037
6.4499994e-10 -0.59138972
6.4249994e-10 -0.61632252
6.3999994e-10 -0.57933486
6.3749994e-10 -0.59834337
6.3499994e-10 -0.63096529
6.3249994e-10 -0.6063118
6.2999994e-10 -0.60067463
6.2749994e-10 -0.62209326
6.2499994e-10 -0.62826234
6.2249994e-10 -0.59736848
6.1999994e-10 -0.60487998
6.1749994e-10 -0.61768526
6.1499994e-10 -0.6093657
6.1249994e-10 -0.58131158
6.0999994e-10 -0.60077453
6.0749994e-10 -0.61069363
6.0499994e-10 -0.5822311
6.0249994e-10 -0.61069524
5.9999994e-10 -0.63972878
5.9749994e-10 -0.61556894
5.9499994e-10 -0.60426378
5.9249994e-10 -0.60326159
5.8999994e-10 -0.63117665
5.8749994e-10 -0.59801841
5.8499994e-10 -0.61864775
5.8249994e-10 -0.63370156
5.7999994e-10 -0.59449261
5.7749994e-10 -0.60687554
5.7499994e-10 -0.61304587
5.7249994e-10 -0.63411796
5.6999994e-10 -0.62000114
5.6749994e-10 -0.6470226
5.6499994e-10 -0.64587468
5.6249994e-10 -0.64867634
5.5999994e-10 -0.60727769
5.5749994e-10 -0.63903087
5.5499993e-10 -0.62521285
5.5249993e-10 -0.5821107
5.4999993e-10 -0.65657812
5.4749993e-10 -0.60729963
5.4499993e-10 -0.62821698
5.4249993e-10 -0.66042465
5.3999993e-10 -0.64728224
5.3749993e-10 -0.66010737
5.3499993e-10 -0.67757106
5.3249999e-10 -0.65253824
5.2999999e-10 -0.63879317
5.2749999e-10 -0.58418137
5.2499999e-10 -0.64250076
5.2249999e-10 -0.68688202
5.1999999e-10 -0.62934065
5.1749999e-10 -0.66784102
5.1499999e-10 -0.66446263
5.1249999e-10 -0.64630973
5.0999999e-10 -0.64111352
5.0749999e-10 -0.65276372
5.0499999e-10 -0.65480655
5.0249999e-10 -0.64239043
4.9999999e-10 -0.65263611
4.9749999e-10 -0.67278749
4.9499999e-10 -0.67058837
4.9249999e-10 -0.66600078
4.8999999e-10 -0.68154007
4.8749998e-10 -0.68703759
4.8499998e-10 -0.66210467
4.8249998e-10 -0.66815144
4.7999998e-10 -0.65587062
4.7749998e-10 -0.67238653
4.7499998e-10 -0.66505861
4.7249998e-10 -0.69131964
4.6999998e-10 -0.6753934
4.6749998e-10 -0.70089465
4.6499998e-10 -0.6910038
4.6249998e-10 -0.6772545
4.5999998e-10 -0.71813762
4.5749998e-10 -0.69691908
4.5499998e-10 -0.67452168
4.5249998e-10 -0.6786415
4.4999998e-10 -0.68381888
4.4749998e-10 -0.71961588
4.4499998e-10 -0.71728468
4.4249998e-10 -0.6967603
4.3999998e-10 -0.70021707
4.3749998e-10 -0.71233392
4.3499998e-10 -0.67991233
4.3249998e-10 -0.7059114
4.2999998e-10 -0.69865948
4.2749998e-10 -0.7073459
4.2499998e-10 -0.71757686
4.2249998e-10 -0.73028666
4.1999998e-10 -0.71529961
4.1749998e-10 -0.71126539
4.1499998e-10 -0.7265178
4.1249998e-10 -0.74757636
4.0999998e-10 -0.71811289
4.0749998e-10 -0.73170036
4.0499998e-10 -0.71970141
4.0249998e-10 -0.72429758
3.9999998e-10 -0.72573674
3.9749998e-10 -0.72273856
3.9499998e-10 -0.74195796
3.9249998e-10 -0.73940969
3.8999998e-10 -0.74068171
3.8749998e-10 -0.75176519
3.8499998e-10 -0.72869837
3.8249998e-10 -0.77155703
3.7999998e-10 -0.74080157
3.7749998e-10 -0.76571721
3.7499998e-10 -0.76219994
3.7249998e-10 -0.78824508
3.6999998e-10 -0.776393
3.6749997e-10 -0.75691426
3.6499997e-10 -0.76941586
3.6249997e-10 -0.78187668
3.5999997e-10 -0.77267051
3.5749997e-10 -0.77086073
3.5499997e-10 -0.77148205
3.5249997e-10 -0.7714054
3.4999997e-10 -0.7895245
3.4749997e-10 -0.80316335
3.4499997e-10 -0.81153166
3.4249997e-10 -0.7340886
3.3999997e-10 -0.76301497
3.3749997e-10 -0.78743243
3.3499997e-10 -0.79850185
3.3249997e-10 -0.80549854
3.2999997e-10 -0.77702892
3.2749997e-10 -0.7779811
3.2499997e-10 -0.80962044
3.2249997e-10 -0.78240556
3.1999997e-10 -0.80929667
3.1749997e-10 -0.8237595
3.1499997e-10 -0.81780255
3.1249997e-10 -0.84054792
3.0999997e-10 -0.8164627
3.0749997e-10 -0.82204419
3.0499997e-10 -0.83148611
3.0249997e-10 -0.79911709
2.9999997e-10 -0.79110569
2.9749997e-10 -0.84421408
2.9499997e-10 -0.83802933
2.9249997e-10 -0.78901225
2.8999997e-10 -0.85761094
2.8749997e-10 -0.82537532
2.8499997e-10 -0.80535209
2.8249997e-10 -0.86731029
2.7999997e-10 -0.82940334
2.7749997e-10 -0.82388395
2.7499997e-10 -0.84354907
2.7249997e-10 -0.84251207
2.6999997e-10 -0.80872422
2.6749997e-10 -0.83353508
2.6499997e-10 -0.84609967
2.6249997e-10 -0.85423774
2.5999997e-10 -0.8778795
2.5749997e-10 -0.84340596
2.5499997e-10 -0.87212348
2.5249997e-10 -0.83350724
2.4999997e-10 -0.87503695
2.4749996e-10 -0.85895312
2.4499996e-10 -0.83824664
2.4249996e-10 -0.84417188
2.3999996e-10 -0.84832323
2.3749996e-10 -0.86644042
2.3499996e-10 -0.88648093
2.3249996e-10 -0.88438052
2.2999996e-10 -0.89080477
2.2749996e-10 -0.87173891
2.2499996e-10 -0.86681426
2.2249996e-10 -0.88075477
2.1999996e-10 -0.8713609
2.1749996e-10 -0.90929061
2.1499996e-10 -0.85958046
2.1249996e-10 -0.87109852
2.0999996e-10 -0.91395247
2.0749996e-10 -0.88535511
2.0499996e-10 -0.88793457
2.0249996e-10 -0.8791703
1.9999996e-10 -0.90211529
1.9749996e-10 -0.87748247
1.9499996e-10 -0.92887068
1.9249996e-10 -0.87921375
1.8999996e-10 -0.91222918
1.8749996e-10 -0.91559958
1.8499996e-10 -0.9364785
1.8249996e-10 -0.89706004
1.7999996e-10 -0.91433483
1.7749996e-10 -0.90650302
1.7499996e-10 -0.93332797
1.7249996e-10 -0.94877928
1.6999996e-10 -0.92678171
1.6749996e-10 -0.92655253
1.6499996e-10 -0.93062145
1.6249996e-10 -0.90985292
1.5999996e-10 -0.90391833
1.5749996e-10 -0.91711509
1.5499996e-10 -0.95485121
1.5249996e-10 -0.95325243
1.4999996e-10 -0.93755168
1.4749996e-10 -0.96680123
1.4499996e-10 -0.95180911
1.4249996e-10 -0.96873051
1.3999996e-10 -0.97089005
1.3749996e-10 -0.95042509
1.3499996e-10 -0.96788114
1.3249996e-10 -0.95819974
1.2999996e-10 -0.95099044
1.2749996e-10 -1.0007231
1.2499995e-10 -0.99010879
1.2249995e-10 -0.98065579
1.1999995e-10 -0.97787917
1.1749995e-10 -1.0143557
1.1499995e-10 -0.9999516
1.1249995e-10 -0.99619782
1.0999995e-10 -0.97680128
1.0749995e-10 -1.0402232
1.0499995e-10 -1.0106481
1.0249995e-10 -1.0179048
9.9999953e-11 -1.0134906
9.7499953e-11 -1.0391314
9.4999952e-11 -0.98463517
9.2499952e-11 -1.0195861
8.9999952e-11 -1.0430915
8.7499952e-11 -1.0025599
8.4999952e-11 -1.0421453
8.2499951e-11 -1.0389972
7.9999951e-11 -1.0465617
7.7499951e-11 -1.0961751
7.4999951e-11 -1.0454293
7.249995e-11 -1.058321
6.999995e-11 -1.084271
6.7500006e-11 -1.107644
6.5000005e-11 -1.0998069
6.2500005e-11 -1.1030527
6.0000005e-11 -1.1205676
5.7500005e-11 -1.0982761
5.5000005e-11 -1.1385576
5.2500004e-11 -1.1232455
5.0000004e-11 -1.153291
4.7500004e-11 -1.1302357
4.5000004e-11 -1.1415938
4.2500004e-11 -1.1438123
4.0000003e-11 -1.1433892
3.7500003e-11 -1.1317941
3.5000003e-11 -1.1656854
3.2500003e-11 -1.1624531
3.0000002e-11 -1.1829362
2.7500002e-11 -1.1923538
2.5000002e-11 -1.2046041
2.2500002e-11 -1.1788043
2.0000002e-11 -1.2034073
1.7500001e-11 -1.2041348
1.5000001e-11 -1.2396195
1.2500001e-11 -1.2391093
1.0000001e-11 -1.2400581
7.5000006e-12 -1.2197591
5.0000004e-12 -1.2403647
2.5000002e-12 -1.2581993
0.0 -1.2564989
