0.0 nan
2.5000002e-12 nan
5.0000004e-12 nan
7.5000006e-12 nan
1.0000001e-11 nan
1.2500001e-11 nan
1.5000001e-11 nan
1.7500001e-11 nan
2.0000002e-11 nan
2.2500002e-11 nan
2.5000002e-11 nan
2.7500002e-11 nan
3.0000002e-11 nan
3.2500003e-11 nan
3.5000003e-11 nan
3.7500003e-11 nan
4.0000003e-11 nan
4.2500004e-11 nan
4.5000004e-11 nan
4.7500004e-11 nan
5.0000004e-11 nan
5.2500004e-11 nan
5.5000005e-11 nan
5.7500005e-11 nan
6.0000005e-11 nan
6.2500005e-11 nan
6.5000005e-11 nan
6.7500006e-11 nan
6.999995e-11 nan
7.249995e-11 nan
7.4999951e-11 nan
7.7499951e-11 nan
7.9999951e-11 nan
8.2499951e-11 nan
8.4999952e-11 nan
8.7499952e-11 nan
8.9999952e-11 nan
9.2499952e-11 nan
9.4999952e-11 nan
9.7499953e-11 nan
9.9999953e-11 nan
1.0249995e-10 nan
1.0499995e-10 nan
1.0749995e-10 nan
1.0999995e-10 nan
1.1249995e-10 nan
1.1499995e-10 nan
1.1749995e-10 nan
1.1999995e-10 nan
1.2249995e-10 nan
1.2499995e-10 nan
1.2749996e-10 nan
1.2999996e-10 nan
1.3249996e-10 nan
1.3499996e-10 nan
1.3749996e-10 nan
1.3999996e-10 nan
1.4249996e-10 nan
1.4499996e-10 nan
1.4749996e-10 nan
1.4999996e-10 nan
1.5249996e-10 nan
1.5499996e-10 nan
1.5749996e-10 nan
1.5999996e-10 nan
1.6249996e-10 nan
1.6499996e-10 nan
1.6749996e-10 nan
1.6999996e-10 nan
1.7249996e-10 nan
1.7499996e-10 nan
1.7749996e-10 nan
1.7999996e-10 nan
1.8249996e-10 nan
1.8499996e-10 nan
1.8749996e-10 nan
1.8999996e-10 nan
1.9249996e-10 nan
1.9499996e-10 nan
1.9749996e-10 nan
1.9999996e-10 nan
2.0249996e-10 nan
2.0499996e-10 nan
2.0749996e-10 nan
2.0999996e-10 nan
2.1249996e-10 nan
2.1499996e-10 nan
2.1749996e-10 nan
2.1999996e-10 nan
2.2249996e-10 nan
2.2499996e-10 nan
2.2749996e-10 nan
2.2999996e-10 nan
2.3249996e-10 nan
2.3499996e-10 nan
2.3749996e-10 nan
2.3999996e-10 nan
2.4249996e-10 nan
2.4499996e-10 nan
2.4749996e-10 nan
2.4999997e-10 nan
2.5249997e-10 -0.93605876
2.5499997e-10 -0.95612049
2.5749997e-10 -0.97507209
2.5999997e-10 -0.93110698
2.6249997e-10 -0.89023829
2.6499997e-10 -0.92831463
2.6749997e-10 -0.89973646
2.6999997e-10 -0.91724575
2.7249997e-10 -0.92687869
2.7499997e-10 -0.88471305
2.7749997e-10 -0.91407871
2.7999997e-10 -0.9161886
2.8249997e-10 -0.91896039
2.8499997e-10 -0.88737005
2.8749997e-10 -0.91133016
2.8999997e-10 -0.89135021
2.9249997e-10 -0.854321
2.9499997e-10 -0.86888349
2.9749997e-10 -0.83518767
2.9999997e-10 -0.87565088
3.0249997e-10 -0.87953448
3.0499997e-10 -0.86144501
3.0749997e-10 -0.85352576
3.0999997e-10 -0.85081649
3.1249997e-10 -0.83992428
3.1499997e-10 -0.84740788
3.1749997e-10 -0.85193902
3.1999997e-10 -0.86830151
3.2249997e-10 -0.85796618
3.2499997e-10 -0.87018204
3.2749997e-10 -0.84292018
3.2999997e-10 -0.87024426
3.3249997e-10 -0.80605716
3.3499997e-10 -0.81403708
3.3749997e-10 -0.85173678
3.3999997e-10 -0.85213733
3.4249997e-10 -0.84904379
3.4499997e-10 -0.77621222
3.4749997e-10 -0.83497626
3.4999997e-10 -0.83427072
3.5249997e-10 -0.85197514
3.5499997e-10 -0.82882518
3.5749997e-10 -0.79300338
3.5999997e-10 -0.80243176
3.6249997e-10 -0.80880785
3.6499997e-10 -0.81506878
3.6749997e-10 -0.80333418
3.6999998e-10 -0.78660536
3.7249998e-10 -0.79825282
3.7499998e-10 -0.80222911
3.7749998e-10 -0.79465824
3.7999998e-10 -0.82344872
3.8249998e-10 -0.79808557
3.8499998e-10 -0.78397864
3.8749998e-10 -0.75786912
3.8999998e-10 -0.77717686
3.9249998e-10 -0.79579949
3.9499998e-10 -0.74717188
3.9749998e-10 -0.77787584
3.9999998e-10 -0.78111178
4.0249998e-10 -0.78684771
4.0499998e-10 -0.76596129
4.0749998e-10 -0.76943189
4.0999998e-10 -0.75713259
4.1249998e-10 -0.76774406
4.1499998e-10 -0.76752526
4.1749998e-10 -0.77136081
4.1999998e-10 -0.69503921
4.2249998e-10 -0.78821486
4.2499998e-10 -0.7317521
4.2749998e-10 -0.71149755
4.2999998e-10 -0.73710936
4.3249998e-10 -0.741669
4.3499998e-10 -0.74352705
4.3749998e-10 -0.76270193
4.3999998e-10 -0.75489789
4.4249998e-10 -0.71010584
4.4499998e-10 -0.7343533
4.4749998e-10 -0.73463809
4.4999998e-10 -0.72895586
4.5249998e-10 -0.70718867
4.5499998e-10 -0.68985432
4.5749998e-10 -0.74712324
4.5999998e-10 -0.7481038
4.6249998e-10 -0.71369153
4.6499998e-10 -0.70812201
4.6749998e-10 -0.6798315
4.6999998e-10 -0.71468997
4.7249998e-10 -0.67361915
4.7499998e-10 -0.7299453
4.7749998e-10 -0.72744161
4.7999998e-10 -0.70568156
4.8249998e-10 -0.69024307
4.8499998e-10 -0.70595759
4.8749998e-10 -0.69932574
4.8999999e-10 -0.66901958
4.9249999e-10 -0.69916993
4.9499999e-10 -0.68532509
4.9749999e-10 -0.6950295
4.9999999e-10 -0.76089412
5.0249999e-10 -0.69409627
5.0499999e-10 -0.70793694
5.0749999e-10 -0.74952877
5.0999999e-10 -0.64014691
5.1249999e-10 -0.72353554
5.1499999e-10 -0.67523032
5.1749999e-10 -0.69545114
5.1999999e-10 -0.67260182
5.2249999e-10 -0.67123485
5.2499999e-10 -0.70778
5.2749999e-10 -0.68497556
5.2999999e-10 -0.68485731
5.3249999e-10 -0.64218253
5.3499993e-10 -0.71989197
5.3749993e-10 -0.69189793
5.3999993e-10 -0.64842677
5.4249993e-10 -0.67872012
5.4499993e-10 -0.66734892
5.4749993e-10 -0.67206597
5.4999993e-10 -0.65656334
5.5249993e-10 -0.67108607
5.5499993e-10 -0.70137417
5.5749994e-10 -0.67909312
5.5999994e-10 -0.63438332
5.6249994e-10 -0.65629214
5.6499994e-10 -0.6728698
5.6749994e-10 -0.63777131
5.6999994e-10 -0.66726959
5.7249994e-10 -0.64471269
5.7499994e-10 -0.62212139
5.7749994e-10 -0.69417882
5.7999994e-10 -0.62893575
5.8249994e-10 -0.61799127
5.8499994e-10 -0.64002377
5.8749994e-10 -0.67956948
5.8999994e-10 -0.58443093
5.9249994e-10 -0.65737003
5.9499994e-10 -0.63079053
5.9749994e-10 -0.67228812
5.9999994e-10 -0.66244793
6.0249994e-10 -0.65823632
6.0499994e-10 -0.65104049
6.0749994e-10 -0.62269992
6.0999994e-10 -0.70657104
6.1249994e-10 -0.64896166
6.1499994e-10 -0.66732049
6.1749994e-10 -0.62488425
6.1999994e-10 -0.61367899
6.2249994e-10 -0.66098344
6.2499994e-10 -0.65435857
6.2749994e-10 -0.6522007
6.2999994e-10 -0.64453322
6.3249994e-10 -0.63928205
6.3499994e-10 -0.64170241
6.3749994e-10 -0.64626646
6.3999994e-10 -0.63659537
6.4249994e-10 -0.66748136
6.4499994e-10 -0.66762388
6.4749994e-10 -0.63601494
6.4999994e-10 -0.63222677
6.5249994e-10 -0.61248648
6.5499994e-10 -0.62878293
6.5749994e-10 -0.63068336
6.5999994e-10 -0.67101759
6.6249994e-10 -0.68291926
6.6499994e-10 -0.63049382
6.6749994e-10 -0.62288928
6.6999994e-10 -0.64413488
6.7249994e-10 -0.65321857
6.7499994e-10 -0.65471941
6.7749995e-10 -0.66367388
6.7999995e-10 -0.67558873
6.8249995e-10 -0.63871574
6.8499995e-10 -0.62775302
6.8749995e-10 -0.66322833
6.8999995e-10 -0.64000666
6.9249995e-10 -0.64549142
6.9499995e-10 -0.60052902
6.9749995e-10 -0.61853355
6.9999995e-10 -0.6457597
7.0249995e-10 -0.64759582
7.0499995e-10 -0.63347602
7.0749995e-10 -0.66953743
7.0999995e-10 -0.59550679
7.1249995e-10 -0.59960306
7.1499995e-10 -0.62063849
7.1749995e-10 -0.59410918
7.1999995e-10 -0.6271562
7.2249995e-10 -0.61805981
7.2499995e-10 -0.61125982
7.2749995e-10 -0.63627088
7.2999995e-10 -0.65745515
7.3249995e-10 -0.60777587
7.3499995e-10 -0.63185418
7.3749995e-10 -0.62122726
7.3999995e-10 -0.62620276
7.4249995e-10 -0.61520839
7.4499995e-10 -0.61273712
7.4749995e-10 -0.63069338
7.4999995e-10 -0.60993248
7.5249995e-10 -0.6347571
7.5499995e-10 -0.61455023
7.5749995e-10 -0.60186964
7.5999995e-10 -0.61774069
7.6249995e-10 -0.59613287
7.6499995e-10 -0.6154272
7.6749995e-10 -0.67645621
7.6999995e-10 -0.57543647
7.7249995e-10 -0.59187603
7.7499995e-10 -0.61475897
7.7749995e-10 -0.59393114
7.7999995e-10 -0.61158478
7.8249995e-10 -0.63361454
7.8499995e-10 -0.59323895
7.8749995e-10 -0.58713651
7.8999995e-10 -0.60893512
7.9249995e-10 -0.60868853
7.9499995e-10 -0.59638989
7.9749995e-10 -0.61473829
7.9999996e-10 -0.6042493
8.0249996e-10 -0.60265338
8.0499996e-10 -0.59376848
8.0749996e-10 -0.59029126
8.0999996e-10 -0.57727104
8.1249996e-10 -0.61394906
8.1499996e-10 -0.58047998
8.1749996e-10 -0.59966451
8.1999996e-10 -0.64172733
8.2249996e-10 -0.59301424
8.2499996e-10 -0.61245102
8.2749996e-10 -0.5929026
8.2999996e-10 -0.60267258
8.3249996e-10 -0.59247386
8.3499996e-10 -0.58789581
8.3749996e-10 -0.57848656
8.3999996e-10 -0.58001184
8.4249996e-10 -0.59550756
8.4499996e-10 -0.5892843
8.4749996e-10 -0.60920268
8.4999996e-10 -0.64306992
8.5249996e-10 -0.57543725
8.5499996e-10 -0.57062489
8.5749996e-10 -0.64008933
8.5999996e-10 -0.52758688
8.6249996e-10 -0.60031784
8.6499996e-10 -0.61044943
8.6749996e-10 -0.60781562
8.6999996e-10 -0.59371579
8.7249996e-10 -0.61711794
8.7499996e-10 -0.6208837
8.7749996e-10 -0.57179731
8.7999996e-10 -0.56002313
8.8249996e-10 -0.56397128
8.8499996e-10 -0.58655739
8.8749996e-10 -0.61438262
8.8999996e-10 -0.57333982
8.9249996e-10 -0.6012097
8.9499996e-10 -0.56662017
8.9749996e-10 -0.57984728
8.9999996e-10 -0.64025003
9.0249996e-10 -0.54498899
9.0499996e-10 -0.5789184
9.0749996e-10 -0.53453499
9.0999996e-10 -0.64003187
9.1249996e-10 -0.54811442
9.1499996e-10 -0.57389367
9.1749996e-10 -0.61259389
9.1999997e-10 -0.52291387
9.2249997e-10 -0.61336857
9.2499997e-10 -0.55354828
9.2749997e-10 -0.62425053
9.2999997e-10 -0.55501866
9.3249997e-10 -0.49693364
9.3499997e-10 -0.55227965
9.3749997e-10 -0.55640674
9.3999997e-10 -0.57833892
9.4249997e-10 -0.57711655
9.4499997e-10 -0.49519688
9.4749997e-10 -0.54200459
9.4999997e-10 -0.60958469
9.5249997e-10 -0.52763951
9.5499997e-10 -0.56892788
9.5749997e-10 -0.60413927
9.5999997e-10 -0.53061807
9.6249997e-10 -0.57919878
9.6499997e-10 -0.53524238
9.6749997e-10 -0.62192285
9.6999997e-10 -0.57140815
9.7249997e-10 -0.60268903
9.7499997e-10 -0.54745412
9.7749997e-10 -0.55598742
9.7999997e-10 -0.55229628
9.8249997e-10 -0.54521865
9.8499997e-10 -0.53452492
9.8749997e-10 -0.56872731
9.8999997e-10 -0.56028348
9.9249997e-10 -0.56747812
9.9499997e-10 -0.5240103
9.9749997e-10 -0.48209941
9.9999997e-10 -0.52974296
