9.9999997e-10 -0.55560738
9.9749997e-10 -0.5048213
9.9499997e-10 -0.52549815
9.9249997e-10 -0.47430983
9.8999997e-10 -0.55149442
9.8749997e-10 -0.50996435
9.8499997e-10 -0.52963781
9.8249997e-10 -0.52457565
9.7999997e-10 -0.50134933
9.7749997e-10 -0.49784827
9.7499997e-10 -0.54780424
9.7249997e-10 -0.53705335
9.6999997e-10 -0.52663457
9.6749997e-10 -0.54360014
9.6499997e-10 -0.52881998
9.6249997e-10 -0.53971046
9.5999997e-10 -0.50185668
9.5749997e-10 -0.50258225
9.5499997e-10 -0.54243082
9.5249997e-10 -0.52726394
9.4999997e-10 -0.52101159
9.4749997e-10 -0.51386189
9.4499997e-10 -0.51191914
9.4249997e-10 -0.49994755
9.3999997e-10 -0.51002204
9.3749997e-10 -0.54901403
9.3499997e-10 -0.53372115
9.3249997e-10 -0.52120417
9.2999997e-10 -0.52952468
9.2749997e-10 -0.53371918
9.2499997e-10 -0.54908943
9.2249997e-10 -0.56339008
9.1999997e-10 -0.50649202
9.1749996e-10 -0.52451229
9.1499996e-10 -0.55527526
9.1249996e-10 -0.52750152
9.0999996e-10 -0.51933378
9.0749996e-10 -0.53426194
9.0499996e-10 -0.50487798
9.0249996e-10 -0.50806022
8.9999996e-10 -0.53108323
8.9749996e-10 -0.52615112
8.9499996e-10 -0.51344717
8.9249996e-10 -0.51489747
8.8999996e-10 -0.531187
8.8749996e-10 -0.49913076
8.8499996e-10 -0.52846169
8.8249996e-10 -0.54704714
8.7999996e-10 -0.52791202
8.7749996e-10 -0.51981527
8.7499996e-10 -0.52765357
8.7249996e-10 -0.49880964
8.6999996e-10 -0.49745938
8.6749996e-10 -0.53645301
8.6499996e-10 -0.55359828
8.6249996e-10 -0.57415414
8.5999996e-10 -0.49122977
8.5749996e-10 -0.53482628
8.5499996e-10 -0.51818866
8.5249996e-10 -0.55226684
8.4999996e-10 -0.55173123
8.4749996e-10 -0.51460874
8.4499996e-10 -0.50958633
8.4249996e-10 -0.5082131
8.3999996e-10 -0.56238288
8.3749996e-10 -0.53353846
8.3499996e-10 -0.50628549
8.3249996e-10 -0.50304008
8.2999996e-10 -0.51556349
8.2749996e-10 -0.50276208
8.2499996e-10 -0.5570268
8.2249996e-10 -0.53310651
8.1999996e-10 -0.53414661
8.1749996e-10 -0.52703476
8.1499996e-10 -0.53239113
8.1249996e-10 -0.51913661
8.0999996e-10 -0.55420446
8.0749996e-10 -0.55125815
8.0499996e-10 -0.54199034
8.0249996e-10 -0.5362525
7.9999996e-10 -0.53206396
7.9749995e-10 -0.54235518
7.9499995e-10 -0.55113453
7.9249995e-10 -0.5334788
7.8999995e-10 -0.55787921
7.8749995e-10 -0.51273221
7.8499995e-10 -0.51578861
7.8249995e-10 -0.5250178
7.7999995e-10 -0.51447511
7.7749995e-10 -0.54742301
7.7499995e-10 -0.52384818
7.7249995e-10 -0.53808022
7.6999995e-10 -0.5425691
7.6749995e-10 -0.53088474
7.6499995e-10 -0.52202839
7.6249995e-10 -0.55424249
7.5999995e-10 -0.52953094
7.5749995e-10 -0.54211777
7.5499995e-10 -0.5555461
7.5249995e-10 -0.53229624
7.4999995e-10 -0.50746083
7.4749995e-10 -0.52148503
7.4499995e-10 -0.55277669
7.4249995e-10 -0.50804514
7.3999995e-10 -0.5528965
7.3749995e-10 -0.55085844
7.3499995e-10 -0.5458653
7.3249995e-10 -0.54581416
7.2999995e-10 -0.53830028
7.2749995e-10 -0.55745482
7.2499995e-10 -0.5371986
7.2249995e-10 -0.52514893
7.1999995e-10 -0.54773563
7.1749995e-10 -0.5872817
7.1499995e-10 -0.5456925
7.1249995e-10 -0.53887135
7.0999995e-10 -0.566899
7.0749995e-10 -0.54968315
7.0499995e-10 -0.5475772
7.0249995e-10 -0.55446404
6.9999995e-10 -0.55035573
6.9749995e-10 -0.54433078
6.9499995e-10 -0.57341188
6.9249995e-10 -0.57263494
6.8999995e-10 -0.56386703
6.8749995e-10 -0.54800695
6.8499995e-10 -0.55701083
6.8249995e-10 -0.58860672
6.7999995e-10 -0.53930181
6.7749995e-10 -0.52287835
6.7499994e-10 -0.57398802
6.7249994e-10 -0.56611884
6.6999994e-10 -0.55073059
6.6749994e-10 -0.5519827
6.6499994e-10 -0.56490874
6.6249994e-10 -0.58720028
6.5999994e-10 -0.55992472
6.5749994e-10 -0.57508254
6.5499994e-10 -0.55603182
6.5249994e-10 -0.54005253
6.4999994e-10 -0.57557327
6.4749994e-10 -0.56892705
6.4499994e-10 -0.57833523
6.4249994e-10 -0.56935024
6.3999994e-10 -0.56996948
6.3749994e-10 -0.56910944
6.3499994e-10 -0.54584664
6.3249994e-10 -0.56676888
6.2999994e-10 -0.53910017
6.2749994e-10 -0.60376525
6.2499994e-10 -0.56628072
6.2249994e-10 -0.56184757
6.1999994e-10 -0.61273408
6.1749994e-10 -0.58715737
6.1499994e-10 -0.59226888
6.1249994e-10 -0.574489
6.0999994e-10 -0.57358873
6.0749994e-10 -0.57102209
6.0499994e-10 -0.55874258
6.0249994e-10 -0.54651535
5.9999994e-10 -0.54786754
5.9749994e-10 -0.54057914
5.9499994e-10 -0.5675323
5.9249994e-10 -0.61187637
5.8999994e-10 -0.54739422
5.8749994e-10 -0.57100552
5.8499994e-10 -0.575019
5.8249994e-10 -0.5707109
5.7999994e-10 -0.56298506
5.7749994e-10 -0.57521647
5.7499994e-10 -0.61150604
5.7249994e-10 -0.62145132
5.6999994e-10 -0.57936907
5.6749994e-10 -0.5724256
5.6499994e-10 -0.59948957
5.6249994e-10 -0.58584136
5.5999994e-10 -0.58212864
5.5749994e-10 -0.59962666
5.5499993e-10 -0.60296845
5.5249993e-10 -0.61636609
5.4999993e-10 -0.55658495
5.4749993e-10 -0.5993188
5.4499993e-10 -0.60313213
5.4249993e-10 -0.57893807
5.3999993e-10 -0.59005898
5.3749993e-10 -0.63772649
5.3499993e-10 -0.58950579
5.3249999e-10 -0.5979237
5.2999999e-10 -0.58615035
5.2749999e-10 -0.61005646
5.2499999e-10 -0.61063218
5.2249999e-10 -0.5861516
5.1999999e-10 -0.60398656
5.1749999e-10 -0.60963881
5.1499999e-10 -0.60953486
5.1249999e-10 -0.607687
5.0999999e-10 -0.64240712
5.0749999e-10 -0.59097254
5.0499999e-10 -0.62270522
5.0249999e-10 -0.59925187
4.9999999e-10 -0.61712629
4.9749999e-10 -0.61192542
4.9499999e-10 -0.62516409
4.9249999e-10 -0.61243093
4.8999999e-10 -0.6474095
4.8749998e-10 -0.64891869
4.8499998e-10 -0.6153428
4.8249998e-10 -0.61569822
4.7999998e-10 -0.65412992
4.7749998e-10 -0.62101543
4.7499998e-10 -0.63934404
4.7249998e-10 -0.63511062
4.6999998e-10 -0.61165631
4.6749998e-10 -0.63533473
4.6499998e-10 -0.61963636
4.6249998e-10 -0.64058685
4.5999998e-10 -0.63998622
4.5749998e-10 -0.64079231
4.5499998e-10 -0.64326453
4.5249998e-10 -0.66241145
4.4999998e-10 -0.64183432
4.4749998e-10 -0.66315365
4.4499998e-10 -0.6717785
4.4249998e-10 -0.58894145
4.3999998e-10 -0.65667695
4.3749998e-10 -0.64759278
4.3499998e-10 -0.64916348
4.3249998e-10 -0.65421116
4.2999998e-10 -0.66121185
4.2749998e-10 -0.63175148
4.2499998e-10 -0.65099883
4.2249998e-10 -0.65909618
4.1999998e-10 -0.66263646
4.1749998e-10 -0.65548527
4.1499998e-10 -0.66812205
4.1249998e-10 -0.66778553
4.0999998e-10 -0.65716499
4.0749998e-10 -0.6502561
4.0499998e-10 -0.64409971
4.0249998e-10 -0.66036344
3.9999998e-10 -0.69057858
3.9749998e-10 -0.69004619
3.9499998e-10 -0.66539192
3.9249998e-10 -0.67186433
3.8999998e-10 -0.67568624
3.8749998e-10 -0.65967923
3.8499998e-10 -0.68254405
3.8249998e-10 -0.66589743
3.7999998e-10 -0.68125731
3.7749998e-10 -0.69460064
3.7499998e-10 -0.72195196
3.7249998e-10 -0.67870516
3.6999998e-10 -0.70294976
3.6749997e-10 -0.69691247
3.6499997e-10 -0.71315408
3.6249997e-10 -0.68531549
3.5999997e-10 -0.69140577
3.5749997e-10 -0.72359627
3.5499997e-10 -0.69567442
3.5249997e-10 -0.71910393
3.4999997e-10 -0.70975226
3.4749997e-10 -0.7075628
3.4499997e-10 -0.71605551
3.4249997e-10 -0.73238099
3.3999997e-10 -0.71491128
3.3749997e-10 -0.7244426
3.3499997e-10 -0.72939587
3.3249997e-10 -0.69499373
3.2999997e-10 -0.73247248
3.2749997e-10 -0.72395998
3.2499997e-10 -0.71446586
3.2249997e-10 -0.73464745
3.1999997e-10 -0.75728655
3.1749997e-10 -0.74325532
3.1499997e-10 -0.76382494
3.1249997e-10 -0.76552075
3.0999997e-10 -0.75876158
3.0749997e-10 -0.77105612
3.0499997e-10 -0.75166559
3.0249997e-10 -0.76904088
2.9999997e-10 -0.78670108
2.9749997e-10 -0.75193912
2.9499997e-10 -0.7936188
2.9249997e-10 -0.78569412
2.8999997e-10 -0.76553065
2.8749997e-10 -0.8026334
2.8499997e-10 -0.78512341
2.8249997e-10 -0.78388464
2.7999997e-10 -0.84537029
2.7749997e-10 -0.82113576
2.7499997e-10 -0.81632453
2.7249997e-10 -0.84317565
2.6999997e-10 -0.8252784
2.6749997e-10 -0.81873095
2.6499997e-10 -0.8288542
2.6249997e-10 -0.83300525
2.5999997e-10 -0.81615686
2.5749997e-10 -0.84538275
2.5499997e-10 -0.84999514
2.5249997e-10 -0.8413623
2.4999997e-10 -0.86804777
2.4749996e-10 -0.86492079
2.4499996e-10 -0.8679285
2.4249996e-10 -0.88853651
2.3999996e-10 -0.83705145
2.3749996e-10 -0.88313586
2.3499996e-10 -0.88377118
2.3249996e-10 -0.91714668
2.2999996e-10 -0.91764194
2.2749996e-10 -0.90323824
2.2499996e-10 -0.89609843
2.2249996e-10 -0.90935194
2.1999996e-10 -0.88059324
2.1749996e-10 -0.91930777
2.1499996e-10 -0.9264105
2.1249996e-10 -0.91716093
2.0999996e-10 -0.91254145
2.0749996e-10 -0.92218322
2.0499996e-10 -0.90657157
2.0249996e-10 -0.93291312
1.9999996e-10 -0.93028337
1.9749996e-10 -0.91602612
1.9499996e-10 -0.94079405
1.9249996e-10 -0.93444675
1.8999996e-10 -0.93335849
1.8749996e-10 -0.97087353
1.8499996e-10 -0.9437061
1.8249996e-10 -0.94297135
1.7999996e-10 -0.94587362
1.7749996e-10 -0.9396534
1.7499996e-10 -0.93991596
1.7249996e-10 -0.94281763
1.6999996e-10 -0.94093573
1.6749996e-10 -0.95813107
1.6499996e-10 -0.97795945
1.6249996e-10 -0.9619084
1.5999996e-10 -0.96300995
1.5749996e-10 -0.97942007
1.5499996e-10 -0.95533884
1.5249996e-10 -0.96997839
1.4999996e-10 -0.95783454
1.4749996e-10 -0.96074492
1.4499996e-10 -0.96938735
1.4249996e-10 -0.98997504
1.3999996e-10 -0.98569447
1.3749996e-10 -0.95956671
1.3499996e-10 -0.98227632
1.3249996e-10 -0.99068731
1.2999996e-10 -0.99382424
1.2749996e-10 -0.97252816
1.2499995e-10 -0.9595567
1.2249995e-10 -0.96115583
1.1999995e-10 -0.97648454
1.1749995e-10 -0.99606687
1.1499995e-10 -0.97010148
1.1249995e-10 -0.99310869
1.0999995e-10 -0.9870888
1.0749995e-10 -1.0091885
1.0499995e-10 -0.99110907
1.0249995e-10 -1.0080574
9.9999953e-11 -1.0171717
9.7499953e-11 -1.0024383
9.4999952e-11 -1.0047064
9.2499952e-11 -1.0209113
8.9999952e-11 -1.0309893
8.7499952e-11 -1.0202264
8.4999952e-11 -1.036652
8.2499951e-11 -1.0442883
7.9999951e-11 -1.0683326
7.7499951e-11 -1.0663909
7.4999951e-11 -1.078046
7.249995e-11 -1.0865513
6.999995e-11 -1.0757641
6.7500006e-11 -1.0472075
6.5000005e-11 -1.0777071
6.2500005e-11 -1.0854056
6.0000005e-11 -1.0978158
5.7500005e-11 -1.125882
5.5000005e-11 -1.0699065
5.2500004e-11 -1.0935931
5.0000004e-11 -1.1079026
4.7500004e-11 -1.1162995
4.5000004e-11 -1.1570786
4.2500004e-11 -1.1290822
4.0000003e-11 -1.1189249
3.7500003e-11 -1.1210998
3.5000003e-11 -1.1809692
3.2500003e-11 -1.1467098
3.0000002e-11 -1.1615604
2.7500002e-11 -1.1617939
2.5000002e-11 -1.1686742
2.2500002e-11 -1.1619786
2.0000002e-11 -1.17616
1.7500001e-11 -1.2065891
1.5000001e-11 -1.2080973
1.2500001e-11 -1.2034798
1.0000001e-11 -1.1932199
7.5000006e-12 -1.1970038
5.0000004e-12 -1.2014555
2.5000002e-12 -1.2580342
0.0 -1.2533847
