9.9999997e-10 -0.51626551
9.9749997e-10 -0.52933902
9.9499997e-10 -0.54358304
9.9249997e-10 -0.52328306
9.8999997e-10 -0.51921934
9.8749997e-10 -0.51856053
9.8499997e-10 -0.54638982
9.8249997e-10 -0.51261896
9.7999997e-10 -0.51057035
9.7749997e-10 -0.54771256
9.7499997e-10 -0.50720364
9.7249997e-10 -0.51154941
9.6999997e-10 -0.52829593
9.6749997e-10 -0.51495832
9.6499997e-10 -0.54084784
9.6249997e-10 -0.52506769
9.5999997e-10 -0.52505249
9.5749997e-10 -0.54686069
9.5499997e-10 -0.52865225
9.5249997e-10 -0.53107154
9.4999997e-10 -0.52334505
9.4749997e-10 -0.52534902
9.4499997e-10 -0.53133827
9.4249997e-10 -0.53439021
9.3999997e-10 -0.51767004
9.3749997e-10 -0.5471074
9.3499997e-10 -0.52286494
9.3249997e-10 -0.55488515
9.2999997e-10 -0.50485128
9.2749997e-10 -0.55232024
9.2499997e-10 -0.52524108
9.2249997e-10 -0.53616804
9.1999997e-10 -0.50644451
9.1749996e-10 -0.51766425
9.1499996e-10 -0.51143873
9.1249996e-10 -0.51568413
9.0999996e-10 -0.53692704
9.0749996e-10 -0.51089233
9.0499996e-10 -0.54659724
9.0249996e-10 -0.53432661
8.9999996e-10 -0.53700596
8.9749996e-10 -0.51618612
8.9499996e-10 -0.54275143
8.9249996e-10 -0.52067053
8.8999996e-10 -0.52755827
8.8749996e-10 -0.51717943
8.8499996e-10 -0.50103486
8.8249996e-10 -0.52700359
8.7999996e-10 -0.52212352
8.7749996e-10 -0.52330428
8.7499996e-10 -0.53212219
8.7249996e-10 -0.51960564
8.6999996e-10 -0.56133103
8.6749996e-10 -0.52803439
8.6499996e-10 -0.50380534
8.6249996e-10 -0.50803834
8.5999996e-10 -0.50150406
8.5749996e-10 -0.52452916
8.5499996e-10 -0.55930203
8.5249996e-10 -0.51266146
8.4999996e-10 -0.5225184
8.4749996e-10 -0.52850658
8.4499996e-10 -0.520482
8.4249996e-10 -0.52481306
8.3999996e-10 -0.52014309
8.3749996e-10 -0.51897365
8.3499996e-10 -0.50328624
8.3249996e-10 -0.51643008
8.2999996e-10 -0.52829736
8.2749996e-10 -0.51397145
8.2499996e-10 -0.53666401
8.2249996e-10 -0.50444406
8.1999996e-10 -0.52691799
8.1749996e-10 -0.53609484
8.1499996e-10 -0.55632663
8.1249996e-10 -0.50899082
8.0999996e-10 -0.52432215
8.0749996e-10 -0.54596907
8.0499996e-10 -0.52846724
8.0249996e-10 -0.52240831
7.9999996e-10 -0.5158121
7.9749995e-10 -0.52256829
7.9499995e-10 -0.52293646
7.9249995e-10 -0.52671462
7.8999995e-10 -0.54514891
7.8749995e-10 -0.52123654
7.8499995e-10 -0.52666271
7.8249995e-10 -0.53531343
7.7999995e-10 -0.50885069
7.7749995e-10 -0.55727333
7.7499995e-10 -0.51675195
7.7249995e-10 -0.51136333
7.6999995e-10 -0.54115099
7.6749995e-10 -0.53171581
7.6499995e-10 -0.53896487
7.6249995e-10 -0.53299177
7.5999995e-10 -0.50855982
7.5749995e-10 -0.53402418
7.5499995e-10 -0.53449613
7.5249995e-10 -0.54416651
7.4999995e-10 -0.56295067
7.4749995e-10 -0.57237589
7.4499995e-10 -0.53075033
7.4249995e-10 -0.55022669
7.3999995e-10 -0.5522356
7.3749995e-10 -0.54184371
7.3499995e-10 -0.52418315
7.3249995e-10 -0.54693472
7.2999995e-10 -0.54698592
7.2749995e-10 -0.58620489
7.2499995e-10 -0.56463152
7.2249995e-10 -0.53884387
7.1999995e-10 -0.5162527
7.1749995e-10 -0.52475619
7.1499995e-10 -0.52688223
7.1249995e-10 -0.54291368
7.0999995e-10 -0.53521812
7.0749995e-10 -0.53456491
7.0499995e-10 -0.56109244
7.0249995e-10 -0.57212955
6.9999995e-10 -0.57820261
6.9749995e-10 -0.54744709
6.9499995e-10 -0.56374764
6.9249995e-10 -0.55309886
6.8999995e-10 -0.55921912
6.8749995e-10 -0.53536916
6.8499995e-10 -0.56140316
6.8249995e-10 -0.55352372
6.7999995e-10 -0.54462504
6.7749995e-10 -0.56927663
6.7499994e-10 -0.53209245
6.7249994e-10 -0.54669255
6.6999994e-10 -0.56917661
6.6749994e-10 -0.55561614
6.6499994e-10 -0.56887275
6.6249994e-10 -0.56253546
6.5999994e-10 -0.57964873
6.5749994e-10 -0.56032068
6.5499994e-10 -0.54683971
6.5249994e-10 -0.58981287
6.4999994e-10 -0.5594458
6.4749994e-10 -0.56046581
6.4499994e-10 -0.53788584
6.4249994e-10 -0.59080654
6.3999994e-10 -0.55221087
6.3749994e-10 -0.56600672
6.3499994e-10 -0.58633077
6.3249994e-10 -0.5649581
6.2999994e-10 -0.54656124
6.2749994e-10 -0.57116854
6.2499994e-10 -0.5638929
6.2249994e-10 -0.56203955
6.1999994e-10 -0.56930554
6.1749994e-10 -0.55687362
6.1499994e-10 -0.55843782
6.1249994e-10 -0.55671889
6.0999994e-10 -0.56723362
6.0749994e-10 -0.59291667
6.0499994e-10 -0.56897539
6.0249994e-10 -0.58792651
5.9999994e-10 -0.5676437
5.9749994e-10 -0.59220511
5.9499994e-10 -0.57442129
5.9249994e-10 -0.56694102
5.8999994e-10 -0.60173827
5.8749994e-10 -0.58347076
5.8499994e-10 -0.56710601
5.8249994e-10 -0.59607154
5.7999994e-10 -0.60397774
5.7749994e-10 -0.55756205
5.7499994e-10 -0.59321797
5.7249994e-10 -0.56974649
5.6999994e-10 -0.58967674
5.6749994e-10 -0.57586461
5.6499994e-10 -0.56636709
5.6249994e-10 -0.57035649
5.5999994e-10 -0.61509591
5.5749994e-10 -0.5961349
5.5499993e-10 -0.61120498
5.5249993e-10 -0.58691913
5.4999993e-10 -0.60378104
5.4749993e-10 -0.57748973
5.4499993e-10 -0.61588609
5.4249993e-10 -0.60436738
5.3999993e-10 -0.59543777
5.3749993e-10 -0.61760998
5.3499993e-10 -0.60592258
5.3249999e-10 -0.60074824
5.2999999e-10 -0.58790785
5.2749999e-10 -0.59201729
5.2499999e-10 -0.57408035
5.2249999e-10 -0.61294472
5.1999999e-10 -0.63499182
5.1749999e-10 -0.60624909
5.1499999e-10 -0.60015982
5.1249999e-10 -0.59910136
5.0999999e-10 -0.61703372
5.0749999e-10 -0.63107312
5.0499999e-10 -0.6143592
5.0249999e-10 -0.64794445
4.9999999e-10 -0.61591476
4.9749999e-10 -0.61341882
4.9499999e-10 -0.62899089
4.9249999e-10 -0.64154762
4.8999999e-10 -0.62400097
4.8749998e-10 -0.63361609
4.8499998e-10 -0.64693171
4.8249998e-10 -0.65176481
4.7999998e-10 -0.61462241
4.7749998e-10 -0.62159437
4.7499998e-10 -0.63629419
4.7249998e-10 -0.62081879
4.6999998e-10 -0.64786768
4.6749998e-10 -0.62706083
4.6499998e-10 -0.63175583
4.6249998e-10 -0.61590779
4.5999998e-10 -0.64527488
4.5749998e-10 -0.61827749
4.5499998e-10 -0.65310794
4.5249998e-10 -0.63592488
4.4999998e-10 -0.65828937
4.4749998e-10 -0.63490784
4.4499998e-10 -0.63851225
4.4249998e-10 -0.66352266
4.3999998e-10 -0.6346162
4.3749998e-10 -0.67553699
4.3499998e-10 -0.64110839
4.3249998e-10 -0.6252597
4.2999998e-10 -0.65200371
4.2749998e-10 -0.67093807
4.2499998e-10 -0.71442592
4.2249998e-10 -0.6491217
4.1999998e-10 -0.65654719
4.1749998e-10 -0.67105711
4.1499998e-10 -0.68153161
4.1249998e-10 -0.69442725
4.0999998e-10 -0.68628019
4.0749998e-10 -0.68159038
4.0499998e-10 -0.66148669
4.0249998e-10 -0.65946513
3.9999998e-10 -0.71500015
3.9749998e-10 -0.66725028
3.9499998e-10 -0.66889995
3.9249998e-10 -0.67291981
3.8999998e-10 -0.68513572
3.8749998e-10 -0.69784319
3.8499998e-10 -0.69699657
3.8249998e-10 -0.71054256
3.7999998e-10 -0.67327327
3.7749998e-10 -0.72667706
3.7499998e-10 -0.70087308
3.7249998e-10 -0.706343
3.6999998e-10 -0.68967813
3.6749997e-10 -0.69832307
3.6499997e-10 -0.69329703
3.6249997e-10 -0.69488418
3.5999997e-10 -0.71478772
3.5749997e-10 -0.73819482
3.5499997e-10 -0.71221215
3.5249997e-10 -0.69408578
3.4999997e-10 -0.70021123
3.4749997e-10 -0.72630256
3.4499997e-10 -0.73612404
3.4249997e-10 -0.73200828
3.3999997e-10 -0.7286787
3.3749997e-10 -0.70610595
3.3499997e-10 -0.71517515
3.3249997e-10 -0.70579171
3.2999997e-10 -0.69722289
3.2749997e-10 -0.74224323
3.2499997e-10 -0.75031054
3.2249997e-10 -0.75398386
3.1999997e-10 -0.70914918
3.1749997e-10 -0.75869012
3.1499997e-10 -0.7649889
3.1249997e-10 -0.75005454
3.0999997e-10 -0.7589519
3.0749997e-10 -0.72659093
3.0499997e-10 -0.76174271
3.0249997e-10 -0.78628737
2.9999997e-10 -0.77948338
2.9749997e-10 -0.74647468
2.9499997e-10 -0.75053591
2.9249997e-10 -0.78100312
2.8999997e-10 -0.73788756
2.8749997e-10 -0.71555698
2.8499997e-10 -0.77892601
2.8249997e-10 -0.76753932
2.7999997e-10 -0.78872222
2.7749997e-10 -0.7958774
2.7499997e-10 -0.77789438
2.7249997e-10 -0.78424078
2.6999997e-10 -0.79428494
2.6749997e-10 -0.81085867
2.6499997e-10 -0.80129141
2.6249997e-10 -0.80593902
2.5999997e-10 -0.77020842
2.5749997e-10 -0.77946872
2.5499997e-10 -0.82408315
2.5249997e-10 -0.81710881
2.4999997e-10 -0.79692054
2.4749996e-10 -0.80329686
2.4499996e-10 -0.81852406
2.4249996e-10 -0.80892533
2.3999996e-10 -0.79718697
2.3749996e-10 -0.82333666
2.3499996e-10 -0.84216595
2.3249996e-10 -0.84167778
2.2999996e-10 -0.82934129
2.2749996e-10 -0.80064368
2.2499996e-10 -0.84185892
2.2249996e-10 -0.81440872
2.1999996e-10 -0.83378977
2.1749996e-10 -0.81927383
2.1499996e-10 -0.85660368
2.1249996e-10 -0.86199141
2.0999996e-10 -0.84152406
2.0749996e-10 -0.86689919
2.0499996e-10 -0.84268445
2.0249996e-10 -0.83459866
1.9999996e-10 -0.85212582
1.9749996e-10 -0.89743161
1.9499996e-10 -0.85934651
1.9249996e-10 -0.88619739
1.8999996e-10 -0.86643785
1.8749996e-10 -0.8329758
1.8499996e-10 -0.89826322
1.8249996e-10 -0.90755206
1.7999996e-10 -0.90275753
1.7749996e-10 -0.88368034
1.7499996e-10 -0.89816511
1.7249996e-10 -0.88826793
1.6999996e-10 -0.89782852
1.6749996e-10 -0.90350407
1.6499996e-10 -0.87431818
1.6249996e-10 -0.93179607
1.5999996e-10 -0.9297961
1.5749996e-10 -0.9344334
1.5499996e-10 -0.93105286
1.5249996e-10 -0.92125022
1.4999996e-10 -0.92281055
1.4749996e-10 -0.94677621
1.4499996e-10 -0.90175307
1.4249996e-10 -0.93713659
1.3999996e-10 -0.91156989
1.3749996e-10 -0.92334902
1.3499996e-10 -0.96755677
1.3249996e-10 -0.97061962
1.2999996e-10 -0.95403272
1.2749996e-10 -0.96091694
1.2499995e-10 -0.96155405
1.2249995e-10 -0.9545424
1.1999995e-10 -0.95500296
1.1749995e-10 -0.96924073
1.1499995e-10 -0.94800681
1.1249995e-10 -1.0182698
1.0999995e-10 -0.99516821
1.0749995e-10 -0.99573112
1.0499995e-10 -1.0065317
1.0249995e-10 -0.97083813
9.9999953e-11 -1.0196749
9.7499953e-11 -1.0302366
9.4999952e-11 -1.0166934
9.2499952e-11 -1.0300883
8.9999952e-11 -1.0471781
8.7499952e-11 -1.054359
8.4999952e-11 -1.0345217
8.2499951e-11 -1.0562341
7.9999951e-11 -1.0510865
7.7499951e-11 -1.0752641
7.4999951e-11 -1.0632874
7.249995e-11 -1.0912277
6.999995e-11 -1.1138446
6.7500006e-11 -1.1081821
6.5000005e-11 -1.0867015
6.2500005e-11 -1.1191133
6.0000005e-11 -1.1409433
5.7500005e-11 -1.1443242
5.5000005e-11 -1.1343597
5.2500004e-11 -1.1296195
5.0000004e-11 -1.1763104
4.7500004e-11 -1.1548566
4.5000004e-11 -1.1851571
4.2500004e-11 -1.1790686
4.0000003e-11 -1.1705018
3.7500003e-11 -1.1953297
3.5000003e-11 -1.1667638
3.2500003e-11 -1.2299755
3.0000002e-11 -1.2364576
2.7500002e-11 -1.2586932
2.5000002e-11 -1.2356896
2.2500002e-11 -1.2353314
2.0000002e-11 -1.2429996
1.7500001e-11 -1.2613761
1.5000001e-11 -1.2900022
1.2500001e-11 -1.2966878
1.0000001e-11 -1.2827306
7.5000006e-12 -1.275926
5.0000004e-12 -1.3241178
2.5000002e-12 -1.3369216
0.0 -1.3350091
