9.9999997e-10 -0.51208597
9.9749997e-10 -0.48656929
9.9499997e-10 -0.49838611
9.9249997e-10 -0.48626909
9.8999997e-10 -0.50486404
9.8749997e-10 -0.51469088
9.8499997e-10 -0.50031281
9.8249997e-10 -0.51331091
9.7999997e-10 -0.51431346
9.7749997e-10 -0.49054751
9.7499997e-10 -0.51306665
9.7249997e-10 -0.50116432
9.6999997e-10 -0.49555537
9.6749997e-10 -0.4949401
9.6499997e-10 -0.51004207
9.6249997e-10 -0.47620165
9.5999997e-10 -0.47271979
9.5749997e-10 -0.4902702
9.5499997e-10 -0.5199697
9.5249997e-10 -0.51534766
9.4999997e-10 -0.50455457
9.4749997e-10 -0.5140903
9.4499997e-10 -0.50578606
9.4249997e-10 -0.49844509
9.3999997e-10 -0.50410342
9.3749997e-10 -0.507101
9.3499997e-10 -0.49724764
9.3249997e-10 -0.52934521
9.2999997e-10 -0.48918852
9.2749997e-10 -0.51279753
9.2499997e-10 -0.50065345
9.2249997e-10 -0.48106274
9.1999997e-10 -0.49549481
9.1749996e-10 -0.50402862
9.1499996e-10 -0.4992995
9.1249996e-10 -0.48182976
9.0999996e-10 -0.53632772
9.0749996e-10 -0.52146953
9.0499996e-10 -0.47425169
9.0249996e-10 -0.49267939
8.9999996e-10 -0.54275608
8.9749996e-10 -0.46104085
8.9499996e-10 -0.50307608
8.9249996e-10 -0.50953424
8.8999996e-10 -0.50327241
8.8749996e-10 -0.44365746
8.8499996e-10 -0.50846678
8.8249996e-10 -0.53991014
8.7999996e-10 -0.50987566
8.7749996e-10 -0.50154495
8.7499996e-10 -0.53000462
8.7249996e-10 -0.50910878
8.6999996e-10 -0.52345717
8.6749996e-10 -0.49276578
8.6499996e-10 -0.51623529
8.6249996e-10 -0.49395397
8.5999996e-10 -0.51445806
8.5749996e-10 -0.49814221
8.5499996e-10 -0.50341773
8.5249996e-10 -0.50848317
8.4999996e-10 -0.49542144
8.4749996e-10 -0.49524763
8.4499996e-10 -0.51038963
8.4249996e-10 -0.51735049
8.3999996e-10 -0.49035099
8.3749996e-10 -0.50606501
8.3499996e-10 -0.53935927
8.3249996e-10 -0.52130747
8.2999996e-10 -0.5204345
8.2749996e-10 -0.49766576
8.2499996e-10 -0.50889528
8.2249996e-10 -0.53888637
8.1999996e-10 -0.53055483
8.1749996e-10 -0.50696087
8.1499996e-10 -0.51255453
8.1249996e-10 -0.51126909
8.0999996e-10 -0.52179694
8.0749996e-10 -0.52333033
8.0499996e-10 -0.51855975
8.0249996e-10 -0.55130231
7.9999996e-10 -0.53546035
7.9749995e-10 -0.53865105
7.9499995e-10 -0.50206465
7.9249995e-10 -0.51705879
7.8999995e-10 -0.5306322
7.8749995e-10 -0.54504198
7.8499995e-10 -0.53641295
7.8249995e-10 -0.51620466
7.7999995e-10 -0.54532444
7.7749995e-10 -0.53210872
7.7499995e-10 -0.53157854
7.7249995e-10 -0.51810992
7.6999995e-10 -0.49610382
7.6749995e-10 -0.54541469
7.6499995e-10 -0.54453194
7.6249995e-10 -0.5315665
7.5999995e-10 -0.50816387
7.5749995e-10 -0.53569782
7.5499995e-10 -0.53446931
7.5249995e-10 -0.54427969
7.4999995e-10 -0.51665002
7.4749995e-10 -0.50988078
7.4499995e-10 -0.53320771
7.4249995e-10 -0.50221074
7.3999995e-10 -0.55325913
7.3749995e-10 -0.53993171
7.3499995e-10 -0.52897006
7.3249995e-10 -0.54575145
7.2999995e-10 -0.55042648
7.2749995e-10 -0.52292562
7.2499995e-10 -0.56957281
7.2249995e-10 -0.56651896
7.1999995e-10 -0.5279001
7.1749995e-10 -0.54619861
7.1499995e-10 -0.53025138
7.1249995e-10 -0.54687166
7.0999995e-10 -0.54891586
7.0749995e-10 -0.50760198
7.0499995e-10 -0.53905755
7.0249995e-10 -0.55342335
6.9999995e-10 -0.58352405
6.9749995e-10 -0.5342927
6.9499995e-10 -0.56063581
6.9249995e-10 -0.53409779
6.8999995e-10 -0.5537293
6.8749995e-10 -0.54645902
6.8499995e-10 -0.54066604
6.8249995e-10 -0.56784558
6.7999995e-10 -0.53291994
6.7749995e-10 -0.55840671
6.7499994e-10 -0.55746454
6.7249994e-10 -0.53669256
6.6999994e-10 -0.56826222
6.6749994e-10 -0.56566894
6.6499994e-10 -0.55469602
6.6249994e-10 -0.55337811
6.5999994e-10 -0.58515197
6.5749994e-10 -0.55600744
6.5499994e-10 -0.55795759
6.5249994e-10 -0.54415536
6.4999994e-10 -0.56877452
6.4749994e-10 -0.57716608
6.4499994e-10 -0.55843449
6.4249994e-10 -0.5343284
6.3999994e-10 -0.5951311
6.3749994e-10 -0.57820928
6.3499994e-10 -0.52544355
6.3249994e-10 -0.53095824
6.2999994e-10 -0.5803563
6.2749994e-10 -0.59245807
6.2499994e-10 -0.5769493
6.2249994e-10 -0.5603916
6.1999994e-10 -0.55857366
6.1749994e-10 -0.57718563
6.1499994e-10 -0.5590207
6.1249994e-10 -0.5795005
6.0999994e-10 -0.56855589
6.0749994e-10 -0.57239133
6.0499994e-10 -0.60264993
6.0249994e-10 -0.56378907
5.9999994e-10 -0.57618493
5.9749994e-10 -0.598216
5.9499994e-10 -0.58780193
5.9249994e-10 -0.58807123
5.8999994e-10 -0.5758462
5.8749994e-10 -0.59742802
5.8499994e-10 -0.59246773
5.8249994e-10 -0.6174649
5.7999994e-10 -0.59451509
5.7749994e-10 -0.59241426
5.7499994e-10 -0.59611064
5.7249994e-10 -0.60269535
5.6999994e-10 -0.6096499
5.6749994e-10 -0.56599516
5.6499994e-10 -0.57446826
5.6249994e-10 -0.6025272
5.5999994e-10 -0.58552265
5.5749994e-10 -0.56207526
5.5499993e-10 -0.60020632
5.5249993e-10 -0.5824641
5.4999993e-10 -0.61572456
5.4749993e-10 -0.60834694
5.4499993e-10 -0.57672995
5.4249993e-10 -0.61451226
5.3999993e-10 -0.59834242
5.3749993e-10 -0.59139705
5.3499993e-10 -0.60292125
5.3249999e-10 -0.62042868
5.2999999e-10 -0.62546784
5.2749999e-10 -0.57993656
5.2499999e-10 -0.62970686
5.2249999e-10 -0.56884426
5.1999999e-10 -0.62836212
5.1749999e-10 -0.60967296
5.1499999e-10 -0.61825722
5.1249999e-10 -0.59134614
5.0999999e-10 -0.61722946
5.0749999e-10 -0.61422563
5.0499999e-10 -0.59531707
5.0249999e-10 -0.62389636
4.9999999e-10 -0.60905856
4.9749999e-10 -0.62484837
4.9499999e-10 -0.61783814
4.9249999e-10 -0.60993433
4.8999999e-10 -0.62264043
4.8749998e-10 -0.61647373
4.8499998e-10 -0.63213962
4.8249998e-10 -0.58367729
4.7999998e-10 -0.61877578
4.7749998e-10 -0.62049055
4.7499998e-10 -0.62852317
4.7249998e-10 -0.64580882
4.6999998e-10 -0.64177155
4.6749998e-10 -0.66027623
4.6499998e-10 -0.66353977
4.6249998e-10 -0.6236397
4.5999998e-10 -0.63288569
4.5749998e-10 -0.67920703
4.5499998e-10 -0.65754539
4.5249998e-10 -0.62876821
4.4999998e-10 -0.6387496
4.4749998e-10 -0.64164835
4.4499998e-10 -0.64159185
4.4249998e-10 -0.65543461
4.3999998e-10 -0.6310299
4.3749998e-10 -0.67887348
4.3499998e-10 -0.6391412
4.3249998e-10 -0.66723502
4.2999998e-10 -0.65629029
4.2749998e-10 -0.6098845
4.2499998e-10 -0.66079962
4.2249998e-10 -0.65526694
4.1999998e-10 -0.64350349
4.1749998e-10 -0.67362422
4.1499998e-10 -0.67022586
4.1249998e-10 -0.70665056
4.0999998e-10 -0.66508919
4.0749998e-10 -0.70655996
4.0499998e-10 -0.69474196
4.0249998e-10 -0.70193052
3.9999998e-10 -0.68596768
3.9749998e-10 -0.67303073
3.9499998e-10 -0.72908044
3.9249998e-10 -0.68476468
3.8999998e-10 -0.66114235
3.8749998e-10 -0.69512063
3.8499998e-10 -0.69393528
3.8249998e-10 -0.7008239
3.7999998e-10 -0.704364
3.7749998e-10 -0.69513202
3.7499998e-10 -0.67267841
3.7249998e-10 -0.71110785
3.6999998e-10 -0.67937338
3.6749997e-10 -0.68066287
3.6499997e-10 -0.70629013
3.6249997e-10 -0.70683801
3.5999997e-10 -0.71992069
3.5749997e-10 -0.69734228
3.5499997e-10 -0.70191729
3.5249997e-10 -0.7197845
3.4999997e-10 -0.70984679
3.4749997e-10 -0.74414378
3.4499997e-10 -0.7226761
3.4249997e-10 -0.73858297
3.3999997e-10 -0.71927017
3.3749997e-10 -0.72304738
3.3499997e-10 -0.71391058
3.3249997e-10 -0.72394556
3.2999997e-10 -0.7515254
3.2749997e-10 -0.72885716
3.2499997e-10 -0.71698034
3.2249997e-10 -0.69842112
3.1999997e-10 -0.74362165
3.1749997e-10 -0.73705047
3.1499997e-10 -0.75226617
3.1249997e-10 -0.75730258
3.0999997e-10 -0.73784536
3.0749997e-10 -0.74569374
3.0499997e-10 -0.74036181
3.0249997e-10 -0.75489551
2.9999997e-10 -0.75797099
2.9749997e-10 -0.77514386
2.9499997e-10 -0.75290745
2.9249997e-10 -0.75529766
2.8999997e-10 -0.75416535
2.8749997e-10 -0.74341583
2.8499997e-10 -0.75449955
2.8249997e-10 -0.77939993
2.7999997e-10 -0.77484077
2.7749997e-10 -0.7668916
2.7499997e-10 -0.78198725
2.7249997e-10 -0.7977398
2.6999997e-10 -0.78547031
2.6749997e-10 -0.81512594
2.6499997e-10 -0.81153417
2.6249997e-10 -0.75866616
2.5999997e-10 -0.77182794
2.5749997e-10 -0.82688707
2.5499997e-10 -0.79244667
2.5249997e-10 -0.80147547
2.4999997e-10 -0.77977586
2.4749996e-10 -0.80252898
2.4499996e-10 -0.79780495
2.4249996e-10 -0.81976807
2.3999996e-10 -0.78394228
2.3749996e-10 -0.83874714
2.3499996e-10 -0.81393975
2.3249996e-10 -0.81424671
2.2999996e-10 -0.80410314
2.2749996e-10 -0.79384136
2.2499996e-10 -0.79946965
2.2249996e-10 -0.81732047
2.1999996e-10 -0.81528157
2.1749996e-10 -0.82784802
2.1499996e-10 -0.83871925
2.1249996e-10 -0.82156724
2.0999996e-10 -0.83463806
2.0749996e-10 -0.84224838
2.0499996e-10 -0.85734302
2.0249996e-10 -0.84933776
1.9999996e-10 -0.85228097
1.9749996e-10 -0.85817355
1.9499996e-10 -0.85551167
1.9249996e-10 -0.85867256
1.8999996e-10 -0.87999564
1.8749996e-10 -0.8996076
1.8499996e-10 -0.86771441
1.8249996e-10 -0.8736316
1.7999996e-10 -0.86833364
1.7749996e-10 -0.8846007
1.7499996e-10 -0.88749671
1.7249996e-10 -0.8923074
1.6999996e-10 -0.86950439
1.6749996e-10 -0.89292771
1.6499996e-10 -0.89333153
1.6249996e-10 -0.91483057
1.5999996e-10 -0.90972447
1.5749996e-10 -0.93104666
1.5499996e-10 -0.94792026
1.5249996e-10 -0.92218608
1.4999996e-10 -0.91554236
1.4749996e-10 -0.93065733
1.4499996e-10 -0.93427193
1.4249996e-10 -0.97524905
1.3999996e-10 -0.92876589
1.3749996e-10 -0.92810702
1.3499996e-10 -0.94355482
1.3249996e-10 -0.93503475
1.2999996e-10 -0.96470869
1.2749996e-10 -0.960527
1.2499995e-10 -0.96647465
1.2249995e-10 -0.94961029
1.1999995e-10 -0.94971132
1.1749995e-10 -0.95313597
1.1499995e-10 -0.97176361
1.1249995e-10 -0.95728952
1.0999995e-10 -0.97340512
1.0749995e-10 -0.97116834
1.0499995e-10 -0.98629147
1.0249995e-10 -0.97731775
9.9999953e-11 -1.0249363
9.7499953e-11 -0.99402279
9.4999952e-11 -1.0226368
9.2499952e-11 -1.029009
8.9999952e-11 -0.9996925
8.7499952e-11 -1.0116581
8.4999952e-11 -1.0366632
8.2499951e-11 -1.0447214
7.9999951e-11 -1.0342638
7.7499951e-11 -1.0660856
7.4999951e-11 -1.0490906
7.249995e-11 -1.060638
6.999995e-11 -1.057303
6.7500006e-11 -1.0369513
6.5000005e-11 -1.0438671
6.2500005e-11 -1.1048497
6.0000005e-11 -1.1026442
5.7500005e-11 -1.0660096
5.5000005e-11 -1.1106273
5.2500004e-11 -1.0850424
5.0000004e-11 -1.0999409
4.7500004e-11 -1.1118145
4.5000004e-11 -1.0866233
4.2500004e-11 -1.1005996
4.0000003e-11 -1.11185
3.7500003e-11 -1.1346217
3.5000003e-11 -1.1042781
3.2500003e-11 -1.1572508
3.0000002e-11 -1.1359065
2.7500002e-11 -1.1677611
2.5000002e-11 -1.1545298
2.2500002e-11 -1.1560925
2.0000002e-11 -1.1554884
1.7500001e-11 -1.1687959
1.5000001e-11 -1.183364
1.2500001e-11 -1.1844043
1.0000001e-11 -1.1635222
7.5000006e-12 -1.2289298
5.0000004e-12 -1.1987289
2.5000002e-12 -1.1933295
0.0 -1.2367933
