9.9999997e-10 -0.49596295
9.9749997e-10 -0.5268352
9.9499997e-10 -0.54478312
9.9249997e-10 -0.51950461
9.8999997e-10 -0.50543743
9.8749997e-10 -0.51319617
9.8499997e-10 -0.49842346
9.8249997e-10 -0.5218156
9.7999997e-10 -0.52910829
9.7749997e-10 -0.50305396
9.7499997e-10 -0.51552129
9.7249997e-10 -0.53669763
9.6999997e-10 -0.50503993
9.6749997e-10 -0.51202285
9.6499997e-10 -0.48934796
9.6249997e-10 -0.51860034
9.5999997e-10 -0.50590807
9.5749997e-10 -0.51623255
9.5499997e-10 -0.51361305
9.5249997e-10 -0.49928054
9.4999997e-10 -0.50719696
9.4749997e-10 -0.47740662
9.4499997e-10 -0.52676755
9.4249997e-10 -0.48528665
9.3999997e-10 -0.48914593
9.3749997e-10 -0.49327213
9.3499997e-10 -0.50378734
9.3249997e-10 -0.52721465
9.2999997e-10 -0.50597161
9.2749997e-10 -0.51601744
9.2499997e-10 -0.53545678
9.2249997e-10 -0.51078856
9.1999997e-10 -0.56076264
9.1749996e-10 -0.49965382
9.1499996e-10 -0.5187518
9.1249996e-10 -0.52079523
9.0999996e-10 -0.5410164
9.0749996e-10 -0.56214786
9.0499996e-10 -0.5458402
9.0249996e-10 -0.51430422
8.9999996e-10 -0.52932936
8.9749996e-10 -0.56023645
8.9499996e-10 -0.54289758
8.9249996e-10 -0.52422816
8.8999996e-10 -0.51712698
8.8749996e-10 -0.5210762
8.8499996e-10 -0.54237384
8.8249996e-10 -0.52726102
8.7999996e-10 -0.54333532
8.7749996e-10 -0.51942003
8.7499996e-10 -0.546579
8.7249996e-10 -0.52959901
8.6999996e-10 -0.55064023
8.6749996e-10 -0.53170657
8.6499996e-10 -0.53927541
8.6249996e-10 -0.55027336
8.5999996e-10 -0.5506767
8.5749996e-10 -0.57104307
8.5499996e-10 -0.54244781
8.5249996e-10 -0.54741645
8.4999996e-10 -0.54767436
8.4749996e-10 -0.54399347
8.4499996e-10 -0.5551008
8.4249996e-10 -0.54313552
8.3999996e-10 -0.54884607
8.3749996e-10 -0.52106386
8.3499996e-10 -0.54454774
8.3249996e-10 -0.53049546
8.2999996e-10 -0.54542893
8.2749996e-10 -0.5038259
8.2499996e-10 -0.49798688
8.2249996e-10 -0.51524097
8.1999996e-10 -0.53872406
8.1749996e-10 -0.55331618
8.1499996e-10 -0.57380551
8.1249996e-10 -0.55431128
8.0999996e-10 -0.54090858
8.0749996e-10 -0.55801231
8.0499996e-10 -0.55730247
8.0249996e-10 -0.58539963
7.9999996e-10 -0.55523437
7.9749995e-10 -0.55742621
7.9499995e-10 -0.54557109
7.9249995e-10 -0.55297279
7.8999995e-10 -0.5347265
7.8749995e-10 -0.52829111
7.8499995e-10 -0.573309
7.8249995e-10 -0.54875785
7.7999995e-10 -0.58292383
7.7749995e-10 -0.54647213
7.7499995e-10 -0.55699062
7.7249995e-10 -0.52487427
7.6999995e-10 -0.55018902
7.6749995e-10 -0.52872324
7.6499995e-10 -0.56839824
7.6249995e-10 -0.57603711
7.5999995e-10 -0.53856504
7.5749995e-10 -0.55470729
7.5499995e-10 -0.5481174
7.5249995e-10 -0.54826337
7.4999995e-10 -0.54110962
7.4749995e-10 -0.54774702
7.4499995e-10 -0.58462197
7.4249995e-10 -0.56930596
7.3999995e-10 -0.5764693
7.3749995e-10 -0.55512422
7.3499995e-10 -0.56752729
7.3249995e-10 -0.57542908
7.2999995e-10 -0.57865179
7.2749995e-10 -0.54487687
7.2499995e-10 -0.59808123
7.2249995e-10 -0.57027072
7.1999995e-10 -0.58814007
7.1749995e-10 -0.56946212
7.1499995e-10 -0.54846358
7.1249995e-10 -0.57539034
7.0999995e-10 -0.57350177
7.0749995e-10 -0.58298808
7.0499995e-10 -0.55964309
7.0249995e-10 -0.6045453
6.9999995e-10 -0.58842063
6.9749995e-10 -0.56390995
6.9499995e-10 -0.59494519
6.9249995e-10 -0.58229476
6.8999995e-10 -0.55957448
6.8749995e-10 -0.62170392
6.8499995e-10 -0.57487577
6.8249995e-10 -0.57382184
6.7999995e-10 -0.58326
6.7749995e-10 -0.57896054
6.7499994e-10 -0.59151137
6.7249994e-10 -0.54256701
6.6999994e-10 -0.62256372
6.6749994e-10 -0.60194665
6.6499994e-10 -0.570328
6.6249994e-10 -0.59695506
6.5999994e-10 -0.57114196
6.5749994e-10 -0.54632175
6.5499994e-10 -0.57046884
6.5249994e-10 -0.60756677
6.4999994e-10 -0.64094913
6.4749994e-10 -0.59688491
6.4499994e-10 -0.56968331
6.4249994e-10 -0.5930661
6.3999994e-10 -0.62261409
6.3749994e-10 -0.58673763
6.3499994e-10 -0.62390494
6.3249994e-10 -0.62012601
6.2999994e-10 -0.59880179
6.2749994e-10 -0.61029065
6.2499994e-10 -0.6062482
6.2249994e-10 -0.61214143
6.1999994e-10 -0.64132053
6.1749994e-10 -0.62439084
6.1499994e-10 -0.59099734
6.1249994e-10 -0.6164636
6.0999994e-10 -0.62044418
6.0749994e-10 -0.61743569
6.0499994e-10 -0.5782271
6.0249994e-10 -0.58679456
5.9999994e-10 -0.61065859
5.9749994e-10 -0.61375928
5.9499994e-10 -0.61499941
5.9249994e-10 -0.61198384
5.8999994e-10 -0.58359796
5.8749994e-10 -0.61146623
5.8499994e-10 -0.62991083
5.8249994e-10 -0.59376037
5.7999994e-10 -0.61170495
5.7749994e-10 -0.60640252
5.7499994e-10 -0.62328386
5.7249994e-10 -0.64459193
5.6999994e-10 -0.62250888
5.6749994e-10 -0.6282171
5.6499994e-10 -0.59531224
5.6249994e-10 -0.60413027
5.5999994e-10 -0.62424076
5.5749994e-10 -0.64604855
5.5499993e-10 -0.60662615
5.5249993e-10 -0.62879652
5.4999993e-10 -0.60325259
5.4749993e-10 -0.61122704
5.4499993e-10 -0.62579912
5.4249993e-10 -0.63730234
5.3999993e-10 -0.65869796
5.3749993e-10 -0.61936671
5.3499993e-10 -0.61680949
5.3249999e-10 -0.63584256
5.2999999e-10 -0.65847939
5.2749999e-10 -0.60105038
5.2499999e-10 -0.6227656
5.2249999e-10 -0.63981366
5.1999999e-10 -0.63799798
5.1749999e-10 -0.62569761
5.1499999e-10 -0.64042926
5.1249999e-10 -0.62951583
5.0999999e-10 -0.6234079
5.0749999e-10 -0.62500638
5.0499999e-10 -0.64056444
5.0249999e-10 -0.64903837
4.9999999e-10 -0.6292994
4.9749999e-10 -0.66197824
4.9499999e-10 -0.64295202
4.9249999e-10 -0.63546187
4.8999999e-10 -0.64088005
4.8749998e-10 -0.64772671
4.8499998e-10 -0.65487117
4.8249998e-10 -0.62891269
4.7999998e-10 -0.63496143
4.7749998e-10 -0.63537937
4.7499998e-10 -0.65888208
4.7249998e-10 -0.67898422
4.6999998e-10 -0.66006649
4.6749998e-10 -0.64629781
4.6499998e-10 -0.67662233
4.6249998e-10 -0.65103191
4.5999998e-10 -0.66219532
4.5749998e-10 -0.66096199
4.5499998e-10 -0.68697733
4.5249998e-10 -0.63218659
4.4999998e-10 -0.66593349
4.4749998e-10 -0.67562056
4.4499998e-10 -0.68094814
4.4249998e-10 -0.66298735
4.3999998e-10 -0.67127383
4.3749998e-10 -0.7000466
4.3499998e-10 -0.65350997
4.3249998e-10 -0.68168926
4.2999998e-10 -0.68529034
4.2749998e-10 -0.67313969
4.2499998e-10 -0.65767878
4.2249998e-10 -0.67524964
4.1999998e-10 -0.66713017
4.1749998e-10 -0.66102302
4.1499998e-10 -0.70396388
4.1249998e-10 -0.70489341
4.0999998e-10 -0.68379927
4.0749998e-10 -0.70824569
4.0499998e-10 -0.7170518
4.0249998e-10 -0.72945017
3.9999998e-10 -0.67216885
3.9749998e-10 -0.69917405
3.9499998e-10 -0.71870422
3.9249998e-10 -0.69626063
3.8999998e-10 -0.71974361
3.8749998e-10 -0.72416788
3.8499998e-10 -0.77487892
3.8249998e-10 -0.7547946
3.7999998e-10 -0.72395134
3.7749998e-10 -0.78653109
3.7499998e-10 -0.71056461
3.7249998e-10 -0.70158166
3.6999998e-10 -0.73164231
3.6749997e-10 -0.74351728
3.6499997e-10 -0.77797198
3.6249997e-10 -0.75249237
3.5999997e-10 -0.77557427
3.5749997e-10 -0.77357525
3.5499997e-10 -0.78470188
3.5249997e-10 -0.77805626
3.4999997e-10 -0.78632593
3.4749997e-10 -0.77552414
3.4499997e-10 -0.79769146
3.4249997e-10 -0.80027205
3.3999997e-10 -0.78144509
3.3749997e-10 -0.85529763
3.3499997e-10 -0.79900038
3.3249997e-10 -0.79603076
3.2999997e-10 -0.84326935
3.2749997e-10 -0.80510175
3.2499997e-10 -0.80407935
3.2249997e-10 -0.82417881
3.1999997e-10 -0.82410389
3.1749997e-10 -0.85147202
3.1499997e-10 -0.82823724
3.1249997e-10 -0.84020585
3.0999997e-10 -0.8489269
3.0749997e-10 -0.83094943
3.0499997e-10 -0.84552801
3.0249997e-10 -0.84051961
2.9999997e-10 -0.85227013
2.9749997e-10 -0.85358191
2.9499997e-10 -0.83095413
2.9249997e-10 -0.85131228
2.8999997e-10 -0.85918385
2.8749997e-10 -0.86596644
2.8499997e-10 -0.84272587
2.8249997e-10 -0.86260152
2.7999997e-10 -0.87844491
2.7749997e-10 -0.86143517
2.7499997e-10 -0.8787691
2.7249997e-10 -0.90202123
2.6999997e-10 -0.92871857
2.6749997e-10 -0.91073024
2.6499997e-10 -0.89477772
2.6249997e-10 -0.89774317
2.5999997e-10 -0.90813643
2.5749997e-10 -0.85394454
2.5499997e-10 -0.88779962
2.5249997e-10 -0.88620728
2.4999997e-10 -0.92374581
2.4749996e-10 -0.91198707
2.4499996e-10 -0.93785101
2.4249996e-10 -0.88840759
2.3999996e-10 -0.91649514
2.3749996e-10 -0.90692782
2.3499996e-10 -0.9030897
2.3249996e-10 -0.92487055
2.2999996e-10 -0.94813591
2.2749996e-10 -0.92874897
2.2499996e-10 -0.90288657
2.2249996e-10 -0.93137991
2.1999996e-10 -0.92562312
2.1749996e-10 -0.91626436
2.1499996e-10 -0.92169213
2.1249996e-10 -0.92902529
2.0999996e-10 -0.91791755
2.0749996e-10 -0.93295175
2.0499996e-10 -0.94788265
2.0249996e-10 -0.93733865
1.9999996e-10 -0.92545086
1.9749996e-10 -0.93547791
1.9499996e-10 -0.9504475
1.9249996e-10 -0.90407938
1.8999996e-10 -0.93446416
1.8749996e-10 -0.90260917
1.8499996e-10 -0.90847355
1.8249996e-10 -0.90777582
1.7999996e-10 -0.91873938
1.7749996e-10 -0.93434179
1.7499996e-10 -0.94519871
1.7249996e-10 -0.91496074
1.6999996e-10 -0.92546892
1.6749996e-10 -0.93260461
1.6499996e-10 -0.93725264
1.6249996e-10 -0.93799222
1.5999996e-10 -0.94133961
1.5749996e-10 -0.95539874
1.5499996e-10 -0.91434348
1.5249996e-10 -0.9339866
1.4999996e-10 -0.96228629
1.4749996e-10 -0.96773684
1.4499996e-10 -0.96453512
1.4249996e-10 -0.91948295
1.3999996e-10 -0.98867118
1.3749996e-10 -0.95765185
1.3499996e-10 -0.98029673
1.3249996e-10 -0.95065618
1.2999996e-10 -0.97150195
1.2749996e-10 -0.97974592
1.2499995e-10 -0.96877033
1.2249995e-10 -0.98303646
1.1999995e-10 -0.98217756
1.1749995e-10 -0.9887597
1.1499995e-10 -1.0429426
1.1249995e-10 -1.0005151
1.0999995e-10 -1.0328513
1.0749995e-10 -1.0176346
1.0499995e-10 -1.0167333
1.0249995e-10 -1.0097827
9.9999953e-11 -1.0348729
9.7499953e-11 -1.0393571
9.4999952e-11 -1.0329475
9.2499952e-11 -1.0367205
8.9999952e-11 -1.0454082
8.7499952e-11 -1.0670168
8.4999952e-11 -1.0784377
8.2499951e-11 -1.0515964
7.9999951e-11 -1.0527891
7.7499951e-11 -1.0960044
7.4999951e-11 -1.0616425
7.249995e-11 -1.0960574
6.999995e-11 -1.0646
6.7500006e-11 -1.1036326
6.5000005e-11 -1.08188
6.2500005e-11 -1.0901949
6.0000005e-11 -1.112012
5.7500005e-11 -1.1396601
5.5000005e-11 -1.1151018
5.2500004e-11 -1.1230762
5.0000004e-11 -1.1735536
4.7500004e-11 -1.1586509
4.5000004e-11 -1.1468956
4.2500004e-11 -1.1930239
4.0000003e-11 -1.141917
3.7500003e-11 -1.1597387
3.5000003e-11 -1.2060564
3.2500003e-11 -1.1598375
3.0000002e-11 -1.1510822
2.7500002e-11 -1.1592298
2.5000002e-11 -1.1575047
2.2500002e-11 -1.1631856
2.0000002e-11 -1.2052596
1.7500001e-11 -1.223918
1.5000001e-11 -1.2076708
1.2500001e-11 -1.1913521
1.0000001e-11 -1.2480102
7.5000006e-12 -1.2322098
5.0000004e-12 -1.2047877
2.5000002e-12 -1.2362843
0.0 -1.2646819
