0.0 -1.1050191
2.5000002e-12 -1.1852323
5.0000004e-12 -1.1542125
7.5000006e-12 -1.1459069
1.0000001e-11 -1.1848695
1.2500001e-11 -1.1310531
1.5000001e-11 -1.1265436
1.7500001e-11 -1.1716264
2.0000002e-11 -1.0578215
2.2500002e-11 -1.1477969
2.5000002e-11 -1.174173
2.7500002e-11 -1.1069129
3.0000002e-11 -1.0834063
3.2500003e-11 -1.130932
3.5000003e-11 -1.1154164
3.7500003e-11 -1.092401
4.0000003e-11 -1.1725776
4.2500004e-11 -1.0952492
4.5000004e-11 -1.0555574
4.7500004e-11 -1.057848
5.0000004e-11 -1.1638308
5.2500004e-11 -1.1167539
5.5000005e-11 -1.0843384
5.7500005e-11 -1.1109703
6.0000005e-11 -1.0785725
6.2500005e-11 -1.1768354
6.5000005e-11 -1.1366781
6.7500006e-11 -1.0639259
6.999995e-11 -1.0628073
7.249995e-11 -1.1088908
7.4999951e-11 -1.1234239
7.7499951e-11 -1.1093138
7.9999951e-11 -1.1753904
8.2499951e-11 -1.109805
8.4999952e-11 -1.0634578
8.7499952e-11 -1.0972841
8.9999952e-11 -1.1257131
9.2499952e-11 -1.079809
9.4999952e-11 -1.0407076
9.7499953e-11 -1.1293529
9.9999953e-11 -1.1024197
1.0249995e-10 -1.0528593
1.0499995e-10 -1.0377127
1.0749995e-10 -1.0507182
1.0999995e-10 -0.98027694
1.1249995e-10 -1.0704387
1.1499995e-10 -1.0513784
1.1749995e-10 -1.0007204
1.1999995e-10 -1.0796514
1.2249995e-10 -1.0708219
1.2499995e-10 -0.99390924
1.2749996e-10 -1.0128901
1.2999996e-10 -1.0931363
1.3249996e-10 -1.0484408
1.3499996e-10 -0.88787556
1.3749996e-10 -1.0629706
1.3999996e-10 -0.94921374
1.4249996e-10 -1.0040656
1.4499996e-10 -0.9192667
1.4749996e-10 -0.96398371
1.4999996e-10 -0.97243786
1.5249996e-10 -0.94195092
1.5499996e-10 -0.96520889
1.5749996e-10 -1.0492738
1.5999996e-10 -0.98151845
1.6249996e-10 -0.89554441
1.6499996e-10 -0.88866198
1.6749996e-10 -0.92437518
1.6999996e-10 -0.86809641
1.7249996e-10 -0.9348253
1.7499996e-10 -0.96960747
1.7749996e-10 -0.89104086
1.7999996e-10 -0.89333403
1.8249996e-10 -0.96000338
1.8499996e-10 -0.82559836
1.8749996e-10 -0.81515485
1.8999996e-10 -0.82381493
1.9249996e-10 -0.83224732
1.9499996e-10 -0.89005876
1.9749996e-10 -0.93017501
1.9999996e-10 -0.84063202
2.0249996e-10 -0.82478613
2.0499996e-10 -0.88828152
2.0749996e-10 -0.91309804
2.0999996e-10 -0.89350778
2.1249996e-10 -0.85225141
2.1499996e-10 -0.77407682
2.1749996e-10 -0.78866559
2.1999996e-10 -0.83067709
2.2249996e-10 -0.82786673
2.2499996e-10 -0.87362242
2.2749996e-10 -0.77130228
2.2999996e-10 -0.77623796
2.3249996e-10 -0.73699939
2.3499996e-10 -0.70171613
2.3749996e-10 -0.74474442
2.3999996e-10 -0.79431152
2.4249996e-10 -0.80757493
2.4499996e-10 -0.77277839
2.4749996e-10 -0.73106337
2.4999997e-10 -0.71081573
2.5249997e-10 -0.72695518
2.5499997e-10 -0.8097052
2.5749997e-10 -0.84267437
2.5999997e-10 -0.69526935
2.6249997e-10 -0.73609114
2.6499997e-10 -0.7490741
2.6749997e-10 -0.71328384
2.6999997e-10 -0.77632415
2.7249997e-10 -0.7864089
2.7499997e-10 -0.67614108
2.7749997e-10 -0.75558192
2.7999997e-10 -0.78455806
2.8249997e-10 -0.69768107
2.8499997e-10 -0.7320382
2.8749997e-10 -0.75110132
2.8999997e-10 -0.71130502
2.9249997e-10 -0.76764542
2.9499997e-10 -0.7446543
2.9749997e-10 -0.68488628
2.9999997e-10 -0.73449117
3.0249997e-10 -0.68166012
3.0499997e-10 -0.64876413
3.0749997e-10 -0.67398214
3.0999997e-10 -0.77921355
3.1249997e-10 -0.79693544
3.1499997e-10 -0.72834295
3.1749997e-10 -0.61314923
3.1999997e-10 -0.64631909
3.2249997e-10 -0.76169229
3.2499997e-10 -0.70755994
3.2749997e-10 -0.73375434
3.2999997e-10 -0.65836155
3.3249997e-10 -0.67847604
3.3499997e-10 -0.65163594
3.3749997e-10 -0.7114585
3.3999997e-10 -0.67938775
3.4249997e-10 -0.65980172
3.4499997e-10 -0.66834217
3.4749997e-10 -0.65227401
3.4999997e-10 -0.73816466
3.5249997e-10 -0.73013693
3.5499997e-10 -0.719841
3.5749997e-10 -0.75011677
3.5999997e-10 -0.68367612
3.6249997e-10 -0.64113176
3.6499997e-10 -0.6350475
3.6749997e-10 -0.61691362
3.6999998e-10 -0.65360039
3.7249998e-10 -0.69663596
3.7499998e-10 -0.72844917
3.7749998e-10 -0.67888254
3.7999998e-10 -0.69748747
3.8249998e-10 -0.62842935
3.8499998e-10 -0.61149412
3.8749998e-10 -0.60113078
3.8999998e-10 -0.62498975
3.9249998e-10 -0.70661068
3.9499998e-10 -0.68055868
3.9749998e-10 -0.64785391
3.9999998e-10 -0.64998269
4.0249998e-10 -0.6465835
4.0499998e-10 -0.62341708
4.0749998e-10 -0.6156128
4.0999998e-10 -0.61755925
4.1249998e-10 -0.62538588
4.1499998e-10 -0.6200279
4.1749998e-10 -0.73682237
4.1999998e-10 -0.70574492
4.2249998e-10 -0.7336297
4.2499998e-10 -0.62690085
4.2749998e-10 -0.58589333
4.2999998e-10 -0.62960482
4.3249998e-10 -0.68958271
4.3499998e-10 -0.70283967
4.3749998e-10 -0.67596334
4.3999998e-10 -0.61467361
4.4249998e-10 -0.59580004
4.4499998e-10 -0.60621929
4.4749998e-10 -0.69076109
4.4999998e-10 -0.67539269
4.5249998e-10 -0.63973629
4.5499998e-10 -0.62427294
4.5749998e-10 -0.62654722
4.5999998e-10 -0.64548445
4.6249998e-10 -0.62053657
4.6499998e-10 -0.65761954
4.6749998e-10 -0.70130354
4.6999998e-10 -0.68376517
4.7249998e-10 -0.58320946
4.7499998e-10 -0.57054996
4.7749998e-10 -0.57637662
4.7999998e-10 -0.69094336
4.8249998e-10 -0.67146516
4.8499998e-10 -0.66101784
4.8749998e-10 -0.58864391
4.8999999e-10 -0.57752693
4.9249999e-10 -0.62058771
4.9499999e-10 -0.71016234
4.9749999e-10 -0.64533013
4.9999999e-10 -0.65730184
5.0249999e-10 -0.61290395
5.0499999e-10 -0.59870857
5.0749999e-10 -0.61534566
5.0999999e-10 -0.60132951
5.1249999e-10 -0.6457783
5.1499999e-10 -0.68246084
5.1749999e-10 -0.67405045
5.1999999e-10 -0.64114034
5.2249999e-10 -0.66175985
5.2499999e-10 -0.56277561
5.2749999e-10 -0.56578767
5.2999999e-10 -0.57752758
5.3249999e-10 -0.7107479
5.3499993e-10 -0.66571015
5.3749993e-10 -0.64172506
5.3999993e-10 -0.65372533
5.4249993e-10 -0.61806804
5.4499993e-10 -0.54861295
5.4749993e-10 -0.58996844
5.4999993e-10 -0.60370868
5.5249993e-10 -0.58416557
5.5499993e-10 -0.55539918
5.5749994e-10 -0.58980757
5.5999994e-10 -0.66413796
5.6249994e-10 -0.57726514
5.6499994e-10 -0.64722043
5.6749994e-10 -0.61354977
5.6999994e-10 -0.58582407
5.7249994e-10 -0.54853332
5.7499994e-10 -0.57239336
5.7749994e-10 -0.61094499
5.7999994e-10 -0.67056054
5.8249994e-10 -0.6826337
5.8499994e-10 -0.66211087
5.8749994e-10 -0.5360465
5.8999994e-10 -0.60478348
5.9249994e-10 -0.6119945
5.9499994e-10 -0.63891309
5.9749994e-10 -0.63184869
5.9999994e-10 -0.61057687
6.0249994e-10 -0.61399353
6.0499994e-10 -0.57082391
6.0749994e-10 -0.58129513
6.0999994e-10 -0.54842871
6.1249994e-10 -0.56043005
6.1499994e-10 -0.6056056
6.1749994e-10 -0.64696497
6.1999994e-10 -0.67238653
6.2249994e-10 -0.6500684
6.2499994e-10 -0.64799237
6.2749994e-10 -0.61236775
6.2999994e-10 -0.60911709
6.3249994e-10 -0.52829432
6.3499994e-10 -0.58920979
6.3749994e-10 -0.55894858
6.3999994e-10 -0.64430708
6.4249994e-10 -0.59025413
6.4499994e-10 -0.64450204
6.4749994e-10 -0.64718169
6.4999994e-10 -0.58050895
6.5249994e-10 -0.53132147
6.5499994e-10 -0.60679567
6.5749994e-10 -0.65490401
6.5999994e-10 -0.63047272
6.6249994e-10 -0.61710358
6.6499994e-10 -0.67273551
6.6749994e-10 -0.67129421
6.6999994e-10 -0.55580908
6.7249994e-10 -0.58909112
6.7499994e-10 -0.49751487
6.7749995e-10 -0.54702258
6.7999995e-10 -0.54402673
6.8249995e-10 -0.52282381
6.8499995e-10 -0.54850966
6.8749995e-10 -0.5668869
6.8999995e-10 -0.63624716
6.9249995e-10 -0.6217941
6.9499995e-10 -0.64920002
6.9749995e-10 -0.57264715
6.9999995e-10 -0.5324598
7.0249995e-10 -0.57932299
7.0499995e-10 -0.53138006
7.0749995e-10 -0.50652879
7.0999995e-10 -0.48971161
7.1249995e-10 -0.59682447
7.1499995e-10 -0.58009011
7.1749995e-10 -0.63835001
7.1999995e-10 -0.56559741
7.2249995e-10 -0.64958423
7.2499995e-10 -0.58002967
7.2749995e-10 -0.53414559
7.2999995e-10 -0.50483841
7.3249995e-10 -0.53219885
7.3499995e-10 -0.52358937
7.3749995e-10 -0.52813762
7.3999995e-10 -0.54982209
7.4249995e-10 -0.63011009
7.4499995e-10 -0.64008254
7.4749995e-10 -0.55750614
7.4999995e-10 -0.6234991
7.5249995e-10 -0.62389475
7.5499995e-10 -0.54722548
7.5749995e-10 -0.55100912
7.5999995e-10 -0.55926943
7.6249995e-10 -0.49697608
7.6499995e-10 -0.53289235
7.6749995e-10 -0.54976857
7.6999995e-10 -0.52949661
7.7249995e-10 -0.57075149
7.7499995e-10 -0.57251179
7.7749995e-10 -0.53510654
7.7999995e-10 -0.51613492
7.8249995e-10 -0.55979556
7.8499995e-10 -0.57418883
7.8749995e-10 -0.55992663
7.8999995e-10 -0.51835626
7.9249995e-10 -0.56474483
7.9499995e-10 -0.53496391
7.9749995e-10 -0.59200823
7.9999996e-10 -0.64508098
8.0249996e-10 -0.5325377
8.0499996e-10 -0.60700125
8.0749996e-10 -0.57408422
8.0999996e-10 -0.57698649
8.1249996e-10 -0.54769224
8.1499996e-10 -0.55361378
8.1749996e-10 -0.56729746
8.1999996e-10 -0.49248701
8.2249996e-10 -0.57512099
8.2499996e-10 -0.560615
8.2749996e-10 -0.52193594
8.2999996e-10 -0.55437809
8.3249996e-10 -0.52720916
8.3499996e-10 -0.47169995
8.3749996e-10 -0.56576532
8.3999996e-10 -0.54253292
8.4249996e-10 -0.63537127
8.4499996e-10 -0.68851447
8.4749996e-10 -0.6144864
8.4999996e-10 -0.51975399
8.5249996e-10 -0.55661935
8.5499996e-10 -0.63927013
8.5749996e-10 -0.62673128
8.5999996e-10 -0.54646623
8.6249996e-10 -0.54795289
8.6499996e-10 -0.5045979
8.6749996e-10 -0.54927909
8.6999996e-10 -0.5552597
8.7249996e-10 -0.53866142
8.7499996e-10 -0.54554677
8.7749996e-10 -0.56671149
8.7999996e-10 -0.60513777
8.8249996e-10 -0.57338697
8.8499996e-10 -0.53904402
8.8749996e-10 -0.55357236
8.8999996e-10 -0.57978058
8.9249996e-10 -0.52170873
8.9499996e-10 -0.65541184
8.9749996e-10 -0.59661448
8.9999996e-10 -0.57850659
9.0249996e-10 -0.51060098
9.0499996e-10 -0.53687793
9.0749996e-10 -0.55221766
9.0999996e-10 -0.57582003
9.1249996e-10 -0.58694607
9.1499996e-10 -0.62562257
9.1749996e-10 -0.54689634
9.1999997e-10 -0.54372674
9.2249997e-10 -0.55885839
9.2499997e-10 -0.53385979
9.2749997e-10 -0.52166438
9.2999997e-10 -0.60013133
9.3249997e-10 -0.5574131
9.3499997e-10 -0.59314728
9.3749997e-10 -0.58316815
9.3999997e-10 -0.53517389
9.4249997e-10 -0.51582712
9.4499997e-10 -0.52399659
9.4749997e-10 -0.60949814
9.4999997e-10 -0.57919466
9.5249997e-10 -0.57044053
9.5499997e-10 -0.51809376
9.5749997e-10 -0.56084222
9.5999997e-10 -0.48225647
9.6249997e-10 -0.57899874
9.6499997e-10 -0.62522125
9.6749997e-10 -0.50446415
9.6999997e-10 -0.51035774
9.7249997e-10 -0.4740901
9.7499997e-10 -0.48509911
9.7749997e-10 -0.47876301
9.7999997e-10 -0.48814029
9.8249997e-10 -0.44447315
9.8499997e-10 -0.54726952
9.8749997e-10 -0.58362275
9.8999997e-10 -0.60254055
9.9249997e-10 -0.62304938
9.9499997e-10 -0.54893082
9.9749997e-10 -0.53017145
9.9999997e-10 -0.4860248
