9.9999997e-10 -0.51441371
9.9749997e-10 -0.50596046
9.9499997e-10 -0.53478795
9.9249997e-10 -0.51265484
9.8999997e-10 -0.51688612
9.8749997e-10 -0.52424151
9.8499997e-10 -0.49822006
9.8249997e-10 -0.53920138
9.7999997e-10 -0.52160573
9.7749997e-10 -0.50988334
9.7499997e-10 -0.5029757
9.7249997e-10 -0.51915109
9.6999997e-10 -0.52476019
9.6749997e-10 -0.54005682
9.6499997e-10 -0.55798376
9.6249997e-10 -0.49788135
9.5999997e-10 -0.51520783
9.5749997e-10 -0.51853836
9.5499997e-10 -0.53947955
9.5249997e-10 -0.54142344
9.4999997e-10 -0.52350199
9.4749997e-10 -0.50818175
9.4499997e-10 -0.54419428
9.4249997e-10 -0.51371878
9.3999997e-10 -0.52575839
9.3749997e-10 -0.53574085
9.3499997e-10 -0.50469619
9.3249997e-10 -0.53192073
9.2999997e-10 -0.52958512
9.2749997e-10 -0.52147925
9.2499997e-10 -0.54730892
9.2249997e-10 -0.51974487
9.1999997e-10 -0.52543265
9.1749996e-10 -0.498813
9.1499996e-10 -0.49683106
9.1249996e-10 -0.50633013
9.0999996e-10 -0.53030771
9.0749996e-10 -0.54450864
9.0499996e-10 -0.51440847
9.0249996e-10 -0.53422397
8.9999996e-10 -0.52290606
8.9749996e-10 -0.5353294
8.9499996e-10 -0.55202419
8.9249996e-10 -0.53652239
8.8999996e-10 -0.53038085
8.8749996e-10 -0.56602407
8.8499996e-10 -0.5419274
8.8249996e-10 -0.5305295
8.7999996e-10 -0.55820781
8.7749996e-10 -0.53446913
8.7499996e-10 -0.52837521
8.7249996e-10 -0.54155988
8.6999996e-10 -0.5569607
8.6749996e-10 -0.53085482
8.6499996e-10 -0.51724756
8.6249996e-10 -0.55941373
8.5999996e-10 -0.52503186
8.5749996e-10 -0.53424686
8.5499996e-10 -0.56547636
8.5249996e-10 -0.5305683
8.4999996e-10 -0.53704441
8.4749996e-10 -0.53968787
8.4499996e-10 -0.53550506
8.4249996e-10 -0.53891236
8.3999996e-10 -0.53298253
8.3749996e-10 -0.53035635
8.3499996e-10 -0.52837431
8.3249996e-10 -0.55382282
8.2999996e-10 -0.55146855
8.2749996e-10 -0.51809293
8.2499996e-10 -0.51944315
8.2249996e-10 -0.49607837
8.1999996e-10 -0.56296486
8.1749996e-10 -0.53110206
8.1499996e-10 -0.54588884
8.1249996e-10 -0.5549019
8.0999996e-10 -0.54223382
8.0749996e-10 -0.57655579
8.0499996e-10 -0.54784685
8.0249996e-10 -0.53237849
7.9999996e-10 -0.52890575
7.9749995e-10 -0.56030601
7.9499995e-10 -0.55767119
7.9249995e-10 -0.56569517
7.8999995e-10 -0.55493516
7.8749995e-10 -0.57134145
7.8499995e-10 -0.571742
7.8249995e-10 -0.54816055
7.7999995e-10 -0.53931749
7.7749995e-10 -0.55231571
7.7499995e-10 -0.56778872
7.7249995e-10 -0.53509468
7.6999995e-10 -0.56931084
7.6749995e-10 -0.55482787
7.6499995e-10 -0.55623496
7.6249995e-10 -0.52925074
7.5999995e-10 -0.54968768
7.5749995e-10 -0.58362359
7.5499995e-10 -0.57019299
7.5249995e-10 -0.55770922
7.4999995e-10 -0.56648171
7.4749995e-10 -0.53903705
7.4499995e-10 -0.56280005
7.4249995e-10 -0.52516359
7.3999995e-10 -0.59027088
7.3749995e-10 -0.55468649
7.3499995e-10 -0.53587294
7.3249995e-10 -0.56385338
7.2999995e-10 -0.56978506
7.2749995e-10 -0.57458293
7.2499995e-10 -0.57940924
7.2249995e-10 -0.564744
7.1999995e-10 -0.56500047
7.1749995e-10 -0.57490218
7.1499995e-10 -0.55929935
7.1249995e-10 -0.55285144
7.0999995e-10 -0.56962603
7.0749995e-10 -0.56503797
7.0499995e-10 -0.56397378
7.0249995e-10 -0.5461846
6.9999995e-10 -0.5223887
6.9749995e-10 -0.53204113
6.9499995e-10 -0.55714399
6.9249995e-10 -0.57039636
6.8999995e-10 -0.53466356
6.8749995e-10 -0.55912733
6.8499995e-10 -0.52973264
6.8249995e-10 -0.57645464
6.7999995e-10 -0.55290419
6.7749995e-10 -0.60420448
6.7499994e-10 -0.56958026
6.7249994e-10 -0.59855813
6.6999994e-10 -0.5645287
6.6749994e-10 -0.5751971
6.6499994e-10 -0.56785303
6.6249994e-10 -0.56018484
6.5999994e-10 -0.54934555
6.5749994e-10 -0.60294503
6.5499994e-10 -0.57309449
6.5249994e-10 -0.5601508
6.4999994e-10 -0.56863695
6.4749994e-10 -0.59870517
6.4499994e-10 -0.56773371
6.4249994e-10 -0.54859483
6.3999994e-10 -0.58969349
6.3749994e-10 -0.56675327
6.3499994e-10 -0.58917046
6.3249994e-10 -0.55446672
6.2999994e-10 -0.60330427
6.2749994e-10 -0.57489061
6.2499994e-10 -0.59479249
6.2249994e-10 -0.58443528
6.1999994e-10 -0.59543306
6.1749994e-10 -0.55271423
6.1499994e-10 -0.60165441
6.1249994e-10 -0.54892653
6.0999994e-10 -0.59914035
6.0749994e-10 -0.5471223
6.0499994e-10 -0.55951846
6.0249994e-10 -0.58411992
5.9999994e-10 -0.6012404
5.9749994e-10 -0.56543028
5.9499994e-10 -0.57962084
5.9249994e-10 -0.58418298
5.8999994e-10 -0.60077834
5.8749994e-10 -0.58174229
5.8499994e-10 -0.59307891
5.8249994e-10 -0.61850607
5.7999994e-10 -0.60616696
5.7749994e-10 -0.61232859
5.7499994e-10 -0.58296567
5.7249994e-10 -0.55314434
5.6999994e-10 -0.60174578
5.6749994e-10 -0.62932712
5.6499994e-10 -0.54878598
5.6249994e-10 -0.60714722
5.5999994e-10 -0.57999039
5.5749994e-10 -0.6035803
5.5499993e-10 -0.60755444
5.5249993e-10 -0.6011737
5.4999993e-10 -0.60230851
5.4749993e-10 -0.61590672
5.4499993e-10 -0.58499247
5.4249993e-10 -0.59751403
5.3999993e-10 -0.6084342
5.3749993e-10 -0.59581107
5.3499993e-10 -0.60977429
5.3249999e-10 -0.59444439
5.2999999e-10 -0.60355282
5.2749999e-10 -0.59111595
5.2499999e-10 -0.62777942
5.2249999e-10 -0.61875826
5.1999999e-10 -0.61720389
5.1749999e-10 -0.58656466
5.1499999e-10 -0.64511621
5.1249999e-10 -0.6100747
5.0999999e-10 -0.63171697
5.0749999e-10 -0.64760494
5.0499999e-10 -0.64526266
5.0249999e-10 -0.61832297
4.9999999e-10 -0.61153686
4.9749999e-10 -0.66794276
4.9499999e-10 -0.65431172
4.9249999e-10 -0.64705557
4.8999999e-10 -0.6411072
4.8749998e-10 -0.65949422
4.8499998e-10 -0.66134584
4.8249998e-10 -0.64751792
4.7999998e-10 -0.64781684
4.7749998e-10 -0.65516853
4.7499998e-10 -0.65701473
4.7249998e-10 -0.61989379
4.6999998e-10 -0.66055441
4.6749998e-10 -0.66082609
4.6499998e-10 -0.65748048
4.6249998e-10 -0.68393523
4.5999998e-10 -0.68720204
4.5749998e-10 -0.65252584
4.5499998e-10 -0.6707496
4.5249998e-10 -0.68602163
4.4999998e-10 -0.67633724
4.4749998e-10 -0.68769252
4.4499998e-10 -0.70751488
4.4249998e-10 -0.68559003
4.3999998e-10 -0.70320797
4.3749998e-10 -0.72793239
4.3499998e-10 -0.68662345
4.3249998e-10 -0.69400507
4.2999998e-10 -0.73820722
4.2749998e-10 -0.73232543
4.2499998e-10 -0.74233544
4.2249998e-10 -0.71464807
4.1999998e-10 -0.73566097
4.1749998e-10 -0.73683852
4.1499998e-10 -0.72951424
4.1249998e-10 -0.74536431
4.0999998e-10 -0.76313591
4.0749998e-10 -0.74435478
4.0499998e-10 -0.72211117
4.0249998e-10 -0.73937291
3.9999998e-10 -0.71626806
3.9749998e-10 -0.74373531
3.9499998e-10 -0.75995392
3.9249998e-10 -0.75839621
3.8999998e-10 -0.77514982
3.8749998e-10 -0.76177311
3.8499998e-10 -0.77551609
3.8249998e-10 -0.76285303
3.7999998e-10 -0.76379985
3.7749998e-10 -0.77427912
3.7499998e-10 -0.77194452
3.7249998e-10 -0.78347373
3.6999998e-10 -0.78504622
3.6749997e-10 -0.77086943
3.6499997e-10 -0.77558577
3.6249997e-10 -0.77320629
3.5999997e-10 -0.79785043
3.5749997e-10 -0.75126332
3.5499997e-10 -0.76106715
3.5249997e-10 -0.8011331
3.4999997e-10 -0.78413415
3.4749997e-10 -0.82695264
3.4499997e-10 -0.8149519
3.4249997e-10 -0.7730943
3.3999997e-10 -0.79806811
3.3749997e-10 -0.80108744
3.3499997e-10 -0.7850036
3.3249997e-10 -0.76206452
3.2999997e-10 -0.76908809
3.2749997e-10 -0.82237685
3.2499997e-10 -0.79408842
3.2249997e-10 -0.78461784
3.1999997e-10 -0.76343137
3.1749997e-10 -0.80073714
3.1499997e-10 -0.76743585
3.1249997e-10 -0.78057843
3.0999997e-10 -0.75969839
3.0749997e-10 -0.76744282
3.0499997e-10 -0.79862106
3.0249997e-10 -0.7811954
2.9999997e-10 -0.76495373
2.9749997e-10 -0.77872509
2.9499997e-10 -0.76440448
2.9249997e-10 -0.77607536
2.8999997e-10 -0.76097918
2.8749997e-10 -0.79890531
2.8499997e-10 -0.76108342
2.8249997e-10 -0.76649672
2.7999997e-10 -0.75929254
2.7749997e-10 -0.78526157
2.7499997e-10 -0.78822488
2.7249997e-10 -0.79743928
2.6999997e-10 -0.7865904
2.6749997e-10 -0.78633618
2.6499997e-10 -0.80980533
2.6249997e-10 -0.80111611
2.5999997e-10 -0.81799531
2.5749997e-10 -0.77999032
2.5499997e-10 -0.78603953
2.5249997e-10 -0.78831363
2.4999997e-10 -0.81820107
2.4749996e-10 -0.82336909
2.4499996e-10 -0.82841516
2.4249996e-10 -0.81057787
2.3999996e-10 -0.80791348
2.3749996e-10 -0.81499445
2.3499996e-10 -0.81210423
2.3249996e-10 -0.83022785
2.2999996e-10 -0.8222993
2.2749996e-10 -0.82854635
2.2499996e-10 -0.82450169
2.2249996e-10 -0.84327883
2.1999996e-10 -0.83323973
2.1749996e-10 -0.8130756
2.1499996e-10 -0.79041982
2.1249996e-10 -0.85028446
2.0999996e-10 -0.8181746
2.0749996e-10 -0.82590485
2.0499996e-10 -0.87235928
2.0249996e-10 -0.8357321
1.9999996e-10 -0.85209328
1.9749996e-10 -0.85982388
1.9499996e-10 -0.87334692
1.9249996e-10 -0.85133851
1.8999996e-10 -0.85804594
1.8749996e-10 -0.85380858
1.8499996e-10 -0.8660894
1.8249996e-10 -0.89783579
1.7999996e-10 -0.90651548
1.7749996e-10 -0.86054766
1.7499996e-10 -0.88533729
1.7249996e-10 -0.91193599
1.6999996e-10 -0.90896702
1.6749996e-10 -0.9161455
1.6499996e-10 -0.90537143
1.6249996e-10 -0.88989335
1.5999996e-10 -0.91754574
1.5749996e-10 -0.91323411
1.5499996e-10 -0.90139097
1.5249996e-10 -0.94232917
1.4999996e-10 -0.94279265
1.4749996e-10 -0.90705174
1.4499996e-10 -0.90776795
1.4249996e-10 -0.93573713
1.3999996e-10 -0.93143749
1.3749996e-10 -0.93566698
1.3499996e-10 -0.9598189
1.3249996e-10 -0.90870553
1.2999996e-10 -0.94926673
1.2749996e-10 -0.92783082
1.2499995e-10 -0.95020938
1.2249995e-10 -0.95595598
1.1999995e-10 -0.96321458
1.1749995e-10 -1.0301397
1.1499995e-10 -0.94638604
1.1249995e-10 -0.99625647
1.0999995e-10 -1.0142723
1.0749995e-10 -1.0068384
1.0499995e-10 -0.98202533
1.0249995e-10 -1.0157034
9.9999953e-11 -0.99963498
9.7499953e-11 -0.99409598
9.4999952e-11 -1.0398585
9.2499952e-11 -1.0296123
8.9999952e-11 -1.018028
8.7499952e-11 -1.0496051
8.4999952e-11 -1.0292556
8.2499951e-11 -1.0304776
7.9999951e-11 -1.0493358
7.7499951e-11 -1.0493248
7.4999951e-11 -1.0480951
7.249995e-11 -1.1180397
6.999995e-11 -1.0677382
6.7500006e-11 -1.0953573
6.5000005e-11 -1.0623337
6.2500005e-11 -1.0616416
6.0000005e-11 -1.0946894
5.7500005e-11 -1.0945308
5.5000005e-11 -1.0848467
5.2500004e-11 -1.1187885
5.0000004e-11 -1.1189277
4.7500004e-11 -1.1071466
4.5000004e-11 -1.1282192
4.2500004e-11 -1.1466548
4.0000003e-11 -1.1221148
3.7500003e-11 -1.1515155
3.5000003e-11 -1.1351081
3.2500003e-11 -1.1595974
3.0000002e-11 -1.1842843
2.7500002e-11 -1.1937976
2.5000002e-11 -1.1891284
2.2500002e-11 -1.1801114
2.0000002e-11 -1.217183
1.7500001e-11 -1.1940703
1.5000001e-11 -1.2253093
1.2500001e-11 -1.184245
1.0000001e-11 -1.204825
7.5000006e-12 -1.2123884
5.0000004e-12 -1.2101885
2.5000002e-12 -1.232777
0.0 -1.2450621
