9.9999997e-10 -0.4948408
9.9749997e-10 -0.53939205
9.9499997e-10 -0.49433479
9.9249997e-10 -0.52430701
9.8999997e-10 -0.53698713
9.8749997e-10 -0.50833172
9.8499997e-10 -0.51518458
9.8249997e-10 -0.54171646
9.7999997e-10 -0.48609048
9.7749997e-10 -0.5163855
9.7499997e-10 -0.48959574
9.7249997e-10 -0.54600036
9.6999997e-10 -0.53380328
9.6749997e-10 -0.53839946
9.6499997e-10 -0.53279817
9.6249997e-10 -0.49492273
9.5999997e-10 -0.51301867
9.5749997e-10 -0.53963548
9.5499997e-10 -0.55359483
9.5249997e-10 -0.49744561
9.4999997e-10 -0.56663072
9.4749997e-10 -0.5410611
9.4499997e-10 -0.51651347
9.4249997e-10 -0.50452268
9.3999997e-10 -0.53685915
9.3749997e-10 -0.50562829
9.3499997e-10 -0.52635467
9.3249997e-10 -0.53638828
9.2999997e-10 -0.51368082
9.2749997e-10 -0.49072734
9.2499997e-10 -0.51572073
9.2249997e-10 -0.50288641
9.1999997e-10 -0.5385679
9.1749996e-10 -0.53769493
9.1499996e-10 -0.55397093
9.1249996e-10 -0.51411426
9.0999996e-10 -0.54395705
9.0749996e-10 -0.534482
9.0499996e-10 -0.54326743
9.0249996e-10 -0.55463278
8.9999996e-10 -0.48934835
8.9749996e-10 -0.55674493
8.9499996e-10 -0.55354708
8.9249996e-10 -0.57605362
8.8999996e-10 -0.52694112
8.8749996e-10 -0.51985872
8.8499996e-10 -0.53350055
8.8249996e-10 -0.52145946
8.7999996e-10 -0.53904533
8.7749996e-10 -0.51833892
8.7499996e-10 -0.52123833
8.7249996e-10 -0.56250757
8.6999996e-10 -0.58366048
8.6749996e-10 -0.50594598
8.6499996e-10 -0.53093994
8.6249996e-10 -0.53481442
8.5999996e-10 -0.55860394
8.5749996e-10 -0.52077454
8.5499996e-10 -0.57155883
8.5249996e-10 -0.53291059
8.4999996e-10 -0.53032905
8.4749996e-10 -0.5656507
8.4499996e-10 -0.55573195
8.4249996e-10 -0.57186723
8.3999996e-10 -0.53184092
8.3749996e-10 -0.54609841
8.3499996e-10 -0.53970128
8.3249996e-10 -0.53733295
8.2999996e-10 -0.53533924
8.2749996e-10 -0.5542717
8.2499996e-10 -0.55594647
8.2249996e-10 -0.54128838
8.1999996e-10 -0.54462498
8.1749996e-10 -0.55849791
8.1499996e-10 -0.5429619
8.1249996e-10 -0.52499479
8.0999996e-10 -0.56554562
8.0749996e-10 -0.56312025
8.0499996e-10 -0.57463861
8.0249996e-10 -0.55200106
7.9999996e-10 -0.56212133
7.9749995e-10 -0.54460233
7.9499995e-10 -0.51855189
7.9249995e-10 -0.56698453
7.8999995e-10 -0.56926823
7.8749995e-10 -0.56679505
7.8499995e-10 -0.55980748
7.8249995e-10 -0.55056643
7.7999995e-10 -0.54680014
7.7749995e-10 -0.54098648
7.7499995e-10 -0.55941665
7.7249995e-10 -0.53708053
7.6999995e-10 -0.54135525
7.6749995e-10 -0.57266313
7.6499995e-10 -0.55129063
7.6249995e-10 -0.55493623
7.5999995e-10 -0.55630487
7.5749995e-10 -0.54494476
7.5499995e-10 -0.58386576
7.5249995e-10 -0.57670975
7.4999995e-10 -0.56909055
7.4749995e-10 -0.54840821
7.4499995e-10 -0.56202501
7.4249995e-10 -0.53646892
7.3999995e-10 -0.5663628
7.3749995e-10 -0.57936388
7.3499995e-10 -0.57372266
7.3249995e-10 -0.57266021
7.2999995e-10 -0.56901544
7.2749995e-10 -0.55566603
7.2499995e-10 -0.55105102
7.2249995e-10 -0.55965519
7.1999995e-10 -0.55200595
7.1749995e-10 -0.56051046
7.1499995e-10 -0.56773877
7.1249995e-10 -0.59914798
7.0999995e-10 -0.53637832
7.0749995e-10 -0.57131219
7.0499995e-10 -0.58099777
7.0249995e-10 -0.58382118
6.9999995e-10 -0.57053989
6.9749995e-10 -0.55691642
6.9499995e-10 -0.56352508
6.9249995e-10 -0.59267187
6.8999995e-10 -0.58423597
6.8749995e-10 -0.56384718
6.8499995e-10 -0.57318676
6.8249995e-10 -0.54768258
6.7999995e-10 -0.56628585
6.7749995e-10 -0.56667936
6.7499994e-10 -0.55317432
6.7249994e-10 -0.54831439
6.6999994e-10 -0.58304131
6.6749994e-10 -0.5636186
6.6499994e-10 -0.5632571
6.6249994e-10 -0.57857877
6.5999994e-10 -0.59032285
6.5749994e-10 -0.59088516
6.5499994e-10 -0.56180221
6.5249994e-10 -0.5773809
6.4999994e-10 -0.56179184
6.4749994e-10 -0.56860882
6.4499994e-10 -0.56826252
6.4249994e-10 -0.59576708
6.3999994e-10 -0.59730142
6.3749994e-10 -0.57511348
6.3499994e-10 -0.55921352
6.3249994e-10 -0.58237517
6.2999994e-10 -0.55339295
6.2749994e-10 -0.55668187
6.2499994e-10 -0.56955701
6.2249994e-10 -0.57792139
6.1999994e-10 -0.58328009
6.1749994e-10 -0.58989811
6.1499994e-10 -0.59182286
6.1249994e-10 -0.60712379
6.0999994e-10 -0.58412045
6.0749994e-10 -0.61042631
6.0499994e-10 -0.59535974
6.0249994e-10 -0.59510636
5.9999994e-10 -0.58580947
5.9749994e-10 -0.56984776
5.9499994e-10 -0.59703356
5.9249994e-10 -0.59423411
5.8999994e-10 -0.59679455
5.8749994e-10 -0.60220915
5.8499994e-10 -0.59343207
5.8249994e-10 -0.59091979
5.7999994e-10 -0.60731119
5.7749994e-10 -0.61191398
5.7499994e-10 -0.62942386
5.7249994e-10 -0.62444359
5.6999994e-10 -0.61644965
5.6749994e-10 -0.63857502
5.6499994e-10 -0.61032969
5.6249994e-10 -0.63854599
5.5999994e-10 -0.65674829
5.5749994e-10 -0.63488525
5.5499993e-10 -0.65777653
5.5249993e-10 -0.63741004
5.4999993e-10 -0.6457907
5.4749993e-10 -0.66575927
5.4499993e-10 -0.63898909
5.4249993e-10 -0.64899659
5.3999993e-10 -0.62395817
5.3749993e-10 -0.6591965
5.3499993e-10 -0.6631037
5.3249999e-10 -0.67459196
5.2999999e-10 -0.72350788
5.2749999e-10 -0.68520606
5.2499999e-10 -0.6849609
5.2249999e-10 -0.71469128
5.1999999e-10 -0.6826579
5.1749999e-10 -0.70182705
5.1499999e-10 -0.71112508
5.1249999e-10 -0.68406886
5.0999999e-10 -0.73086464
5.0749999e-10 -0.70685023
5.0499999e-10 -0.70749736
5.0249999e-10 -0.72847319
4.9999999e-10 -0.70436352
4.9749999e-10 -0.72472239
4.9499999e-10 -0.723427
4.9249999e-10 -0.7389515
4.8999999e-10 -0.73495138
4.8749998e-10 -0.72863233
4.8499998e-10 -0.7658515
4.8249998e-10 -0.73781401
4.7999998e-10 -0.73342484
4.7749998e-10 -0.7771495
4.7499998e-10 -0.74631321
4.7249998e-10 -0.75964493
4.6999998e-10 -0.73880911
4.6749998e-10 -0.77451605
4.6499998e-10 -0.77102566
4.6249998e-10 -0.79332656
4.5999998e-10 -0.76976776
4.5749998e-10 -0.76556033
4.5499998e-10 -0.77429587
4.5249998e-10 -0.78387034
4.4999998e-10 -0.77258432
4.4749998e-10 -0.78394872
4.4499998e-10 -0.76274031
4.4249998e-10 -0.76543623
4.3999998e-10 -0.77287531
4.3749998e-10 -0.76867324
4.3499998e-10 -0.80356765
4.3249998e-10 -0.77820927
4.2999998e-10 -0.80678463
4.2749998e-10 -0.77331734
4.2499998e-10 -0.78574306
4.2249998e-10 -0.74767613
4.1999998e-10 -0.7868365
4.1749998e-10 -0.77544123
4.1499998e-10 -0.77162552
4.1249998e-10 -0.77074897
4.0999998e-10 -0.77113938
4.0749998e-10 -0.79293746
4.0499998e-10 -0.78354073
4.0249998e-10 -0.79617572
3.9999998e-10 -0.81007051
3.9749998e-10 -0.76894855
3.9499998e-10 -0.76856846
3.9249998e-10 -0.74665844
3.8999998e-10 -0.76355559
3.8749998e-10 -0.7577374
3.8499998e-10 -0.74066031
3.8249998e-10 -0.75619698
3.7999998e-10 -0.77024883
3.7749998e-10 -0.77787644
3.7499998e-10 -0.77765
3.7249998e-10 -0.74868256
3.6999998e-10 -0.76724565
3.6749997e-10 -0.74820608
3.6499997e-10 -0.80523628
3.6249997e-10 -0.75534552
3.5999997e-10 -0.74888998
3.5749997e-10 -0.74536622
3.5499997e-10 -0.76172054
3.5249997e-10 -0.72496718
3.4999997e-10 -0.71874857
3.4749997e-10 -0.76566654
3.4499997e-10 -0.73259181
3.4249997e-10 -0.73881102
3.3999997e-10 -0.77454585
3.3749997e-10 -0.73806566
3.3499997e-10 -0.7690832
3.3249997e-10 -0.74883765
3.2999997e-10 -0.76202136
3.2749997e-10 -0.7404694
3.2499997e-10 -0.79077226
3.2249997e-10 -0.78297526
3.1999997e-10 -0.77097327
3.1749997e-10 -0.75720632
3.1499997e-10 -0.75407803
3.1249997e-10 -0.78367478
3.0999997e-10 -0.75290602
3.0749997e-10 -0.7862398
3.0499997e-10 -0.80458558
3.0249997e-10 -0.78291643
2.9999997e-10 -0.77491623
2.9749997e-10 -0.78662175
2.9499997e-10 -0.79716235
2.9249997e-10 -0.74551487
2.8999997e-10 -0.78802079
2.8749997e-10 -0.77038294
2.8499997e-10 -0.83215827
2.8249997e-10 -0.78609502
2.7999997e-10 -0.80012268
2.7749997e-10 -0.80094069
2.7499997e-10 -0.81042427
2.7249997e-10 -0.80075628
2.6999997e-10 -0.80651039
2.6749997e-10 -0.78341961
2.6499997e-10 -0.81328022
2.6249997e-10 -0.79908925
2.5999997e-10 -0.81815553
2.5749997e-10 -0.81469285
2.5499997e-10 -0.81412464
2.5249997e-10 -0.80994278
2.4999997e-10 -0.84593993
2.4749996e-10 -0.841887
2.4499996e-10 -0.81339699
2.4249996e-10 -0.83067971
2.3999996e-10 -0.81821513
2.3749996e-10 -0.8521145
2.3499996e-10 -0.83172709
2.3249996e-10 -0.84090161
2.2999996e-10 -0.84685606
2.2749996e-10 -0.84804338
2.2499996e-10 -0.86473739
2.2249996e-10 -0.86225694
2.1999996e-10 -0.86049759
2.1749996e-10 -0.85263866
2.1499996e-10 -0.85459888
2.1249996e-10 -0.88670123
2.0999996e-10 -0.88686609
2.0749996e-10 -0.89737862
2.0499996e-10 -0.83609843
2.0249996e-10 -0.89849013
1.9999996e-10 -0.88088953
1.9749996e-10 -0.89466929
1.9499996e-10 -0.91235417
1.9249996e-10 -0.87291491
1.8999996e-10 -0.90087962
1.8749996e-10 -0.93194103
1.8499996e-10 -0.89877492
1.8249996e-10 -0.91058332
1.7999996e-10 -0.88771862
1.7749996e-10 -0.8940984
1.7499996e-10 -0.92135662
1.7249996e-10 -0.91899949
1.6999996e-10 -0.91107106
1.6749996e-10 -0.91951662
1.6499996e-10 -0.93176383
1.6249996e-10 -0.95416677
1.5999996e-10 -0.96517259
1.5749996e-10 -0.94430751
1.5499996e-10 -0.95343888
1.5249996e-10 -0.94961315
1.4999996e-10 -0.9599387
1.4749996e-10 -0.97564828
1.4499996e-10 -0.95806646
1.4249996e-10 -0.96023184
1.3999996e-10 -0.96160442
1.3749996e-10 -0.96071976
1.3499996e-10 -0.98256481
1.3249996e-10 -0.99837565
1.2999996e-10 -1.038658
1.2749996e-10 -0.99023604
1.2499995e-10 -1.0095894
1.2249995e-10 -0.98284096
1.1999995e-10 -0.99365306
1.1749995e-10 -1.0359075
1.1499995e-10 -1.0070393
1.1249995e-10 -1.0031105
1.0999995e-10 -1.0112547
1.0749995e-10 -1.0151799
1.0499995e-10 -0.99675739
1.0249995e-10 -1.0375016
9.9999953e-11 -1.0472842
9.7499953e-11 -1.0284183
9.4999952e-11 -1.0304629
9.2499952e-11 -1.0195422
8.9999952e-11 -1.0609031
8.7499952e-11 -1.0570333
8.4999952e-11 -1.0733775
8.2499951e-11 -1.0802412
7.9999951e-11 -1.0893904
7.7499951e-11 -1.0957212
7.4999951e-11 -1.0944262
7.249995e-11 -1.0886062
6.999995e-11 -1.0962418
6.7500006e-11 -1.1229857
6.5000005e-11 -1.1238439
6.2500005e-11 -1.0884323
6.0000005e-11 -1.1214201
5.7500005e-11 -1.1246939
5.5000005e-11 -1.1500099
5.2500004e-11 -1.14004
5.0000004e-11 -1.1537699
4.7500004e-11 -1.1396136
4.5000004e-11 -1.1594979
4.2500004e-11 -1.1599475
4.0000003e-11 -1.2078143
3.7500003e-11 -1.1699836
3.5000003e-11 -1.171741
3.2500003e-11 -1.1904333
3.0000002e-11 -1.2081699
2.7500002e-11 -1.2293894
2.5000002e-11 -1.2292058
2.2500002e-11 -1.2004578
2.0000002e-11 -1.2252562
1.7500001e-11 -1.2165127
1.5000001e-11 -1.2120484
1.2500001e-11 -1.2344378
1.0000001e-11 -1.2472495
7.5000006e-12 -1.2494699
5.0000004e-12 -1.2209686
2.5000002e-12 -1.2554984
0.0 -1.3029848
