9.9999997e-10 -0.5320034
9.9749997e-10 -0.5208016
9.9499997e-10 -0.50643504
9.9249997e-10 -0.54188013
9.8999997e-10 -0.54726481
9.8749997e-10 -0.55194676
9.8499997e-10 -0.52322066
9.8249997e-10 -0.53219569
9.7999997e-10 -0.52607316
9.7749997e-10 -0.5453012
9.7499997e-10 -0.53854775
9.7249997e-10 -0.55928314
9.6999997e-10 -0.55080336
9.6749997e-10 -0.53758442
9.6499997e-10 -0.55250782
9.6249997e-10 -0.54307961
9.5999997e-10 -0.52928549
9.5749997e-10 -0.52665192
9.5499997e-10 -0.53481281
9.5249997e-10 -0.51649088
9.4999997e-10 -0.54830873
9.4749997e-10 -0.57376409
9.4499997e-10 -0.5553453
9.4249997e-10 -0.56897062
9.3999997e-10 -0.51909667
9.3749997e-10 -0.51956302
9.3499997e-10 -0.57061249
9.3249997e-10 -0.55937737
9.2999997e-10 -0.55177671
9.2749997e-10 -0.55845618
9.2499997e-10 -0.5514909
9.2249997e-10 -0.5336898
9.1999997e-10 -0.53776902
9.1749996e-10 -0.5635711
9.1499996e-10 -0.55561721
9.1249996e-10 -0.53064734
9.0999996e-10 -0.57038397
9.0749996e-10 -0.53815347
9.0499996e-10 -0.54670179
9.0249996e-10 -0.54963517
8.9999996e-10 -0.58139288
8.9749996e-10 -0.55850601
8.9499996e-10 -0.54448313
8.9249996e-10 -0.53237855
8.8999996e-10 -0.56707919
8.8749996e-10 -0.54542893
8.8499996e-10 -0.5618152
8.8249996e-10 -0.5534451
8.7999996e-10 -0.53101462
8.7749996e-10 -0.54646415
8.7499996e-10 -0.56325656
8.7249996e-10 -0.55457246
8.6999996e-10 -0.52845281
8.6749996e-10 -0.55446047
8.6499996e-10 -0.54949254
8.6249996e-10 -0.54159766
8.5999996e-10 -0.49750689
8.5749996e-10 -0.54031873
8.5499996e-10 -0.5402177
8.5249996e-10 -0.53665769
8.4999996e-10 -0.56771636
8.4749996e-10 -0.55774403
8.4499996e-10 -0.54156852
8.4249996e-10 -0.5569098
8.3999996e-10 -0.54988271
8.3749996e-10 -0.57098222
8.3499996e-10 -0.55912304
8.3249996e-10 -0.51688308
8.2999996e-10 -0.55311799
8.2749996e-10 -0.55170321
8.2499996e-10 -0.54531544
8.2249996e-10 -0.55551171
8.1999996e-10 -0.57668406
8.1749996e-10 -0.55161256
8.1499996e-10 -0.54195088
8.1249996e-10 -0.55502695
8.0999996e-10 -0.5344736
8.0749996e-10 -0.56229603
8.0499996e-10 -0.56879574
8.0249996e-10 -0.55815476
7.9999996e-10 -0.55791503
7.9749995e-10 -0.55301279
7.9499995e-10 -0.5484485
7.9249995e-10 -0.54262584
7.8999995e-10 -0.57091808
7.8749995e-10 -0.5725674
7.8499995e-10 -0.57904708
7.8249995e-10 -0.5463503
7.7999995e-10 -0.54287696
7.7749995e-10 -0.56525582
7.7499995e-10 -0.57654256
7.7249995e-10 -0.56530541
7.6999995e-10 -0.54106802
7.6749995e-10 -0.52716863
7.6499995e-10 -0.54542041
7.6249995e-10 -0.55108941
7.5999995e-10 -0.5396691
7.5749995e-10 -0.5545879
7.5499995e-10 -0.56107199
7.5249995e-10 -0.56145787
7.4999995e-10 -0.56228
7.4749995e-10 -0.56962848
7.4499995e-10 -0.52987164
7.4249995e-10 -0.55762893
7.3999995e-10 -0.56266409
7.3749995e-10 -0.52136713
7.3499995e-10 -0.54682362
7.3249995e-10 -0.54773068
7.2999995e-10 -0.54014522
7.2749995e-10 -0.55765158
7.2499995e-10 -0.5505389
7.2249995e-10 -0.59127384
7.1999995e-10 -0.56888765
7.1749995e-10 -0.56427002
7.1499995e-10 -0.54658568
7.1249995e-10 -0.5507592
7.0999995e-10 -0.5831598
7.0749995e-10 -0.57034332
7.0499995e-10 -0.57064313
7.0249995e-10 -0.5802424
6.9999995e-10 -0.55648333
6.9749995e-10 -0.57203013
6.9499995e-10 -0.53187031
6.9249995e-10 -0.56802934
6.8999995e-10 -0.56173676
6.8749995e-10 -0.57760483
6.8499995e-10 -0.5568769
6.8249995e-10 -0.56222451
6.7999995e-10 -0.56507462
6.7749995e-10 -0.55159605
6.7499994e-10 -0.58415478
6.7249994e-10 -0.59398246
6.6999994e-10 -0.55375499
6.6749994e-10 -0.57640636
6.6499994e-10 -0.59334564
6.6249994e-10 -0.56845194
6.5999994e-10 -0.60142946
6.5749994e-10 -0.59539241
6.5499994e-10 -0.57065761
6.5249994e-10 -0.5861209
6.4999994e-10 -0.58503383
6.4749994e-10 -0.59016365
6.4499994e-10 -0.60516745
6.4249994e-10 -0.6027565
6.3999994e-10 -0.59848446
6.3749994e-10 -0.57726067
6.3499994e-10 -0.57634056
6.3249994e-10 -0.59473544
6.2999994e-10 -0.56472313
6.2749994e-10 -0.60922796
6.2499994e-10 -0.55540305
6.2249994e-10 -0.60166138
6.1999994e-10 -0.59043634
6.1749994e-10 -0.61759245
6.1499994e-10 -0.60737228
6.1249994e-10 -0.56377959
6.0999994e-10 -0.57652044
6.0749994e-10 -0.60526758
6.0499994e-10 -0.60503489
6.0249994e-10 -0.58158237
5.9999994e-10 -0.58414263
5.9749994e-10 -0.60834336
5.9499994e-10 -0.62575746
5.9249994e-10 -0.60471231
5.8999994e-10 -0.62186557
5.8749994e-10 -0.61507612
5.8499994e-10 -0.63720268
5.8249994e-10 -0.61060923
5.7999994e-10 -0.64169544
5.7749994e-10 -0.63370693
5.7499994e-10 -0.63526392
5.7249994e-10 -0.607494
5.6999994e-10 -0.61546522
5.6749994e-10 -0.65010154
5.6499994e-10 -0.62308967
5.6249994e-10 -0.62780833
5.5999994e-10 -0.62590265
5.5749994e-10 -0.63173038
5.5499993e-10 -0.5942778
5.5249993e-10 -0.6197421
5.4999993e-10 -0.65387344
5.4749993e-10 -0.58863741
5.4499993e-10 -0.64458215
5.4249993e-10 -0.625597
5.3999993e-10 -0.6243403
5.3749993e-10 -0.62312263
5.3499993e-10 -0.64041817
5.3249999e-10 -0.63507515
5.2999999e-10 -0.64539486
5.2749999e-10 -0.64002305
5.2499999e-10 -0.66180623
5.2249999e-10 -0.64343107
5.1999999e-10 -0.6288684
5.1749999e-10 -0.63704628
5.1499999e-10 -0.66852951
5.1249999e-10 -0.63886118
5.0999999e-10 -0.64286113
5.0749999e-10 -0.63926834
5.0499999e-10 -0.64390737
5.0249999e-10 -0.65608096
4.9999999e-10 -0.64010376
4.9749999e-10 -0.66546774
4.9499999e-10 -0.64813966
4.9249999e-10 -0.67536688
4.8999999e-10 -0.63153636
4.8749998e-10 -0.66147012
4.8499998e-10 -0.6725527
4.8249998e-10 -0.67414099
4.7999998e-10 -0.65319276
4.7749998e-10 -0.67030066
4.7499998e-10 -0.71396977
4.7249998e-10 -0.68183404
4.6999998e-10 -0.65646482
4.6749998e-10 -0.64334244
4.6499998e-10 -0.65590829
4.6249998e-10 -0.67059475
4.5999998e-10 -0.67407024
4.5749998e-10 -0.65757239
4.5499998e-10 -0.66079277
4.5249998e-10 -0.65626895
4.4999998e-10 -0.67291278
4.4749998e-10 -0.66059214
4.4499998e-10 -0.66436118
4.4249998e-10 -0.65855592
4.3999998e-10 -0.69316787
4.3749998e-10 -0.69573575
4.3499998e-10 -0.68475497
4.3249998e-10 -0.6735158
4.2999998e-10 -0.68293482
4.2749998e-10 -0.6707527
4.2499998e-10 -0.69633853
4.2249998e-10 -0.69050926
4.1999998e-10 -0.67409885
4.1749998e-10 -0.70003861
4.1499998e-10 -0.70085418
4.1249998e-10 -0.66519475
4.0999998e-10 -0.71131456
4.0749998e-10 -0.68576795
4.0499998e-10 -0.73707515
4.0249998e-10 -0.71262962
3.9999998e-10 -0.73220283
3.9749998e-10 -0.70474404
3.9499998e-10 -0.70967185
3.9249998e-10 -0.73552233
3.8999998e-10 -0.72889918
3.8749998e-10 -0.7466352
3.8499998e-10 -0.70272523
3.8249998e-10 -0.74488109
3.7999998e-10 -0.72397846
3.7749998e-10 -0.71883118
3.7499998e-10 -0.74929237
3.7249998e-10 -0.73899686
3.6999998e-10 -0.76658219
3.6749997e-10 -0.74298203
3.6499997e-10 -0.7799105
3.6249997e-10 -0.75976682
3.5999997e-10 -0.74396771
3.5749997e-10 -0.75484449
3.5499997e-10 -0.77448392
3.5249997e-10 -0.77717543
3.4999997e-10 -0.79732943
3.4749997e-10 -0.79489613
3.4499997e-10 -0.78428942
3.4249997e-10 -0.77400833
3.3999997e-10 -0.80646306
3.3749997e-10 -0.76298267
3.3499997e-10 -0.80440462
3.3249997e-10 -0.8188709
3.2999997e-10 -0.79877752
3.2749997e-10 -0.79656577
3.2499997e-10 -0.80415946
3.2249997e-10 -0.79702389
3.1999997e-10 -0.81771553
3.1749997e-10 -0.82056612
3.1499997e-10 -0.8323471
3.1249997e-10 -0.8236841
3.0999997e-10 -0.85357487
3.0749997e-10 -0.86019772
3.0499997e-10 -0.80289793
3.0249997e-10 -0.82603401
2.9999997e-10 -0.87278432
2.9749997e-10 -0.8411212
2.9499997e-10 -0.8583861
2.9249997e-10 -0.84006226
2.8999997e-10 -0.87285656
2.8749997e-10 -0.86818969
2.8499997e-10 -0.84635544
2.8249997e-10 -0.83335054
2.7999997e-10 -0.86491758
2.7749997e-10 -0.84273076
2.7499997e-10 -0.86683553
2.7249997e-10 -0.84716153
2.6999997e-10 -0.85348183
2.6749997e-10 -0.86045635
2.6499997e-10 -0.82720304
2.6249997e-10 -0.85271341
2.5999997e-10 -0.87402928
2.5749997e-10 -0.88737148
2.5499997e-10 -0.84852433
2.5249997e-10 -0.88713914
2.4999997e-10 -0.85422182
2.4749996e-10 -0.86010188
2.4499996e-10 -0.87294185
2.4249996e-10 -0.86262494
2.3999996e-10 -0.8873983
2.3749996e-10 -0.89070308
2.3499996e-10 -0.86176151
2.3249996e-10 -0.89262629
2.2999996e-10 -0.89323992
2.2749996e-10 -0.89128047
2.2499996e-10 -0.8594678
2.2249996e-10 -0.85703963
2.1999996e-10 -0.86842906
2.1749996e-10 -0.87181592
2.1499996e-10 -0.9152689
2.1249996e-10 -0.88842827
2.0999996e-10 -0.85918438
2.0749996e-10 -0.87825143
2.0499996e-10 -0.8911193
2.0249996e-10 -0.91270471
1.9999996e-10 -0.89234889
1.9749996e-10 -0.91628253
1.9499996e-10 -0.88710022
1.9249996e-10 -0.89320982
1.8999996e-10 -0.85319942
1.8749996e-10 -0.89981252
1.8499996e-10 -0.9106515
1.8249996e-10 -0.90568393
1.7999996e-10 -0.92198551
1.7749996e-10 -0.91505384
1.7499996e-10 -0.925188
1.7249996e-10 -0.92453671
1.6999996e-10 -0.91921586
1.6749996e-10 -0.93110067
1.6499996e-10 -0.96485895
1.6249996e-10 -0.94827992
1.5999996e-10 -0.93542546
1.5749996e-10 -0.92125368
1.5499996e-10 -0.95001382
1.5249996e-10 -0.95774126
1.4999996e-10 -0.94174635
1.4749996e-10 -0.93090743
1.4499996e-10 -0.96288621
1.4249996e-10 -0.96970755
1.3999996e-10 -0.989245
1.3749996e-10 -0.97969848
1.3499996e-10 -0.9886874
1.3249996e-10 -0.98224324
1.2999996e-10 -0.93997675
1.2749996e-10 -1.015716
1.2499995e-10 -1.0021549
1.2249995e-10 -1.0167494
1.1999995e-10 -0.97823131
1.1749995e-10 -0.98788971
1.1499995e-10 -1.0223687
1.1249995e-10 -1.0298241
1.0999995e-10 -1.040831
1.0749995e-10 -1.03228
1.0499995e-10 -1.0067939
1.0249995e-10 -1.0306693
9.9999953e-11 -1.0159572
9.7499953e-11 -1.0480194
9.4999952e-11 -1.0573061
9.2499952e-11 -1.0444039
8.9999952e-11 -1.0732632
8.7499952e-11 -1.0667382
8.4999952e-11 -1.0641888
8.2499951e-11 -1.0752476
7.9999951e-11 -1.094545
7.7499951e-11 -1.0904871
7.4999951e-11 -1.0971283
7.249995e-11 -1.100526
6.999995e-11 -1.1056042
6.7500006e-11 -1.094514
6.5000005e-11 -1.1108214
6.2500005e-11 -1.1009591
6.0000005e-11 -1.1287102
5.7500005e-11 -1.0979599
5.5000005e-11 -1.1512768
5.2500004e-11 -1.107715
5.0000004e-11 -1.1276505
4.7500004e-11 -1.1301653
4.5000004e-11 -1.1719819
4.2500004e-11 -1.1499279
4.0000003e-11 -1.1704212
3.7500003e-11 -1.1591315
3.5000003e-11 -1.1531371
3.2500003e-11 -1.185312
3.0000002e-11 -1.1743747
2.7500002e-11 -1.1903621
2.5000002e-11 -1.1857628
2.2500002e-11 -1.1734836
2.0000002e-11 -1.1939065
1.7500001e-11 -1.2219582
1.5000001e-11 -1.195196
1.2500001e-11 -1.1945187
1.0000001e-11 -1.2633717
7.5000006e-12 -1.1972739
5.0000004e-12 -1.2318037
2.5000002e-12 -1.2610028
0.0 -1.2655636
