9.9999997e-10 -0.56629527
9.9749997e-10 -0.55082119
9.9499997e-10 -0.54492444
9.9249997e-10 -0.50587952
9.8999997e-10 -0.53301203
9.8749997e-10 -0.55585223
9.8499997e-10 -0.51433247
9.8249997e-10 -0.52793336
9.7999997e-10 -0.55191481
9.7749997e-10 -0.55366242
9.7499997e-10 -0.5284788
9.7249997e-10 -0.55366766
9.6999997e-10 -0.53346312
9.6749997e-10 -0.53026623
9.6499997e-10 -0.52811211
9.6249997e-10 -0.56354737
9.5999997e-10 -0.53031987
9.5749997e-10 -0.54887569
9.5499997e-10 -0.52207226
9.5249997e-10 -0.54837745
9.4999997e-10 -0.53129917
9.4749997e-10 -0.51488978
9.4499997e-10 -0.5461306
9.4249997e-10 -0.56541532
9.3999997e-10 -0.53089011
9.3749997e-10 -0.54425704
9.3499997e-10 -0.5538283
9.3249997e-10 -0.58231676
9.2999997e-10 -0.54040056
9.2749997e-10 -0.56737083
9.2499997e-10 -0.52507263
9.2249997e-10 -0.54456991
9.1999997e-10 -0.54810625
9.1749996e-10 -0.55888122
9.1499996e-10 -0.54048938
9.1249996e-10 -0.5480957
9.0999996e-10 -0.53314972
9.0749996e-10 -0.55222416
9.0499996e-10 -0.52530724
9.0249996e-10 -0.56143063
8.9999996e-10 -0.55368841
8.9749996e-10 -0.55899507
8.9499996e-10 -0.5207352
8.9249996e-10 -0.54287726
8.8999996e-10 -0.59522963
8.8749996e-10 -0.54515833
8.8499996e-10 -0.53587067
8.8249996e-10 -0.55129683
8.7999996e-10 -0.54304969
8.7749996e-10 -0.51954716
8.7499996e-10 -0.5644896
8.7249996e-10 -0.51488727
8.6999996e-10 -0.57690591
8.6749996e-10 -0.5712322
8.6499996e-10 -0.53422886
8.6249996e-10 -0.53536248
8.5999996e-10 -0.56665426
8.5749996e-10 -0.53541076
8.5499996e-10 -0.53127176
8.5249996e-10 -0.54818654
8.4999996e-10 -0.53842783
8.4749996e-10 -0.58833337
8.4499996e-10 -0.53866607
8.4249996e-10 -0.5523665
8.3999996e-10 -0.55852836
8.3749996e-10 -0.56413907
8.3499996e-10 -0.57063657
8.3249996e-10 -0.5602268
8.2999996e-10 -0.55639303
8.2749996e-10 -0.53423733
8.2499996e-10 -0.5663653
8.2249996e-10 -0.56372321
8.1999996e-10 -0.56118119
8.1749996e-10 -0.57077634
8.1499996e-10 -0.56982982
8.1249996e-10 -0.54658711
8.0999996e-10 -0.55588758
8.0749996e-10 -0.5553335
8.0499996e-10 -0.52951151
8.0249996e-10 -0.56138945
7.9999996e-10 -0.56148177
7.9749995e-10 -0.56899738
7.9499995e-10 -0.5809297
7.9249995e-10 -0.53925669
7.8999995e-10 -0.56140953
7.8749995e-10 -0.58748758
7.8499995e-10 -0.53274202
7.8249995e-10 -0.55925971
7.7999995e-10 -0.57613546
7.7749995e-10 -0.56457984
7.7499995e-10 -0.58243954
7.7249995e-10 -0.56002361
7.6999995e-10 -0.56718069
7.6749995e-10 -0.55158234
7.6499995e-10 -0.56278509
7.6249995e-10 -0.54486161
7.5999995e-10 -0.55264312
7.5749995e-10 -0.59683353
7.5499995e-10 -0.56450874
7.5249995e-10 -0.55923498
7.4999995e-10 -0.56485462
7.4749995e-10 -0.56164664
7.4499995e-10 -0.58898395
7.4249995e-10 -0.57223517
7.3999995e-10 -0.56509072
7.3749995e-10 -0.58563864
7.3499995e-10 -0.57287657
7.3249995e-10 -0.5888322
7.2999995e-10 -0.59325534
7.2749995e-10 -0.56917441
7.2499995e-10 -0.57029647
7.2249995e-10 -0.5716213
7.1999995e-10 -0.61221755
7.1749995e-10 -0.59192264
7.1499995e-10 -0.56491846
7.1249995e-10 -0.5855298
7.0999995e-10 -0.58765423
7.0749995e-10 -0.55680418
7.0499995e-10 -0.60087585
7.0249995e-10 -0.54406321
6.9999995e-10 -0.59802407
6.9749995e-10 -0.59503645
6.9499995e-10 -0.55830663
6.9249995e-10 -0.61058712
6.8999995e-10 -0.59207064
6.8749995e-10 -0.6067853
6.8499995e-10 -0.5907039
6.8249995e-10 -0.60299236
6.7999995e-10 -0.61422282
6.7749995e-10 -0.61651707
6.7499994e-10 -0.57750964
6.7249994e-10 -0.58533669
6.6999994e-10 -0.59203774
6.6749994e-10 -0.59738678
6.6499994e-10 -0.59573895
6.6249994e-10 -0.55407155
6.5999994e-10 -0.60534912
6.5749994e-10 -0.59220529
6.5499994e-10 -0.60396928
6.5249994e-10 -0.5788762
6.4999994e-10 -0.57576454
6.4749994e-10 -0.58514506
6.4499994e-10 -0.57602471
6.4249994e-10 -0.57147872
6.3999994e-10 -0.60955238
6.3749994e-10 -0.59792608
6.3499994e-10 -0.61036223
6.3249994e-10 -0.59116656
6.2999994e-10 -0.60448056
6.2749994e-10 -0.60007524
6.2499994e-10 -0.58768046
6.2249994e-10 -0.61700702
6.1999994e-10 -0.59145117
6.1749994e-10 -0.616597
6.1499994e-10 -0.60138553
6.1249994e-10 -0.6016019
6.0999994e-10 -0.6027531
6.0749994e-10 -0.62567651
6.0499994e-10 -0.6066258
6.0249994e-10 -0.63323385
5.9999994e-10 -0.63786435
5.9749994e-10 -0.61900669
5.9499994e-10 -0.61560434
5.9249994e-10 -0.60126561
5.8999994e-10 -0.63528889
5.8749994e-10 -0.59687728
5.8499994e-10 -0.61985761
5.8249994e-10 -0.62098652
5.7999994e-10 -0.6245718
5.7749994e-10 -0.64581275
5.7499994e-10 -0.59836733
5.7249994e-10 -0.62662804
5.6999994e-10 -0.64395666
5.6749994e-10 -0.60305434
5.6499994e-10 -0.62347895
5.6249994e-10 -0.62227422
5.5999994e-10 -0.64925969
5.5749994e-10 -0.60515785
5.5499993e-10 -0.61801642
5.5249993e-10 -0.60502857
5.4999993e-10 -0.62023616
5.4749993e-10 -0.62875843
5.4499993e-10 -0.64784461
5.4249993e-10 -0.65504694
5.3999993e-10 -0.66817296
5.3749993e-10 -0.66588986
5.3499993e-10 -0.64625078
5.3249999e-10 -0.66527706
5.2999999e-10 -0.64992583
5.2749999e-10 -0.65997624
5.2499999e-10 -0.65302068
5.2249999e-10 -0.67338061
5.1999999e-10 -0.62301075
5.1749999e-10 -0.6439718
5.1499999e-10 -0.61214817
5.1249999e-10 -0.66518021
5.0999999e-10 -0.64193779
5.0749999e-10 -0.67078042
5.0499999e-10 -0.63001341
5.0249999e-10 -0.6776616
4.9999999e-10 -0.67123508
4.9749999e-10 -0.62563288
4.9499999e-10 -0.62794751
4.9249999e-10 -0.68976587
4.8999999e-10 -0.65566766
4.8749998e-10 -0.66053873
4.8499998e-10 -0.64961326
4.8249998e-10 -0.66646558
4.7999998e-10 -0.66163301
4.7749998e-10 -0.68853211
4.7499998e-10 -0.6700384
4.7249998e-10 -0.689147
4.6999998e-10 -0.64278197
4.6749998e-10 -0.69403666
4.6499998e-10 -0.69945174
4.6249998e-10 -0.68970585
4.5999998e-10 -0.66814733
4.5749998e-10 -0.66204673
4.5499998e-10 -0.68334675
4.5249998e-10 -0.69570947
4.4999998e-10 -0.651887
4.4749998e-10 -0.69045717
4.4499998e-10 -0.68212491
4.4249998e-10 -0.6644001
4.3999998e-10 -0.70707279
4.3749998e-10 -0.68958348
4.3499998e-10 -0.65921628
4.3249998e-10 -0.68785185
4.2999998e-10 -0.69023854
4.2749998e-10 -0.70960897
4.2499998e-10 -0.71161526
4.2249998e-10 -0.72020239
4.1999998e-10 -0.67536014
4.1749998e-10 -0.65798163
4.1499998e-10 -0.67456686
4.1249998e-10 -0.69376415
4.0999998e-10 -0.70035928
4.0749998e-10 -0.67819017
4.0499998e-10 -0.66698432
4.0249998e-10 -0.70714766
3.9999998e-10 -0.6913901
3.9749998e-10 -0.69563961
3.9499998e-10 -0.72210658
3.9249998e-10 -0.71827209
3.8999998e-10 -0.74035472
3.8749998e-10 -0.72712052
3.8499998e-10 -0.73243344
3.8249998e-10 -0.690777
3.7999998e-10 -0.69913954
3.7749998e-10 -0.73782343
3.7499998e-10 -0.72232682
3.7249998e-10 -0.74511868
3.6999998e-10 -0.70099312
3.6749997e-10 -0.73156893
3.6499997e-10 -0.72803098
3.6249997e-10 -0.74658352
3.5999997e-10 -0.73321098
3.5749997e-10 -0.72884643
3.5499997e-10 -0.73975605
3.5249997e-10 -0.75120288
3.4999997e-10 -0.71383315
3.4749997e-10 -0.75228715
3.4499997e-10 -0.74944794
3.4249997e-10 -0.76402152
3.3999997e-10 -0.72880489
3.3749997e-10 -0.7703594
3.3499997e-10 -0.74375904
3.3249997e-10 -0.78010744
3.2999997e-10 -0.75339669
3.2749997e-10 -0.79993159
3.2499997e-10 -0.75990772
3.2249997e-10 -0.77596301
3.1999997e-10 -0.75457525
3.1749997e-10 -0.77400792
3.1499997e-10 -0.7482006
3.1249997e-10 -0.78673363
3.0999997e-10 -0.7784096
3.0749997e-10 -0.78015298
3.0499997e-10 -0.78216755
3.0249997e-10 -0.77624887
2.9999997e-10 -0.81308067
2.9749997e-10 -0.82352197
2.9499997e-10 -0.80351609
2.9249997e-10 -0.78587174
2.8999997e-10 -0.78280985
2.8749997e-10 -0.81475592
2.8499997e-10 -0.81125414
2.8249997e-10 -0.82909077
2.7999997e-10 -0.77069491
2.7749997e-10 -0.82630688
2.7499997e-10 -0.83853281
2.7249997e-10 -0.80521435
2.6999997e-10 -0.8393321
2.6749997e-10 -0.83052379
2.6499997e-10 -0.83530992
2.6249997e-10 -0.84169811
2.5999997e-10 -0.82662201
2.5749997e-10 -0.83913702
2.5499997e-10 -0.81566417
2.5249997e-10 -0.80899924
2.4999997e-10 -0.83778417
2.4749996e-10 -0.85865653
2.4499996e-10 -0.85296047
2.4249996e-10 -0.84373558
2.3999996e-10 -0.83416027
2.3749996e-10 -0.85223973
2.3499996e-10 -0.85582244
2.3249996e-10 -0.88565034
2.2999996e-10 -0.8412782
2.2749996e-10 -0.86650646
2.2499996e-10 -0.87855726
2.2249996e-10 -0.90682137
2.1999996e-10 -0.86772102
2.1749996e-10 -0.87028706
2.1499996e-10 -0.8827104
2.1249996e-10 -0.88193786
2.0999996e-10 -0.87960935
2.0749996e-10 -0.89701337
2.0499996e-10 -0.91054398
2.0249996e-10 -0.92916924
1.9999996e-10 -0.9252916
1.9749996e-10 -0.93147868
1.9499996e-10 -0.93293065
1.9249996e-10 -0.91178066
1.8999996e-10 -0.9370901
1.8749996e-10 -0.93372512
1.8499996e-10 -0.92509371
1.8249996e-10 -0.92464268
1.7999996e-10 -0.94439518
1.7749996e-10 -0.98350787
1.7499996e-10 -0.92648488
1.7249996e-10 -0.97174424
1.6999996e-10 -0.95141244
1.6749996e-10 -0.9644317
1.6499996e-10 -0.95532507
1.6249996e-10 -0.97117078
1.5999996e-10 -0.98634928
1.5749996e-10 -0.98329222
1.5499996e-10 -0.9911294
1.5249996e-10 -1.0363235
1.4999996e-10 -0.99603468
1.4749996e-10 -1.0033226
1.4499996e-10 -1.0053006
1.4249996e-10 -1.0336494
1.3999996e-10 -1.0099154
1.3749996e-10 -1.0336881
1.3499996e-10 -1.0440743
1.3249996e-10 -1.0223228
1.2999996e-10 -1.0796857
1.2749996e-10 -1.0295495
1.2499995e-10 -1.0220375
1.2249995e-10 -1.0386256
1.1999995e-10 -1.0587939
1.1749995e-10 -1.0467114
1.1499995e-10 -1.049927
1.1249995e-10 -1.1023595
1.0999995e-10 -1.0748078
1.0749995e-10 -1.0602447
1.0499995e-10 -1.0599266
1.0249995e-10 -1.1153114
9.9999953e-11 -1.0679648
9.7499953e-11 -1.1170626
9.4999952e-11 -1.0913353
9.2499952e-11 -1.1192024
8.9999952e-11 -1.0812297
8.7499952e-11 -1.1239189
8.4999952e-11 -1.1074919
8.2499951e-11 -1.0979282
7.9999951e-11 -1.1239157
7.7499951e-11 -1.1216406
7.4999951e-11 -1.0906658
7.249995e-11 -1.1452624
6.999995e-11 -1.1320964
6.7500006e-11 -1.1349697
6.5000005e-11 -1.1017313
6.2500005e-11 -1.1407746
6.0000005e-11 -1.1230959
5.7500005e-11 -1.1170852
5.5000005e-11 -1.1344047
5.2500004e-11 -1.150602
5.0000004e-11 -1.1703222
4.7500004e-11 -1.1443454
4.5000004e-11 -1.1629373
4.2500004e-11 -1.1825881
4.0000003e-11 -1.1763006
3.7500003e-11 -1.1580797
3.5000003e-11 -1.1712856
3.2500003e-11 -1.1788408
3.0000002e-11 -1.1973453
2.7500002e-11 -1.199324
2.5000002e-11 -1.1973814
2.2500002e-11 -1.1908665
2.0000002e-11 -1.2214189
1.7500001e-11 -1.2448652
1.5000001e-11 -1.193924
1.2500001e-11 -1.268654
1.0000001e-11 -1.2745308
7.5000006e-12 -1.2703036
5.0000004e-12 -1.2340423
2.5000002e-12 -1.2539055
0.0 -1.2662544
