9.9999997e-10 -0.50584757
9.9749997e-10 -0.53860432
9.9499997e-10 -0.42926657
9.9249997e-10 -0.49433085
9.8999997e-10 -0.54142565
9.8749997e-10 -0.51105988
9.8499997e-10 -0.4969283
9.8249997e-10 -0.55578274
9.7999997e-10 -0.61170983
9.7749997e-10 -0.59411204
9.7499997e-10 -0.58609396
9.7249997e-10 -0.59803748
9.6999997e-10 -0.49787733
9.6749997e-10 -0.4935267
9.6499997e-10 -0.51091909
9.6249997e-10 -0.5195753
9.5999997e-10 -0.50915229
9.5749997e-10 -0.59228349
9.5499997e-10 -0.51259327
9.5249997e-10 -0.5728755
9.4999997e-10 -0.60026318
9.4749997e-10 -0.51126897
9.4499997e-10 -0.62739259
9.4249997e-10 -0.56747466
9.3999997e-10 -0.50537682
9.3749997e-10 -0.53029084
9.3499997e-10 -0.47243303
9.3249997e-10 -0.55740565
9.2999997e-10 -0.53557312
9.2749997e-10 -0.58980256
9.2499997e-10 -0.55402744
9.2249997e-10 -0.55877548
9.1999997e-10 -0.526568
9.1749996e-10 -0.46837375
9.1499996e-10 -0.59264481
9.1249996e-10 -0.57428002
9.0999996e-10 -0.61579502
9.0749996e-10 -0.49023181
9.0499996e-10 -0.588866
9.0249996e-10 -0.53444576
8.9999996e-10 -0.46870437
8.9749996e-10 -0.53543812
8.9499996e-10 -0.6058867
8.9249996e-10 -0.6248861
8.8999996e-10 -0.60802782
8.8749996e-10 -0.59096909
8.8499996e-10 -0.59803796
8.8249996e-10 -0.58025229
8.7999996e-10 -0.55102974
8.7749996e-10 -0.59980029
8.7499996e-10 -0.59157729
8.7249996e-10 -0.59391165
8.6999996e-10 -0.55058295
8.6749996e-10 -0.64895201
8.6499996e-10 -0.62040657
8.6249996e-10 -0.54339123
8.5999996e-10 -0.55284244
8.5749996e-10 -0.58311164
8.5499996e-10 -0.61486995
8.5249996e-10 -0.66900307
8.4999996e-10 -0.58749461
8.4749996e-10 -0.56935477
8.4499996e-10 -0.61403692
8.4249996e-10 -0.57436562
8.3999996e-10 -0.58996767
8.3749996e-10 -0.53642088
8.3499996e-10 -0.55254346
8.3249996e-10 -0.56564289
8.2999996e-10 -0.66059899
8.2749996e-10 -0.63099021
8.2499996e-10 -0.60344833
8.2249996e-10 -0.55231583
8.1999996e-10 -0.53907967
8.1749996e-10 -0.55018836
8.1499996e-10 -0.56999648
8.1249996e-10 -0.53085774
8.0999996e-10 -0.52422851
8.0749996e-10 -0.5639618
8.0499996e-10 -0.64915347
8.0249996e-10 -0.609276
7.9999996e-10 -0.58621156
7.9749995e-10 -0.53650481
7.9499995e-10 -0.52185494
7.9249995e-10 -0.50285423
7.8999995e-10 -0.49677333
7.8749995e-10 -0.51823413
7.8499995e-10 -0.57363439
7.8249995e-10 -0.6075241
7.7999995e-10 -0.60649562
7.7749995e-10 -0.66750616
7.7499995e-10 -0.61271977
7.7249995e-10 -0.59968263
7.6999995e-10 -0.60440272
7.6749995e-10 -0.60901225
7.6499995e-10 -0.55478001
7.6249995e-10 -0.51995075
7.5999995e-10 -0.51070517
7.5749995e-10 -0.5636608
7.5499995e-10 -0.51686841
7.5249995e-10 -0.57855326
7.4999995e-10 -0.62294984
7.4749995e-10 -0.64844072
7.4499995e-10 -0.64590371
7.4249995e-10 -0.66014516
7.3999995e-10 -0.59935266
7.3749995e-10 -0.53722459
7.3499995e-10 -0.59450966
7.3249995e-10 -0.59626794
7.2999995e-10 -0.61002654
7.2749995e-10 -0.54823411
7.2499995e-10 -0.57446879
7.2249995e-10 -0.60670149
7.1999995e-10 -0.53935599
7.1749995e-10 -0.53839308
7.1499995e-10 -0.63568872
7.1249995e-10 -0.57210737
7.0999995e-10 -0.55918801
7.0749995e-10 -0.56828701
7.0499995e-10 -0.52813447
7.0249995e-10 -0.62005007
6.9999995e-10 -0.56621522
6.9749995e-10 -0.58223718
6.9499995e-10 -0.55916286
6.9249995e-10 -0.58883494
6.8999995e-10 -0.61752397
6.8749995e-10 -0.61937028
6.8499995e-10 -0.61021358
6.8249995e-10 -0.58894062
6.7999995e-10 -0.63905692
6.7749995e-10 -0.6224547
6.7499994e-10 -0.59153605
6.7249994e-10 -0.51315355
6.6999994e-10 -0.54223132
6.6749994e-10 -0.55152917
6.6499994e-10 -0.59257931
6.6249994e-10 -0.62676114
6.5999994e-10 -0.56132513
6.5749994e-10 -0.51854229
6.5499994e-10 -0.51376122
6.5249994e-10 -0.63854069
6.4999994e-10 -0.6246413
6.4749994e-10 -0.61948836
6.4499994e-10 -0.62575132
6.4249994e-10 -0.64345157
6.3999994e-10 -0.55676907
6.3749994e-10 -0.58023226
6.3499994e-10 -0.56111306
6.3249994e-10 -0.62053871
6.2999994e-10 -0.58771062
6.2749994e-10 -0.5942961
6.2499994e-10 -0.61930043
6.2249994e-10 -0.5518443
6.1999994e-10 -0.60450399
6.1749994e-10 -0.52506584
6.1499994e-10 -0.54923779
6.1249994e-10 -0.56460333
6.0999994e-10 -0.69082719
6.0749994e-10 -0.66102648
6.0499994e-10 -0.63343859
6.0249994e-10 -0.60700619
5.9999994e-10 -0.59835738
5.9749994e-10 -0.58976728
5.9499994e-10 -0.63139498
5.9249994e-10 -0.67461133
5.8999994e-10 -0.63125271
5.8749994e-10 -0.64349157
5.8499994e-10 -0.66292554
5.8249994e-10 -0.67624986
5.7999994e-10 -0.59616536
5.7749994e-10 -0.59252352
5.7499994e-10 -0.58199733
5.7249994e-10 -0.61703551
5.6999994e-10 -0.55134302
5.6749994e-10 -0.56655729
5.6499994e-10 -0.55180496
5.6249994e-10 -0.61618835
5.5999994e-10 -0.73161566
5.5749994e-10 -0.65778345
5.5499993e-10 -0.65999371
5.5249993e-10 -0.61034536
5.4999993e-10 -0.59295344
5.4749993e-10 -0.62637019
5.4499993e-10 -0.62881005
5.4249993e-10 -0.66729563
5.3999993e-10 -0.67124456
5.3749993e-10 -0.64534658
5.3499993e-10 -0.62419897
5.3249999e-10 -0.59756052
5.2999999e-10 -0.63098359
5.2749999e-10 -0.57761872
5.2499999e-10 -0.60898441
5.2249999e-10 -0.68544537
5.1999999e-10 -0.67572463
5.1749999e-10 -0.71203548
5.1499999e-10 -0.63222963
5.1249999e-10 -0.63298512
5.0999999e-10 -0.65950435
5.0749999e-10 -0.57288206
5.0499999e-10 -0.66595858
5.0249999e-10 -0.57984167
4.9999999e-10 -0.56851244
4.9749999e-10 -0.68119043
4.9499999e-10 -0.65056413
4.9249999e-10 -0.69064468
4.8999999e-10 -0.63183886
4.8749998e-10 -0.66927707
4.8499998e-10 -0.57489043
4.8249998e-10 -0.6496163
4.7999998e-10 -0.64855462
4.7749998e-10 -0.59986347
4.7499998e-10 -0.61188567
4.7249998e-10 -0.60844779
4.6999998e-10 -0.66299617
4.6749998e-10 -0.62762427
4.6499998e-10 -0.64395338
4.6249998e-10 -0.63829541
4.5999998e-10 -0.61207378
4.5749998e-10 -0.65445727
4.5499998e-10 -0.62786978
4.5249998e-10 -0.61413574
4.4999998e-10 -0.63454616
4.4749998e-10 -0.66113126
4.4499998e-10 -0.65547961
4.4249998e-10 -0.67902601
4.3999998e-10 -0.69439352
4.3749998e-10 -0.60763049
4.3499998e-10 -0.59407473
4.3249998e-10 -0.65595484
4.2999998e-10 -0.57423776
4.2749998e-10 -0.58298552
4.2499998e-10 -0.63437617
4.2249998e-10 -0.6649673
4.1999998e-10 -0.72791141
4.1749998e-10 -0.69602668
4.1499998e-10 -0.76695186
4.1249998e-10 -0.7244879
4.0999998e-10 -0.72772628
4.0749998e-10 -0.65841961
4.0499998e-10 -0.64305073
4.0249998e-10 -0.63210773
3.9999998e-10 -0.64760441
3.9749998e-10 -0.65651703
3.9499998e-10 -0.64958549
3.9249998e-10 -0.67523068
3.8999998e-10 -0.65115499
3.8749998e-10 -0.6573447
3.8499998e-10 -0.68110758
3.8249998e-10 -0.67871767
3.7999998e-10 -0.65589809
3.7749998e-10 -0.72386146
3.7499998e-10 -0.67392188
3.7249998e-10 -0.7245912
3.6999998e-10 -0.64675039
3.6749997e-10 -0.71674573
3.6499997e-10 -0.72200137
3.6249997e-10 -0.74469966
3.5999997e-10 -0.82951939
3.5749997e-10 -0.80255604
3.5499997e-10 -0.84815258
3.5249997e-10 -0.76476359
3.4999997e-10 -0.81792396
3.4749997e-10 -0.7975747
3.4499997e-10 -0.75671875
3.4249997e-10 -0.75187933
3.3999997e-10 -0.79531515
3.3749997e-10 -0.80915648
3.3499997e-10 -0.79066902
3.3249997e-10 -0.83029193
3.2999997e-10 -0.7569533
3.2749997e-10 -0.80007672
3.2499997e-10 -0.76687515
3.2249997e-10 -0.82935423
3.1999997e-10 -0.87442416
3.1749997e-10 -0.89145094
3.1499997e-10 -0.84620255
3.1249997e-10 -0.86714506
3.0999997e-10 -0.84493655
3.0749997e-10 -0.80970228
3.0499997e-10 -0.75981671
3.0249997e-10 -0.75023633
2.9999997e-10 -0.83523828
2.9749997e-10 -0.80833882
2.9499997e-10 -0.79449159
2.9249997e-10 -0.79430616
2.8999997e-10 -0.77617556
2.8749997e-10 -0.84675872
2.8499997e-10 -0.85465711
2.8249997e-10 -0.88637966
2.7999997e-10 -0.88331866
2.7749997e-10 -0.88157946
2.7499997e-10 -0.83340883
2.7249997e-10 -0.80560219
2.6999997e-10 -0.80228633
2.6749997e-10 -0.81736511
2.6499997e-10 -0.82696027
2.6249997e-10 -0.8724488
2.5999997e-10 -0.88548982
2.5749997e-10 -0.9028042
2.5499997e-10 -0.81302929
2.5249997e-10 -0.82457602
2.4999997e-10 -0.8136819
2.4749996e-10 -0.82179976
2.4499996e-10 -0.86469871
2.4249996e-10 -0.85441667
2.3999996e-10 -0.85272932
2.3749996e-10 -0.87782753
2.3499996e-10 -0.89541578
2.3249996e-10 -0.88100833
2.2999996e-10 -0.8379491
2.2749996e-10 -0.90093726
2.2499996e-10 -0.84377319
2.2249996e-10 -0.77000523
2.1999996e-10 -0.82595843
2.1749996e-10 -0.84246296
2.1499996e-10 -0.87362713
2.1249996e-10 -0.87452924
2.0999996e-10 -0.83410251
2.0749996e-10 -0.78877765
2.0499996e-10 -0.75962597
2.0249996e-10 -0.7413711
1.9999996e-10 -0.82242322
1.9749996e-10 -0.89003187
1.9499996e-10 -0.8857851
1.9249996e-10 -0.85851979
1.8999996e-10 -0.80861562
1.8749996e-10 -0.8069762
1.8499996e-10 -0.81212634
1.8249996e-10 -0.84875625
1.7999996e-10 -0.85094208
1.7749996e-10 -0.87499297
1.7499996e-10 -0.88432652
1.7249996e-10 -0.92598557
1.6999996e-10 -0.81395483
1.6749996e-10 -0.82224029
1.6499996e-10 -0.83442444
1.6249996e-10 -0.86969638
1.5999996e-10 -0.86024839
1.5749996e-10 -0.87235105
1.5499996e-10 -0.86671197
1.5249996e-10 -0.82425821
1.4999996e-10 -0.7911638
1.4749996e-10 -0.82018709
1.4499996e-10 -0.82424897
1.4249996e-10 -0.85707235
1.3999996e-10 -0.85041988
1.3749996e-10 -0.79669815
1.3499996e-10 -0.86742222
1.3249996e-10 -0.86298054
1.2999996e-10 -0.89860678
1.2749996e-10 -0.88676351
1.2499995e-10 -0.91398478
1.2249995e-10 -0.90206653
1.1999995e-10 -0.91751653
1.1749995e-10 -0.97034979
1.1499995e-10 -0.92924678
1.1249995e-10 -0.83756137
1.0999995e-10 -0.84275866
1.0749995e-10 -0.86014467
1.0499995e-10 -0.86141658
1.0249995e-10 -0.87572324
9.9999953e-11 -0.90720206
9.7499953e-11 -0.94526917
9.4999952e-11 -0.99536139
9.2499952e-11 -1.0391694
8.9999952e-11 -0.9734906
8.7499952e-11 -0.94268024
8.4999952e-11 -0.96085936
8.2499951e-11 -0.96213484
7.9999951e-11 -0.90733224
7.7499951e-11 -0.91103923
7.4999951e-11 -0.90392369
7.249995e-11 -0.90140074
6.999995e-11 -1.0114846
6.7500006e-11 -0.99313211
6.5000005e-11 -0.97052586
6.2500005e-11 -0.92778987
6.0000005e-11 -0.98562938
5.7500005e-11 -0.96787816
5.5000005e-11 -1.0791224
5.2500004e-11 -1.0429044
5.0000004e-11 -0.98116684
4.7500004e-11 -0.99623215
4.5000004e-11 -1.012187
4.2500004e-11 -1.1263075
4.0000003e-11 -1.0428092
3.7500003e-11 -0.97585225
3.5000003e-11 -0.98759288
3.2500003e-11 -0.98679084
3.0000002e-11 -1.0801818
2.7500002e-11 -1.0626173
2.5000002e-11 -1.0696894
2.2500002e-11 -0.98237896
2.0000002e-11 -1.0153551
1.7500001e-11 -1.0900899
1.5000001e-11 -1.1345414
1.2500001e-11 -1.0725464
1.0000001e-11 -1.0791782
7.5000006e-12 -1.1374215
5.0000004e-12 -1.1461231
2.5000002e-12 -1.1457014
0.0 -1.1001853
