0.0 -1.2310082
2.5000002e-12 -1.1627002
5.0000004e-12 -1.1200838
7.5000006e-12 -1.225185
1.0000001e-11 -1.2204276
1.2500001e-11 -1.0991609
1.5000001e-11 -1.1649572
1.7500001e-11 -1.1518108
2.0000002e-11 -1.1385583
2.2500002e-11 -1.136505
2.5000002e-11 -1.1489222
2.7500002e-11 -1.1660163
3.0000002e-11 -1.1462823
3.2500003e-11 -1.1658925
3.5000003e-11 -1.1820931
3.7500003e-11 -1.0984708
4.0000003e-11 -1.1163604
4.2500004e-11 -1.1674376
4.5000004e-11 -1.0779464
4.7500004e-11 -1.066738
5.0000004e-11 -1.0356505
5.2500004e-11 -1.1699831
5.5000005e-11 -1.1436328
5.7500005e-11 -1.0800883
6.0000005e-11 -1.0778145
6.2500005e-11 -1.1531916
6.5000005e-11 -1.0493468
6.7500006e-11 -1.0086381
6.999995e-11 -1.1175717
7.249995e-11 -1.0672585
7.4999951e-11 -0.98977596
7.7499951e-11 -1.0530949
7.9999951e-11 -1.0229959
8.2499951e-11 -1.0625491
8.4999952e-11 -1.0369496
8.7499952e-11 -1.0257145
8.9999952e-11 -0.99442041
9.2499952e-11 -1.0218332
9.4999952e-11 -1.0061262
9.7499953e-11 -1.034902
9.9999953e-11 -0.97490805
1.0249995e-10 -1.0177116
1.0499995e-10 -0.92999095
1.0749995e-10 -0.95363754
1.0999995e-10 -0.95843399
1.1249995e-10 -0.98050219
1.1499995e-10 -1.0281434
1.1749995e-10 -0.95091814
1.1999995e-10 -0.93088299
1.2249995e-10 -0.90121645
1.2499995e-10 -0.88444161
1.2749996e-10 -1.0286287
1.2999996e-10 -0.8759163
1.3249996e-10 -0.93507153
1.3499996e-10 -1.0058234
1.3749996e-10 -1.0361727
1.3999996e-10 -0.94553685
1.4249996e-10 -0.86136073
1.4499996e-10 -0.93130517
1.4749996e-10 -0.95187932
1.4999996e-10 -0.89173526
1.5249996e-10 -0.8761031
1.5499996e-10 -0.93932402
1.5749996e-10 -0.91645437
1.5999996e-10 -0.91623265
1.6249996e-10 -0.86174017
1.6499996e-10 -0.87546015
1.6749996e-10 -0.96658117
1.6999996e-10 -0.85670888
1.7249996e-10 -0.88375318
1.7499996e-10 -0.87029928
1.7749996e-10 -0.86347377
1.7999996e-10 -0.84911907
1.8249996e-10 -0.84125918
1.8499996e-10 -0.83783221
1.8749996e-10 -0.89182836
1.8999996e-10 -0.90998846
1.9249996e-10 -0.85634708
1.9499996e-10 -0.9141385
1.9749996e-10 -0.90587723
1.9999996e-10 -0.97044307
2.0249996e-10 -0.8476156
2.0499996e-10 -0.81524581
2.0749996e-10 -0.85549283
2.0999996e-10 -0.80507511
2.1249996e-10 -0.80137831
2.1499996e-10 -0.80618083
2.1749996e-10 -0.88071573
2.1999996e-10 -0.89265156
2.2249996e-10 -0.87458974
2.2499996e-10 -0.81689465
2.2749996e-10 -0.79879397
2.2999996e-10 -0.88493192
2.3249996e-10 -0.85452253
2.3499996e-10 -0.74004883
2.3749996e-10 -0.82033551
2.3999996e-10 -0.82147956
2.4249996e-10 -0.84619153
2.4499996e-10 -0.87867528
2.4749996e-10 -0.78749216
2.4999997e-10 -0.78078771
2.5249997e-10 -0.76059943
2.5499997e-10 -0.74179888
2.5749997e-10 -0.75564831
2.5999997e-10 -0.80525899
2.6249997e-10 -0.81980002
2.6499997e-10 -0.7541849
2.6749997e-10 -0.78964508
2.6999997e-10 -0.85422909
2.7249997e-10 -0.78873968
2.7499997e-10 -0.70259154
2.7749997e-10 -0.7415325
2.7999997e-10 -0.76047784
2.8249997e-10 -0.80787557
2.8499997e-10 -0.83131868
2.8749997e-10 -0.79142398
2.8999997e-10 -0.73000175
2.9249997e-10 -0.72595036
2.9499997e-10 -0.8591854
2.9749997e-10 -0.70438403
2.9999997e-10 -0.69919527
3.0249997e-10 -0.73512065
3.0499997e-10 -0.71484071
3.0749997e-10 -0.72867936
3.0999997e-10 -0.73558682
3.1249997e-10 -0.76381993
3.1499997e-10 -0.73881906
3.1749997e-10 -0.71435231
3.1999997e-10 -0.77817631
3.2249997e-10 -0.77048838
3.2499997e-10 -0.79794043
3.2749997e-10 -0.73426902
3.2999997e-10 -0.71804249
3.3249997e-10 -0.75540751
3.3499997e-10 -0.71035194
3.3749997e-10 -0.69688725
3.3999997e-10 -0.74591666
3.4249997e-10 -0.7691263
3.4499997e-10 -0.82086384
3.4749997e-10 -0.75465047
3.4999997e-10 -0.76426357
3.5249997e-10 -0.73448807
3.5499997e-10 -0.76031911
3.5749997e-10 -0.70850301
3.5999997e-10 -0.7211234
3.6249997e-10 -0.67480314
3.6499997e-10 -0.70683092
3.6749997e-10 -0.71498442
3.6999998e-10 -0.73321056
3.7249998e-10 -0.67466336
3.7499998e-10 -0.68620455
3.7749998e-10 -0.78925818
3.7999998e-10 -0.74628067
3.8249998e-10 -0.72007918
3.8499998e-10 -0.68074298
3.8749998e-10 -0.71132779
3.8999998e-10 -0.69720203
3.9249998e-10 -0.65562689
3.9499998e-10 -0.68001109
3.9749998e-10 -0.65267575
3.9999998e-10 -0.69071531
4.0249998e-10 -0.69054717
4.0499998e-10 -0.66197824
4.0749998e-10 -0.7708416
4.0999998e-10 -0.76625091
4.1249998e-10 -0.66014963
4.1499998e-10 -0.6888864
4.1749998e-10 -0.71706581
4.1999998e-10 -0.70865387
4.2249998e-10 -0.62948662
4.2499998e-10 -0.64354599
4.2749998e-10 -0.753447
4.2999998e-10 -0.70067757
4.3249998e-10 -0.65858394
4.3499998e-10 -0.70156157
4.3749998e-10 -0.70394313
4.3999998e-10 -0.6825422
4.4249998e-10 -0.67930603
4.4499998e-10 -0.63339239
4.4749998e-10 -0.62906319
4.4999998e-10 -0.73252761
4.5249998e-10 -0.72649443
4.5499998e-10 -0.60645705
4.5749998e-10 -0.64980406
4.5999998e-10 -0.65802503
4.6249998e-10 -0.72483295
4.6499998e-10 -0.73253733
4.6749998e-10 -0.5615387
4.6999998e-10 -0.65031314
4.7249998e-10 -0.66116148
4.7499998e-10 -0.73586893
4.7749998e-10 -0.70670849
4.7999998e-10 -0.68661076
4.8249998e-10 -0.6207611
4.8499998e-10 -0.65330189
4.8749998e-10 -0.70808649
4.8999999e-10 -0.6941641
4.9249999e-10 -0.7160868
4.9499999e-10 -0.64339274
4.9749999e-10 -0.61486852
4.9999999e-10 -0.60210764
5.0249999e-10 -0.6401968
5.0499999e-10 -0.73088706
5.0749999e-10 -0.6944508
5.0999999e-10 -0.70211107
5.1249999e-10 -0.62611353
5.1499999e-10 -0.74424618
5.1749999e-10 -0.64300805
5.1999999e-10 -0.69507188
5.2249999e-10 -0.72183704
5.2499999e-10 -0.55690092
5.2749999e-10 -0.59955305
5.2999999e-10 -0.62862128
5.3249999e-10 -0.63171715
5.3499993e-10 -0.69776869
5.3749993e-10 -0.70035344
5.3999993e-10 -0.67980009
5.4249993e-10 -0.61958218
5.4499993e-10 -0.62120217
5.4749993e-10 -0.65277839
5.4999993e-10 -0.65371686
5.5249993e-10 -0.6839667
5.5499993e-10 -0.67136449
5.5749994e-10 -0.68404317
5.5999994e-10 -0.72522736
5.6249994e-10 -0.69991821
5.6499994e-10 -0.65184391
5.6749994e-10 -0.66690433
5.6999994e-10 -0.74687755
5.7249994e-10 -0.64308292
5.7499994e-10 -0.64005804
5.7749994e-10 -0.61910027
5.7999994e-10 -0.59909809
5.8249994e-10 -0.67353505
5.8499994e-10 -0.6599437
5.8749994e-10 -0.68867493
5.8999994e-10 -0.68354934
5.9249994e-10 -0.6886096
5.9499994e-10 -0.69930756
5.9749994e-10 -0.61087608
5.9999994e-10 -0.62611836
6.0249994e-10 -0.61235219
6.0499994e-10 -0.64816523
6.0749994e-10 -0.64938831
6.0999994e-10 -0.7098676
6.1249994e-10 -0.70829749
6.1499994e-10 -0.63213837
6.1749994e-10 -0.66260159
6.1999994e-10 -0.64048493
6.2249994e-10 -0.60490793
6.2499994e-10 -0.56606781
6.2749994e-10 -0.58223689
6.2999994e-10 -0.58560014
6.3249994e-10 -0.61319715
6.3499994e-10 -0.60156322
6.3749994e-10 -0.63992059
6.3999994e-10 -0.66760325
6.4249994e-10 -0.69279873
6.4499994e-10 -0.66400909
6.4749994e-10 -0.66884118
6.4999994e-10 -0.65026861
6.5249994e-10 -0.67973346
6.5499994e-10 -0.70866609
6.5749994e-10 -0.66830301
6.5999994e-10 -0.59843367
6.6249994e-10 -0.59746712
6.6499994e-10 -0.58082712
6.6749994e-10 -0.66050398
6.6999994e-10 -0.71213967
6.7249994e-10 -0.60147923
6.7499994e-10 -0.65732455
6.7749995e-10 -0.66700965
6.7999995e-10 -0.62695247
6.8249995e-10 -0.66219002
6.8499995e-10 -0.66844296
6.8749995e-10 -0.5878635
6.8999995e-10 -0.6252259
6.9249995e-10 -0.5791012
6.9499995e-10 -0.55964744
6.9749995e-10 -0.58029485
6.9999995e-10 -0.59738636
7.0249995e-10 -0.59961772
7.0499995e-10 -0.63607627
7.0749995e-10 -0.60938132
7.0999995e-10 -0.60097075
7.1249995e-10 -0.62055558
7.1499995e-10 -0.55505985
7.1749995e-10 -0.56576127
7.1999995e-10 -0.57882583
7.2249995e-10 -0.60598266
7.2499995e-10 -0.61763239
7.2749995e-10 -0.5979175
7.2999995e-10 -0.6194874
7.3249995e-10 -0.62152267
7.3499995e-10 -0.5918631
7.3749995e-10 -0.57432842
7.3999995e-10 -0.54881436
7.4249995e-10 -0.54365277
7.4499995e-10 -0.53831917
7.4749995e-10 -0.59531754
7.4999995e-10 -0.55026102
7.5249995e-10 -0.61513644
7.5499995e-10 -0.57089734
7.5749995e-10 -0.54858255
7.5999995e-10 -0.69923282
7.6249995e-10 -0.61272126
7.6499995e-10 -0.65409136
7.6749995e-10 -0.63452351
7.6999995e-10 -0.64146817
7.7249995e-10 -0.65108538
7.7499995e-10 -0.59855002
7.7749995e-10 -0.63695109
7.7999995e-10 -0.60653114
7.8249995e-10 -0.65349036
7.8499995e-10 -0.6166144
7.8749995e-10 -0.62584263
7.8999995e-10 -0.57645416
7.9249995e-10 -0.58801353
7.9499995e-10 -0.61235654
7.9749995e-10 -0.6076957
7.9999996e-10 -0.60524982
8.0249996e-10 -0.58301419
8.0499996e-10 -0.52244079
8.0749996e-10 -0.53216195
8.0999996e-10 -0.55039245
8.1249996e-10 -0.53242689
8.1499996e-10 -0.55256695
8.1749996e-10 -0.60146105
8.1999996e-10 -0.52912235
8.2249996e-10 -0.61137754
8.2499996e-10 -0.54445928
8.2749996e-10 -0.57677084
8.2999996e-10 -0.57522959
8.3249996e-10 -0.66026056
8.3499996e-10 -0.58258033
8.3749996e-10 -0.5157823
8.3999996e-10 -0.59666115
8.4249996e-10 -0.59119725
8.4499996e-10 -0.5691998
8.4749996e-10 -0.52852637
8.4999996e-10 -0.54969156
8.5249996e-10 -0.54635572
8.5499996e-10 -0.54516709
8.5749996e-10 -0.55549222
8.5999996e-10 -0.57251227
8.6249996e-10 -0.60972226
8.6499996e-10 -0.5897243
8.6749996e-10 -0.59732693
8.6999996e-10 -0.63471609
8.7249996e-10 -0.57612151
8.7499996e-10 -0.54101235
8.7749996e-10 -0.54315752
8.7999996e-10 -0.57984406
8.8249996e-10 -0.54230213
8.8499996e-10 -0.55083776
8.8749996e-10 -0.53725302
8.8999996e-10 -0.46074986
8.9249996e-10 -0.54376203
8.9499996e-10 -0.57661963
8.9749996e-10 -0.53484195
8.9999996e-10 -0.57855839
9.0249996e-10 -0.58684748
9.0499996e-10 -0.62103814
9.0749996e-10 -0.62317073
9.0999996e-10 -0.61109817
9.1249996e-10 -0.6099264
9.1499996e-10 -0.55575824
9.1749996e-10 -0.57534707
9.1999997e-10 -0.52642322
9.2249997e-10 -0.5176968
9.2499997e-10 -0.52388602
9.2749997e-10 -0.53827304
9.2999997e-10 -0.62601078
9.3249997e-10 -0.62721837
9.3499997e-10 -0.60018224
9.3749997e-10 -0.64221853
9.3999997e-10 -0.55604929
9.4249997e-10 -0.49909803
9.4499997e-10 -0.54036802
9.4749997e-10 -0.53464341
9.4999997e-10 -0.55761063
9.5249997e-10 -0.57509571
9.5499997e-10 -0.60066473
9.5749997e-10 -0.55856913
9.5999997e-10 -0.51214111
9.6249997e-10 -0.54798514
9.6499997e-10 -0.57080734
9.6749997e-10 -0.52286351
9.6999997e-10 -0.53860807
9.7249997e-10 -0.5995236
9.7499997e-10 -0.59210199
9.7749997e-10 -0.64331084
9.7999997e-10 -0.57927358
9.8249997e-10 -0.62242514
9.8499997e-10 -0.53622782
9.8749997e-10 -0.53695685
9.8999997e-10 -0.51536387
9.9249997e-10 -0.4939754
9.9499997e-10 -0.53765303
9.9749997e-10 -0.57708842
9.9999997e-10 -0.49944484
