Z (m) Frequency Shift (Hz) Z-Spectroscopy_BP_00194.dat
0.0 -1.2950777
2.5000002e-12 -1.2652594
5.0000004e-12 -1.2510035
7.5000006e-12 -1.2264988
1.0000001e-11 -1.2375865
1.2500001e-11 -1.257338
1.5000001e-11 -1.2163347
1.7500001e-11 -1.2290599
2.0000002e-11 -1.2313871
2.2500002e-11 -1.1947908
2.5000002e-11 -1.1980863
2.7500002e-11 -1.2313411
3.0000002e-11 -1.2034686
3.2500003e-11 -1.1747416
3.5000003e-11 -1.1791881
3.7500003e-11 -1.1824852
4.0000003e-11 -1.1589916
4.2500004e-11 -1.1664896
4.5000004e-11 -1.1545466
4.7500004e-11 -1.1667426
5.0000004e-11 -1.1235723
5.2500004e-11 -1.1612825
5.5000005e-11 -1.1257064
5.7500005e-11 -1.1101918
6.0000005e-11 -1.1125877
6.2500005e-11 -1.0909822
6.5000005e-11 -1.1092563
6.7500006e-11 -1.1061344
6.999995e-11 -1.1047342
7.249995e-11 -1.1092219
7.4999951e-11 -1.0817577
7.7499951e-11 -1.0673435
7.9999951e-11 -1.1015214
8.2499951e-11 -1.0841603
8.4999952e-11 -1.0691125
8.7499952e-11 -1.0666411
8.9999952e-11 -1.0764558
9.2499952e-11 -1.0801255
9.4999952e-11 -1.0832415
9.7499953e-11 -1.0517942
9.9999953e-11 -1.0160214
1.0249995e-10 -1.0844734
1.0499995e-10 -1.0375726
1.0749995e-10 -1.0353676
1.0999995e-10 -1.0267323
1.1249995e-10 -1.0279926
1.1499995e-10 -1.0245312
1.1749995e-10 -1.0358527
1.1999995e-10 -1.0225645
1.2249995e-10 -1.0136021
1.2499995e-10 -0.99988794
1.2749996e-10 -0.97564888
1.2999996e-10 -0.98824036
1.3249996e-10 -0.9860701
1.3499996e-10 -0.97475594
1.3749996e-10 -1.007665
1.3999996e-10 -0.97883421
1.4249996e-10 -1.0002444
1.4499996e-10 -0.98812574
1.4749996e-10 -0.99501401
1.4999996e-10 -0.98673099
1.5249996e-10 -0.98721975
1.5499996e-10 -0.9512738
1.5749996e-10 -0.97152662
1.5999996e-10 -0.93918973
1.6249996e-10 -0.96152902
1.6499996e-10 -0.97214663
1.6749996e-10 -0.95859641
1.6999996e-10 -0.93713772
1.7249996e-10 -0.91705537
1.7499996e-10 -0.96354359
1.7749996e-10 -0.94290018
1.7999996e-10 -0.91401464
1.8249996e-10 -0.93373424
1.8499996e-10 -0.88505882
1.8749996e-10 -0.9213202
1.8999996e-10 -0.89947224
1.9249996e-10 -0.92106599
1.9499996e-10 -0.92970496
1.9749996e-10 -0.88001698
1.9999996e-10 -0.91495526
2.0249996e-10 -0.90436333
2.0499996e-10 -0.92150187
2.0749996e-10 -0.90888321
2.0999996e-10 -0.88085568
2.1249996e-10 -0.89309812
2.1499996e-10 -0.89174277
2.1749996e-10 -0.88972276
2.1999996e-10 -0.91537553
2.2249996e-10 -0.88188654
2.2499996e-10 -0.887236
2.2749996e-10 -0.83838719
2.2999996e-10 -0.88758636
2.3249996e-10 -0.88611293
2.3499996e-10 -0.87266523
2.3749996e-10 -0.85854197
2.3999996e-10 -0.87289655
2.4249996e-10 -0.87348866
2.4499996e-10 -0.88885993
2.4749996e-10 -0.87168473
2.4999997e-10 -0.86463988
2.5249997e-10 -0.88364577
2.5499997e-10 -0.87585473
2.5749997e-10 -0.86498088
2.5999997e-10 -0.8680256
2.6249997e-10 -0.83651119
2.6499997e-10 -0.88988221
2.6749997e-10 -0.88893169
2.6999997e-10 -0.86621869
2.7249997e-10 -0.85838819
2.7499997e-10 -0.86676615
2.7749997e-10 -0.84911138
2.7999997e-10 -0.91335809
2.8249997e-10 -0.87405878
2.8499997e-10 -0.8777082
2.8749997e-10 -0.83871019
2.8999997e-10 -0.84569716
2.9249997e-10 -0.88568729
2.9499997e-10 -0.8562364
2.9749997e-10 -0.84804195
2.9999997e-10 -0.86955345
3.0249997e-10 -0.84747344
3.0499997e-10 -0.8774758
3.0749997e-10 -0.88289404
3.0999997e-10 -0.85257035
3.1249997e-10 -0.8816539
3.1499997e-10 -0.86814392
3.1749997e-10 -0.85170013
3.1999997e-10 -0.82618469
3.2249997e-10 -0.85725659
3.2499997e-10 -0.85815746
3.2749997e-10 -0.86418945
3.2999997e-10 -0.86313003
3.3249997e-10 -0.85431063
3.3499997e-10 -0.87789476
3.3749997e-10 -0.84038198
3.3999997e-10 -0.86820102
3.4249997e-10 -0.84919173
3.4499997e-10 -0.88520551
3.4749997e-10 -0.88076121
3.4999997e-10 -0.84547329
3.5249997e-10 -0.84977996
3.5499997e-10 -0.83600593
3.5749997e-10 -0.8419593
3.5999997e-10 -0.83612335
3.6249997e-10 -0.82715505
3.6499997e-10 -0.87176782
3.6749997e-10 -0.83180559
3.6999998e-10 -0.82503301
3.7249998e-10 -0.81910139
3.7499998e-10 -0.8290785
3.7749998e-10 -0.81027818
3.7999998e-10 -0.84272718
3.8249998e-10 -0.81826448
3.8499998e-10 -0.80874497
3.8749998e-10 -0.7944268
3.8999998e-10 -0.82164443
3.9249998e-10 -0.82013315
3.9499998e-10 -0.79015714
3.9749998e-10 -0.76245362
3.9999998e-10 -0.81905943
4.0249998e-10 -0.76840138
4.0499998e-10 -0.79309165
4.0749998e-10 -0.7759071
4.0999998e-10 -0.77833664
4.1249998e-10 -0.78688133
4.1499998e-10 -0.7777431
4.1749998e-10 -0.76769888
4.1999998e-10 -0.74662912
4.2249998e-10 -0.74814427
4.2499998e-10 -0.71432102
4.2749998e-10 -0.77329957
4.2999998e-10 -0.75418192
4.3249998e-10 -0.73200661
4.3499998e-10 -0.74815756
4.3749998e-10 -0.69252288
4.3999998e-10 -0.75111377
4.4249998e-10 -0.71521693
4.4499998e-10 -0.72218823
4.4749998e-10 -0.72957206
4.4999998e-10 -0.67778528
4.5249998e-10 -0.71347427
4.5499998e-10 -0.68377119
4.5749998e-10 -0.71232027
4.5999998e-10 -0.6990214
4.6249998e-10 -0.71600062
4.6499998e-10 -0.67138231
4.6749998e-10 -0.68643069
4.6999998e-10 -0.67599809
4.7249998e-10 -0.71746689
4.7499998e-10 -0.68343216
4.7749998e-10 -0.66402829
4.7999998e-10 -0.67365581
4.8249998e-10 -0.69092989
4.8499998e-10 -0.64920217
4.8749998e-10 -0.66730905
4.8999999e-10 -0.67155385
4.9249999e-10 -0.65085882
4.9499999e-10 -0.71284747
4.9749999e-10 -0.64635456
4.9999999e-10 -0.65097183
5.0249999e-10 -0.65670145
5.0499999e-10 -0.64939636
5.0749999e-10 -0.64191371
5.0999999e-10 -0.63622922
5.1249999e-10 -0.66114658
5.1499999e-10 -0.63112944
5.1749999e-10 -0.64844292
5.1999999e-10 -0.674384
5.2249999e-10 -0.62244654
5.2499999e-10 -0.64836574
5.2749999e-10 -0.65333551
5.2999999e-10 -0.6392886
5.3249999e-10 -0.6265021
5.3499993e-10 -0.642075
5.3749993e-10 -0.66829175
5.3999993e-10 -0.64626938
5.4249993e-10 -0.60094213
5.4499993e-10 -0.60434496
5.4749993e-10 -0.62555265
5.4999993e-10 -0.62081933
5.5249993e-10 -0.63695163
5.5499993e-10 -0.65930915
5.5749994e-10 -0.63926071
5.5999994e-10 -0.62902391
5.6249994e-10 -0.62432897
5.6499994e-10 -0.60003066
5.6749994e-10 -0.60939777
5.6999994e-10 -0.63748872
5.7249994e-10 -0.62760848
5.7499994e-10 -0.61968905
5.7749994e-10 -0.62719703
5.7999994e-10 -0.6092605
5.8249994e-10 -0.61379647
5.8499994e-10 -0.60841531
5.8749994e-10 -0.61659491
5.8999994e-10 -0.63955712
5.9249994e-10 -0.61295724
5.9499994e-10 -0.62458986
5.9749994e-10 -0.64145797
5.9999994e-10 -0.60423708
6.0249994e-10 -0.61251688
6.0499994e-10 -0.61099756
6.0749994e-10 -0.61186028
6.0999994e-10 -0.66404974
6.1249994e-10 -0.62021554
6.1499994e-10 -0.60460573
6.1749994e-10 -0.62210834
6.1999994e-10 -0.61819899
6.2249994e-10 -0.58413148
6.2499994e-10 -0.62824225
6.2749994e-10 -0.65342194
6.2999994e-10 -0.61486334
6.3249994e-10 -0.63664603
6.3499994e-10 -0.60768479
6.3749994e-10 -0.62643886
6.3999994e-10 -0.6093809
6.4249994e-10 -0.61322123
6.4499994e-10 -0.6229586
6.4749994e-10 -0.60971898
6.4999994e-10 -0.59109902
6.5249994e-10 -0.61871624
6.5499994e-10 -0.63770711
6.5749994e-10 -0.61901373
6.5999994e-10 -0.60617471
6.6249994e-10 -0.61965054
6.6499994e-10 -0.61656833
6.6749994e-10 -0.63893378
6.6999994e-10 -0.59668523
6.7249994e-10 -0.63817823
6.7499994e-10 -0.62260735
6.7749995e-10 -0.60615331
6.7999995e-10 -0.61228472
6.8249995e-10 -0.6229853
6.8499995e-10 -0.57423449
6.8749995e-10 -0.6090433
6.8999995e-10 -0.61280465
6.9249995e-10 -0.60343397
6.9499995e-10 -0.60663414
6.9749995e-10 -0.60293168
6.9999995e-10 -0.59857184
7.0249995e-10 -0.59071267
7.0499995e-10 -0.59948945
7.0749995e-10 -0.59256792
7.0999995e-10 -0.59283131
7.1249995e-10 -0.58546454
7.1499995e-10 -0.60056245
7.1749995e-10 -0.57780898
7.1999995e-10 -0.62205833
7.2249995e-10 -0.58033884
7.2499995e-10 -0.58801359
7.2749995e-10 -0.60690421
7.2999995e-10 -0.5908767
7.3249995e-10 -0.59928668
7.3499995e-10 -0.57382184
7.3749995e-10 -0.59156704
7.3999995e-10 -0.56046468
7.4249995e-10 -0.54397529
7.4499995e-10 -0.58109713
7.4749995e-10 -0.59715092
7.4999995e-10 -0.58724332
7.5249995e-10 -0.57994026
7.5499995e-10 -0.58032811
7.5749995e-10 -0.578255
7.5999995e-10 -0.59537327
7.6249995e-10 -0.57718492
7.6499995e-10 -0.58248693
7.6749995e-10 -0.61835098
7.6999995e-10 -0.59037375
7.7249995e-10 -0.59168047
7.7499995e-10 -0.57955265
7.7749995e-10 -0.5751918
7.7999995e-10 -0.59184307
7.8249995e-10 -0.59378415
7.8499995e-10 -0.59260637
7.8749995e-10 -0.59298933
7.8999995e-10 -0.59377718
7.9249995e-10 -0.5736199
7.9499995e-10 -0.57677913
7.9749995e-10 -0.59043169
7.9999996e-10 -0.56481469
8.0249996e-10 -0.57706255
8.0499996e-10 -0.59998405
8.0749996e-10 -0.55467182
8.0999996e-10 -0.5931499
8.1249996e-10 -0.6071015
8.1499996e-10 -0.57044792
8.1749996e-10 -0.60859877
8.1999996e-10 -0.58052397
8.2249996e-10 -0.56703126
8.2499996e-10 -0.53727335
8.2749996e-10 -0.57495624
8.2999996e-10 -0.55493051
8.3249996e-10 -0.57936734
8.3499996e-10 -0.5749681
8.3749996e-10 -0.54803228
8.3999996e-10 -0.56091839
8.4249996e-10 -0.55772579
8.4499996e-10 -0.58360142
8.4749996e-10 -0.56587046
8.4999996e-10 -0.56056875
8.5249996e-10 -0.58836329
8.5499996e-10 -0.56610638
8.5749996e-10 -0.60788745
8.5999996e-10 -0.5620541
8.6249996e-10 -0.598759
8.6499996e-10 -0.57686484
8.6749996e-10 -0.56608891
8.6999996e-10 -0.6025545
8.7249996e-10 -0.52704191
8.7499996e-10 -0.55719453
8.7749996e-10 -0.6008904
8.7999996e-10 -0.58489621
8.8249996e-10 -0.57968616
8.8499996e-10 -0.56276673
8.8749996e-10 -0.57182831
8.8999996e-10 -0.56113982
8.9249996e-10 -0.57604104
8.9499996e-10 -0.55077672
8.9749996e-10 -0.56861275
8.9999996e-10 -0.57474363
9.0249996e-10 -0.56758767
9.0499996e-10 -0.576249
9.0749996e-10 -0.56288826
9.0999996e-10 -0.55341911
9.1249996e-10 -0.51261729
9.1499996e-10 -0.5663715
9.1749996e-10 -0.58982676
9.1999997e-10 -0.57777023
9.2249997e-10 -0.55147088
9.2499997e-10 -0.54743814
9.2749997e-10 -0.55320603
9.2999997e-10 -0.53867811
9.3249997e-10 -0.56716555
9.3499997e-10 -0.53897858
9.3749997e-10 -0.53018671
9.3999997e-10 -0.58515686
9.4249997e-10 -0.54885113
9.4499997e-10 -0.5637033
9.4749997e-10 -0.58445257
9.4999997e-10 -0.52842629
9.5249997e-10 -0.56057715
9.5499997e-10 -0.56189644
9.5749997e-10 -0.57293296
9.5999997e-10 -0.57920289
9.6249997e-10 -0.55874479
9.6499997e-10 -0.56211329
9.6749997e-10 -0.54026115
9.6999997e-10 -0.58955604
9.7249997e-10 -0.58398408
9.7499997e-10 -0.57512313
9.7749997e-10 -0.52292109
9.7999997e-10 -0.56543303
9.8249997e-10 -0.58185816
9.8499997e-10 -0.52803105
9.8749997e-10 -0.57020217
9.8999997e-10 -0.53979611
9.9249997e-10 -0.57581508
9.9499997e-10 -0.5598042
9.9749997e-10 -0.57483405
9.9999997e-10 -0.58390576
