9.9999997e-10 -0.47644228
9.9749997e-10 -0.54426771
9.9499997e-10 -0.52737629
9.9249997e-10 -0.63210553
9.8999997e-10 -0.51193112
9.8749997e-10 -0.55027205
9.8499997e-10 -0.5078811
9.8249997e-10 -0.48157242
9.7999997e-10 -0.62676203
9.7749997e-10 -0.53486222
9.7499997e-10 -0.57110709
9.7249997e-10 -0.5719552
9.6999997e-10 -0.49044594
9.6749997e-10 -0.49708918
9.6499997e-10 -0.60914445
9.6249997e-10 -0.67705697
9.5999997e-10 -0.59951198
9.5749997e-10 -0.60847318
9.5499997e-10 -0.4974595
9.5249997e-10 -0.49461159
9.4999997e-10 -0.53236717
9.4749997e-10 -0.53599691
9.4499997e-10 -0.54859954
9.4249997e-10 -0.47627452
9.3999997e-10 -0.52047843
9.3749997e-10 -0.48641261
9.3499997e-10 -0.42980847
9.3249997e-10 -0.56104177
9.2999997e-10 -0.61593789
9.2749997e-10 -0.56531161
9.2499997e-10 -0.49599078
9.2249997e-10 -0.53250986
9.1999997e-10 -0.55153054
9.1749996e-10 -0.56182486
9.1499996e-10 -0.5794825
9.1249996e-10 -0.55871028
9.0999996e-10 -0.59545016
9.0749996e-10 -0.53478527
9.0499996e-10 -0.56074983
9.0249996e-10 -0.47096577
8.9999996e-10 -0.56771493
8.9749996e-10 -0.62948668
8.9499996e-10 -0.59265023
8.9249996e-10 -0.58927864
8.8999996e-10 -0.5867148
8.8749996e-10 -0.48802456
8.8499996e-10 -0.50906628
8.8249996e-10 -0.53818434
8.7999996e-10 -0.6175983
8.7749996e-10 -0.49062702
8.7499996e-10 -0.55291831
8.7249996e-10 -0.58568907
8.6999996e-10 -0.55252725
8.6749996e-10 -0.5761928
8.6499996e-10 -0.53996181
8.6249996e-10 -0.48059276
8.5999996e-10 -0.56108809
8.5749996e-10 -0.54731929
8.5499996e-10 -0.59271574
8.5249996e-10 -0.56340349
8.4999996e-10 -0.48237231
8.4749996e-10 -0.55326921
8.4499996e-10 -0.58840489
8.4249996e-10 -0.57401544
8.3999996e-10 -0.64306188
8.3749996e-10 -0.64609331
8.3499996e-10 -0.49219155
8.3249996e-10 -0.53957945
8.2999996e-10 -0.51627427
8.2749996e-10 -0.59002566
8.2499996e-10 -0.52897084
8.2249996e-10 -0.47995818
8.1999996e-10 -0.50497288
8.1749996e-10 -0.62530327
8.1499996e-10 -0.67315567
8.1249996e-10 -0.62288028
8.0999996e-10 -0.62571585
8.0749996e-10 -0.53334337
8.0499996e-10 -0.46741965
8.0249996e-10 -0.53593022
7.9999996e-10 -0.49757507
7.9749995e-10 -0.58407462
7.9499995e-10 -0.53627092
7.9249995e-10 -0.58353639
7.8999995e-10 -0.49574021
7.8749995e-10 -0.50277662
7.8499995e-10 -0.4980053
7.8249995e-10 -0.47790682
7.7999995e-10 -0.52158815
7.7749995e-10 -0.64081466
7.7499995e-10 -0.62390929
7.7249995e-10 -0.57236612
7.6999995e-10 -0.49089706
7.6749995e-10 -0.48948696
7.6499995e-10 -0.50256145
7.6249995e-10 -0.67811567
7.5999995e-10 -0.58661127
7.5749995e-10 -0.64109486
7.5499995e-10 -0.63582224
7.5249995e-10 -0.63373971
7.4999995e-10 -0.53546458
7.4749995e-10 -0.48302406
7.4499995e-10 -0.52376229
7.4249995e-10 -0.57967973
7.3999995e-10 -0.60147882
7.3749995e-10 -0.48470166
7.3499995e-10 -0.58161145
7.3249995e-10 -0.59648627
7.2999995e-10 -0.5948987
7.2749995e-10 -0.55233592
7.2499995e-10 -0.60658109
7.2249995e-10 -0.56393087
7.1999995e-10 -0.61690122
7.1749995e-10 -0.63184988
7.1499995e-10 -0.54019314
7.1249995e-10 -0.52616584
7.0999995e-10 -0.53321207
7.0749995e-10 -0.49551049
7.0499995e-10 -0.48349515
7.0249995e-10 -0.54040748
6.9999995e-10 -0.55770832
6.9749995e-10 -0.62554449
6.9499995e-10 -0.5675354
6.9249995e-10 -0.63503498
6.8999995e-10 -0.54289776
6.8749995e-10 -0.54677284
6.8499995e-10 -0.49309695
6.8249995e-10 -0.53765041
6.7999995e-10 -0.52030367
6.7749995e-10 -0.62912399
6.7499994e-10 -0.57098246
6.7249994e-10 -0.6531356
6.6999994e-10 -0.55516642
6.6749994e-10 -0.61645997
6.6499994e-10 -0.55164158
6.6249994e-10 -0.58923471
6.5999994e-10 -0.55334139
6.5749994e-10 -0.60198754
6.5499994e-10 -0.50921357
6.5249994e-10 -0.60196102
6.4999994e-10 -0.54232186
6.4749994e-10 -0.65170777
6.4499994e-10 -0.68883878
6.4249994e-10 -0.63152599
6.3999994e-10 -0.51131624
6.3749994e-10 -0.56604177
6.3499994e-10 -0.50105256
6.3249994e-10 -0.59680194
6.2999994e-10 -0.5584659
6.2749994e-10 -0.58150238
6.2499994e-10 -0.52514541
6.2249994e-10 -0.5929566
6.1999994e-10 -0.51449049
6.1749994e-10 -0.55212003
6.1499994e-10 -0.69947672
6.1249994e-10 -0.67442799
6.0999994e-10 -0.64682961
6.0749994e-10 -0.62103927
6.0499994e-10 -0.62842506
6.0249994e-10 -0.64363968
5.9999994e-10 -0.60143906
5.9749994e-10 -0.63757706
5.9499994e-10 -0.66460603
5.9249994e-10 -0.64872932
5.8999994e-10 -0.55560422
5.8749994e-10 -0.57273906
5.8499994e-10 -0.59453911
5.8249994e-10 -0.57342947
5.7999994e-10 -0.53505152
5.7749994e-10 -0.62260085
5.7499994e-10 -0.6390391
5.7249994e-10 -0.63201469
5.6999994e-10 -0.69102597
5.6749994e-10 -0.59964776
5.6499994e-10 -0.6047684
5.6249994e-10 -0.57576191
5.5999994e-10 -0.54091781
5.5749994e-10 -0.62368542
5.5499993e-10 -0.60011476
5.5249993e-10 -0.67357534
5.4999993e-10 -0.64700955
5.4749993e-10 -0.59478378
5.4499993e-10 -0.64147997
5.4249993e-10 -0.55184561
5.3999993e-10 -0.649921
5.3749993e-10 -0.57803404
5.3499993e-10 -0.57580101
5.3249999e-10 -0.63815945
5.2999999e-10 -0.60473192
5.2749999e-10 -0.70984888
5.2499999e-10 -0.67865914
5.2249999e-10 -0.74114853
5.1999999e-10 -0.68348289
5.1749999e-10 -0.72927147
5.1499999e-10 -0.68011057
5.1249999e-10 -0.70507956
5.0999999e-10 -0.70071006
5.0749999e-10 -0.74800992
5.0499999e-10 -0.73803091
5.0249999e-10 -0.72779745
4.9999999e-10 -0.79371381
4.9749999e-10 -0.75591177
4.9499999e-10 -0.73779255
4.9249999e-10 -0.72108537
4.8999999e-10 -0.73334783
4.8749998e-10 -0.70299238
4.8499998e-10 -0.6558224
4.8249998e-10 -0.73619038
4.7999998e-10 -0.72075182
4.7749998e-10 -0.76217204
4.7499998e-10 -0.70786512
4.7249998e-10 -0.79901266
4.6999998e-10 -0.7865057
4.6749998e-10 -0.73882163
4.6499998e-10 -0.77794617
4.6249998e-10 -0.82583755
4.5999998e-10 -0.68490744
4.5749998e-10 -0.72148591
4.5499998e-10 -0.71157849
4.5249998e-10 -0.74600011
4.4999998e-10 -0.71191108
4.4749998e-10 -0.72314554
4.4499998e-10 -0.7432757
4.4249998e-10 -0.83625203
4.3999998e-10 -0.66132522
4.3749998e-10 -0.76724005
4.3499998e-10 -0.7608974
4.3249998e-10 -0.78563648
4.2999998e-10 -0.7307176
4.2749998e-10 -0.78121263
4.2499998e-10 -0.8115499
4.2249998e-10 -0.830374
4.1999998e-10 -0.81495911
4.1749998e-10 -0.87038994
4.1499998e-10 -0.83703691
4.1249998e-10 -0.76977712
4.0999998e-10 -0.82073706
4.0749998e-10 -0.81818151
4.0499998e-10 -0.73336685
4.0249998e-10 -0.8601684
3.9999998e-10 -0.78324789
3.9749998e-10 -0.7628668
3.9499998e-10 -0.79975915
3.9249998e-10 -0.71093827
3.8999998e-10 -0.74478328
3.8749998e-10 -0.76478785
3.8499998e-10 -0.75370193
3.8249998e-10 -0.74880439
3.7999998e-10 -0.70313692
3.7749998e-10 -0.77535146
3.7499998e-10 -0.71872425
3.7249998e-10 -0.75475472
3.6999998e-10 -0.74840027
3.6749997e-10 -0.76516545
3.6499997e-10 -0.78698599
3.6249997e-10 -0.80704403
3.5999997e-10 -0.83364958
3.5749997e-10 -0.77276552
3.5499997e-10 -0.75718611
3.5249997e-10 -0.74238032
3.4999997e-10 -0.78879237
3.4749997e-10 -0.74453753
3.4499997e-10 -0.73410434
3.4249997e-10 -0.78014904
3.3999997e-10 -0.75713748
3.3749997e-10 -0.73480093
3.3499997e-10 -0.77228004
3.3249997e-10 -0.70185757
3.2999997e-10 -0.66297328
3.2749997e-10 -0.81529629
3.2499997e-10 -0.74108511
3.2249997e-10 -0.73510259
3.1999997e-10 -0.67440951
3.1749997e-10 -0.73134303
3.1499997e-10 -0.76965231
3.1249997e-10 -0.77718049
3.0999997e-10 -0.85714859
3.0749997e-10 -0.80937326
3.0499997e-10 -0.77690792
3.0249997e-10 -0.70326287
2.9999997e-10 -0.7940262
2.9749997e-10 -0.69175327
2.9499997e-10 -0.70706242
2.9249997e-10 -0.75081706
2.8999997e-10 -0.84438288
2.8749997e-10 -0.67821896
2.8499997e-10 -0.73700929
2.8249997e-10 -0.73246807
2.7999997e-10 -0.78151417
2.7749997e-10 -0.73393726
2.7499997e-10 -0.77491099
2.7249997e-10 -0.73139161
2.6999997e-10 -0.67592371
2.6749997e-10 -0.76515716
2.6499997e-10 -0.73395658
2.6249997e-10 -0.84497964
2.5999997e-10 -0.81700754
2.5749997e-10 -0.82435876
2.5499997e-10 -0.79142761
2.5249997e-10 -0.78622359
2.4999997e-10 -0.90317792
2.4749996e-10 -0.8473292
2.4499996e-10 -0.81307966
2.4249996e-10 -0.84102184
2.3999996e-10 -0.87934434
2.3749996e-10 -0.83685422
2.3499996e-10 -0.88295752
2.3249996e-10 -0.90461498
2.2999996e-10 -0.94745767
2.2749996e-10 -0.86371171
2.2499996e-10 -0.86626869
2.2249996e-10 -0.84244561
2.1999996e-10 -0.81436372
2.1749996e-10 -0.82085258
2.1499996e-10 -0.80286622
2.1249996e-10 -0.81719464
2.0999996e-10 -0.75191844
2.0749996e-10 -0.81818259
2.0499996e-10 -0.89561826
2.0249996e-10 -0.85877973
1.9999996e-10 -0.87591606
1.9749996e-10 -0.82846713
1.9499996e-10 -0.89853138
1.9249996e-10 -0.93975317
1.8999996e-10 -0.880862
1.8749996e-10 -0.95425957
1.8499996e-10 -0.96830994
1.8249996e-10 -0.91007036
1.7999996e-10 -0.91312921
1.7749996e-10 -0.8275578
1.7499996e-10 -0.86229634
1.7249996e-10 -0.805888
1.6999996e-10 -0.83313328
1.6749996e-10 -0.86181188
1.6499996e-10 -0.81233889
1.6249996e-10 -0.82553297
1.5999996e-10 -0.82932597
1.5749996e-10 -0.85433328
1.5499996e-10 -0.93079937
1.5249996e-10 -0.95925331
1.4999996e-10 -0.91113269
1.4749996e-10 -0.94638276
1.4499996e-10 -0.90050817
1.4249996e-10 -0.83470553
1.3999996e-10 -0.89878899
1.3749996e-10 -0.97212273
1.3499996e-10 -1.0154405
1.3249996e-10 -0.91092318
1.2999996e-10 -0.89025718
1.2749996e-10 -0.91536349
1.2499995e-10 -0.97567654
1.2249995e-10 -0.89586502
1.1999995e-10 -0.95092857
1.1749995e-10 -0.92435598
1.1499995e-10 -0.95576662
1.1249995e-10 -0.97515416
1.0999995e-10 -0.94398701
1.0749995e-10 -0.97881562
1.0499995e-10 -1.0507561
1.0249995e-10 -0.98201728
9.9999953e-11 -0.92283243
9.7499953e-11 -0.96695083
9.4999952e-11 -1.047575
9.2499952e-11 -1.0309063
8.9999952e-11 -1.0680112
8.7499952e-11 -1.0737902
8.4999952e-11 -1.0590736
8.2499951e-11 -1.0063733
7.9999951e-11 -1.1388798
7.7499951e-11 -1.0616173
7.4999951e-11 -1.0669523
7.249995e-11 -1.1093565
6.999995e-11 -1.0186814
6.7500006e-11 -1.0466019
6.5000005e-11 -1.1354387
6.2500005e-11 -1.0121481
6.0000005e-11 -1.1934956
5.7500005e-11 -1.0831372
5.5000005e-11 -1.0509588
5.2500004e-11 -1.1295937
5.0000004e-11 -1.1066175
4.7500004e-11 -1.092638
4.5000004e-11 -1.0910469
4.2500004e-11 -1.0835576
4.0000003e-11 -1.1171787
3.7500003e-11 -1.0916481
3.5000003e-11 -1.0925181
3.2500003e-11 -1.1736308
3.0000002e-11 -1.1247501
2.7500002e-11 -1.2554678
2.5000002e-11 -1.2392405
2.2500002e-11 -1.1829607
2.0000002e-11 -1.1040959
1.7500001e-11 -1.1036223
1.5000001e-11 -1.1780152
1.2500001e-11 -1.0721906
1.0000001e-11 -1.1481469
7.5000006e-12 -1.1206529
5.0000004e-12 -1.1875309
2.5000002e-12 -1.1643488
0.0 -1.2219325
