0.0 -1.1274341
2.5000002e-12 -1.1811291
5.0000004e-12 -1.1919025
7.5000006e-12 -1.0898305
1.0000001e-11 -1.1132365
1.2500001e-11 -1.2011269
1.5000001e-11 -1.0492616
1.7500001e-11 -1.1730841
2.0000002e-11 -1.1816326
2.2500002e-11 -1.0225724
2.5000002e-11 -1.1341709
2.7500002e-11 -1.1298578
3.0000002e-11 -1.081269
3.2500003e-11 -1.1142693
3.5000003e-11 -1.0500443
3.7500003e-11 -1.1242645
4.0000003e-11 -1.113562
4.2500004e-11 -1.1221222
4.5000004e-11 -0.97940719
4.7500004e-11 -1.0917192
5.0000004e-11 -1.052049
5.2500004e-11 -1.0632867
5.5000005e-11 -1.0615094
5.7500005e-11 -0.97576278
6.0000005e-11 -1.0299376
6.2500005e-11 -1.0348424
6.5000005e-11 -0.9573189
6.7500006e-11 -1.0904408
6.999995e-11 -1.0585004
7.249995e-11 -0.96748912
7.4999951e-11 -1.051604
7.7499951e-11 -1.0263109
7.9999951e-11 -0.9932515
8.2499951e-11 -0.93036896
8.4999952e-11 -0.97713053
8.7499952e-11 -1.0081898
8.9999952e-11 -0.98894775
9.2499952e-11 -1.0345718
9.4999952e-11 -0.91070914
9.7499953e-11 -0.92951155
9.9999953e-11 -1.0390984
1.0249995e-10 -1.0256815
1.0499995e-10 -0.94372976
1.0749995e-10 -1.0165327
1.0999995e-10 -0.9691413
1.1249995e-10 -0.89534146
1.1499995e-10 -0.95359504
1.1749995e-10 -0.92761105
1.1999995e-10 -0.95406824
1.2249995e-10 -1.0417042
1.2499995e-10 -0.96768689
1.2749996e-10 -0.94555688
1.2999996e-10 -0.915223
1.3249996e-10 -0.97093844
1.3499996e-10 -0.93533832
1.3749996e-10 -0.94899553
1.3999996e-10 -0.89667422
1.4249996e-10 -0.91408324
1.4499996e-10 -0.97435689
1.4749996e-10 -0.88193721
1.4999996e-10 -0.8419922
1.5249996e-10 -0.83020777
1.5499996e-10 -0.87424076
1.5749996e-10 -0.88592935
1.5999996e-10 -0.89915389
1.6249996e-10 -0.87602663
1.6499996e-10 -0.88182825
1.6749996e-10 -0.86053121
1.6999996e-10 -0.81113845
1.7249996e-10 -0.88532013
1.7499996e-10 -0.80791265
1.7749996e-10 -0.80952263
1.7999996e-10 -0.89463151
1.8249996e-10 -0.88114488
1.8499996e-10 -0.88413137
1.8749996e-10 -0.80375373
1.8999996e-10 -0.78929025
1.9249996e-10 -0.91403723
1.9499996e-10 -0.87680531
1.9749996e-10 -0.78014725
1.9999996e-10 -0.88542712
2.0249996e-10 -0.8547712
2.0499996e-10 -0.83370578
2.0749996e-10 -0.86284965
2.0999996e-10 -0.7478686
2.1249996e-10 -0.81333268
2.1499996e-10 -0.86724508
2.1749996e-10 -0.81361866
2.1999996e-10 -0.81890935
2.2249996e-10 -0.84556526
2.2499996e-10 -0.75141329
2.2749996e-10 -0.76781738
2.2999996e-10 -0.75661117
2.3249996e-10 -0.78002888
2.3499996e-10 -0.82298911
2.3749996e-10 -0.75430793
2.3999996e-10 -0.78037554
2.4249996e-10 -0.80696088
2.4499996e-10 -0.81915593
2.4749996e-10 -0.8174324
2.4999997e-10 -0.82922405
2.5249997e-10 -0.84789491
2.5499997e-10 -0.85683036
2.5749997e-10 -0.79941511
2.5999997e-10 -0.73819327
2.6249997e-10 -0.73392057
2.6499997e-10 -0.81494039
2.6749997e-10 -0.77118874
2.6999997e-10 -0.80926865
2.7249997e-10 -0.80322337
2.7499997e-10 -0.78488004
2.7749997e-10 -0.75582778
2.7999997e-10 -0.74137425
2.8249997e-10 -0.77350372
2.8499997e-10 -0.69643551
2.8749997e-10 -0.70474964
2.8999997e-10 -0.65609711
2.9249997e-10 -0.66527694
2.9499997e-10 -0.67651886
2.9749997e-10 -0.77581227
2.9999997e-10 -0.75028515
3.0249997e-10 -0.78660411
3.0499997e-10 -0.76342416
3.0749997e-10 -0.78205472
3.0999997e-10 -0.73005146
3.1249997e-10 -0.67704344
3.1499997e-10 -0.69447017
3.1749997e-10 -0.68532044
3.1999997e-10 -0.65876579
3.2249997e-10 -0.74198765
3.2499997e-10 -0.76717484
3.2749997e-10 -0.70066214
3.2999997e-10 -0.67678159
3.3249997e-10 -0.67593366
3.3499997e-10 -0.62001348
3.3749997e-10 -0.73587692
3.3999997e-10 -0.73086202
3.4249997e-10 -0.65718114
3.4499997e-10 -0.67289805
3.4749997e-10 -0.67825639
3.4999997e-10 -0.67811233
3.5249997e-10 -0.66710794
3.5499997e-10 -0.72735405
3.5749997e-10 -0.78095061
3.5999997e-10 -0.72172415
3.6249997e-10 -0.71710157
3.6499997e-10 -0.67015487
3.6749997e-10 -0.68857098
3.6999998e-10 -0.71794891
3.7249998e-10 -0.68377882
3.7499998e-10 -0.66369307
3.7749998e-10 -0.68314159
3.7999998e-10 -0.68368554
3.8249998e-10 -0.69551021
3.8499998e-10 -0.6801706
3.8749998e-10 -0.69648749
3.8999998e-10 -0.68136221
3.9249998e-10 -0.741566
3.9499998e-10 -0.72614294
3.9749998e-10 -0.6768561
3.9999998e-10 -0.67762858
4.0249998e-10 -0.62715226
4.0499998e-10 -0.62515777
4.0749998e-10 -0.62720865
4.0999998e-10 -0.67263299
4.1249998e-10 -0.70997006
4.1499998e-10 -0.71607804
4.1749998e-10 -0.68996894
4.1999998e-10 -0.69307798
4.2249998e-10 -0.70550984
4.2499998e-10 -0.72966033
4.2749998e-10 -0.67840439
4.2999998e-10 -0.67264819
4.3249998e-10 -0.70523226
4.3499998e-10 -0.69680923
4.3749998e-10 -0.61840802
4.3999998e-10 -0.66016972
4.4249998e-10 -0.62993735
4.4499998e-10 -0.69993043
4.4749998e-10 -0.79773456
4.4999998e-10 -0.77427137
4.5249998e-10 -0.69682258
4.5499998e-10 -0.73886895
4.5749998e-10 -0.66014755
4.5999998e-10 -0.66732371
4.6249998e-10 -0.68414569
4.6499998e-10 -0.64146757
4.6749998e-10 -0.66994363
4.6999998e-10 -0.65540814
4.7249998e-10 -0.62804127
4.7499998e-10 -0.7087968
4.7749998e-10 -0.71365577
4.7999998e-10 -0.69621176
4.8249998e-10 -0.70904779
4.8499998e-10 -0.7143749
4.8749998e-10 -0.75844491
4.8999999e-10 -0.79944533
4.9249999e-10 -0.76857597
4.9499999e-10 -0.78619242
4.9749999e-10 -0.76388854
4.9999999e-10 -0.78432059
5.0249999e-10 -0.78945822
5.0499999e-10 -0.75989938
5.0749999e-10 -0.77902591
5.0999999e-10 -0.79003322
5.1249999e-10 -0.66895187
5.1499999e-10 -0.70307088
5.1749999e-10 -0.74522609
5.1999999e-10 -0.77668375
5.2249999e-10 -0.7633245
5.2499999e-10 -0.76381576
5.2749999e-10 -0.76150531
5.2999999e-10 -0.79034013
5.3249999e-10 -0.79201078
5.3499993e-10 -0.72364277
5.3749993e-10 -0.71226841
5.3999993e-10 -0.68585134
5.4249993e-10 -0.65680748
5.4499993e-10 -0.70826757
5.4749993e-10 -0.75561494
5.4999993e-10 -0.78823459
5.5249993e-10 -0.79631364
5.5499993e-10 -0.75947225
5.5749994e-10 -0.7506842
5.5999994e-10 -0.72117293
5.6249994e-10 -0.7494598
5.6499994e-10 -0.72567606
5.6749994e-10 -0.75610685
5.6999994e-10 -0.77191305
5.7249994e-10 -0.74615765
5.7499994e-10 -0.73271942
5.7749994e-10 -0.73141783
5.7999994e-10 -0.71888506
5.8249994e-10 -0.7327894
5.8499994e-10 -0.75846523
5.8749994e-10 -0.72070545
5.8999994e-10 -0.77440125
5.9249994e-10 -0.66201621
5.9499994e-10 -0.71107817
5.9749994e-10 -0.71053523
5.9999994e-10 -0.68903852
6.0249994e-10 -0.75431681
6.0499994e-10 -0.68732464
6.0749994e-10 -0.69184548
6.0999994e-10 -0.73287237
6.1249994e-10 -0.68102467
6.1499994e-10 -0.73488057
6.1749994e-10 -0.68901378
6.1999994e-10 -0.71204203
6.2249994e-10 -0.65313584
6.2499994e-10 -0.73799443
6.2749994e-10 -0.69495142
6.2999994e-10 -0.71119153
6.3249994e-10 -0.68287069
6.3499994e-10 -0.68732566
6.3749994e-10 -0.6936847
6.3999994e-10 -0.63241476
6.4249994e-10 -0.53197926
6.4499994e-10 -0.61460513
6.4749994e-10 -0.60915726
6.4999994e-10 -0.56244045
6.5249994e-10 -0.55364949
6.5499994e-10 -0.56966972
6.5749994e-10 -0.65448815
6.5999994e-10 -0.66926926
6.6249994e-10 -0.68376088
6.6499994e-10 -0.69322115
6.6749994e-10 -0.63212019
6.6999994e-10 -0.6287387
6.7249994e-10 -0.61008924
6.7499994e-10 -0.53379035
6.7749995e-10 -0.54415381
6.7999995e-10 -0.60815877
6.8249995e-10 -0.53052437
6.8499995e-10 -0.52821398
6.8749995e-10 -0.53172773
6.8999995e-10 -0.6377942
6.9249995e-10 -0.64519942
6.9499995e-10 -0.66803312
6.9749995e-10 -0.65898752
6.9999995e-10 -0.65582776
7.0249995e-10 -0.63487118
7.0499995e-10 -0.63806677
7.0749995e-10 -0.59674633
7.0999995e-10 -0.49310932
7.1249995e-10 -0.53028786
7.1499995e-10 -0.53463161
7.1749995e-10 -0.5552702
7.1999995e-10 -0.48677698
7.2249995e-10 -0.50603592
7.2499995e-10 -0.5243029
7.2749995e-10 -0.48199889
7.2999995e-10 -0.49646026
7.3249995e-10 -0.51759338
7.3499995e-10 -0.52075177
7.3749995e-10 -0.51110876
7.3999995e-10 -0.57039815
7.4249995e-10 -0.56921911
7.4499995e-10 -0.55549705
7.4749995e-10 -0.58544368
7.4999995e-10 -0.59998727
7.5249995e-10 -0.5812369
7.5499995e-10 -0.52432418
7.5749995e-10 -0.55242121
7.5999995e-10 -0.52163059
7.6249995e-10 -0.52099562
7.6499995e-10 -0.55904859
7.6749995e-10 -0.53551346
7.6999995e-10 -0.54315913
7.7249995e-10 -0.58115017
7.7499995e-10 -0.58036816
7.7749995e-10 -0.57105672
7.7999995e-10 -0.60353065
7.8249995e-10 -0.56777042
7.8499995e-10 -0.54865754
7.8749995e-10 -0.47002247
7.8999995e-10 -0.50634503
7.9249995e-10 -0.48727462
7.9499995e-10 -0.53967547
7.9749995e-10 -0.52318239
7.9999996e-10 -0.53608817
8.0249996e-10 -0.53711927
8.0499996e-10 -0.59137625
8.0749996e-10 -0.59806466
8.0999996e-10 -0.6297766
8.1249996e-10 -0.53117752
8.1499996e-10 -0.56002957
8.1749996e-10 -0.61108732
8.1999996e-10 -0.61228603
8.2249996e-10 -0.62104994
8.2499996e-10 -0.54510063
8.2749996e-10 -0.55599409
8.2999996e-10 -0.54349488
8.3249996e-10 -0.53278732
8.3499996e-10 -0.50673193
8.3749996e-10 -0.53752089
8.3999996e-10 -0.49785537
8.4249996e-10 -0.50842249
8.4499996e-10 -0.54056543
8.4749996e-10 -0.54222602
8.4999996e-10 -0.51003635
8.5249996e-10 -0.52911538
8.5499996e-10 -0.5886867
8.5749996e-10 -0.53208089
8.5999996e-10 -0.58265895
8.6249996e-10 -0.52532899
8.6499996e-10 -0.60897762
8.6749996e-10 -0.60145003
8.6999996e-10 -0.57048446
8.7249996e-10 -0.59300536
8.7499996e-10 -0.61386955
8.7749996e-10 -0.60885417
8.7999996e-10 -0.63878846
8.8249996e-10 -0.60710007
8.8499996e-10 -0.51752996
8.8749996e-10 -0.53081626
8.8999996e-10 -0.54139024
8.9249996e-10 -0.56881201
8.9499996e-10 -0.60463679
8.9749996e-10 -0.62627321
8.9999996e-10 -0.52656502
9.0249996e-10 -0.48135939
9.0499996e-10 -0.55970681
9.0749996e-10 -0.48063999
9.0999996e-10 -0.55906636
9.1249996e-10 -0.61371481
9.1499996e-10 -0.61312532
9.1749996e-10 -0.56376326
9.1999997e-10 -0.51928222
9.2249997e-10 -0.48767528
9.2499997e-10 -0.52851874
9.2749997e-10 -0.4870159
9.2999997e-10 -0.50981402
9.3249997e-10 -0.49211532
9.3499997e-10 -0.5637486
9.3749997e-10 -0.50426048
9.3999997e-10 -0.50791693
9.4249997e-10 -0.49140266
9.4499997e-10 -0.45380348
9.4749997e-10 -0.45454645
9.4999997e-10 -0.56163448
9.5249997e-10 -0.55680019
9.5499997e-10 -0.49269703
9.5749997e-10 -0.60117763
9.5999997e-10 -0.55678427
9.6249997e-10 -0.58721787
9.6499997e-10 -0.57527626
9.6749997e-10 -0.52190554
9.6999997e-10 -0.53867877
9.7249997e-10 -0.6160534
9.7499997e-10 -0.57400429
9.7749997e-10 -0.51397991
9.7999997e-10 -0.5297817
9.8249997e-10 -0.5066433
9.8499997e-10 -0.53038418
9.8749997e-10 -0.51155025
9.8999997e-10 -0.51231217
9.9249997e-10 -0.47989553
9.9499997e-10 -0.4663974
9.9749997e-10 -0.53107089
9.9999997e-10 -0.5192818
