9.9999997e-10 -0.51903522
9.9749997e-10 -0.52064592
9.9499997e-10 -0.54075623
9.9249997e-10 -0.51088291
9.8999997e-10 -0.52841491
9.8749997e-10 -0.5247944
9.8499997e-10 -0.48042816
9.8249997e-10 -0.53942519
9.7999997e-10 -0.53148288
9.7749997e-10 -0.52406913
9.7499997e-10 -0.53571945
9.7249997e-10 -0.52230948
9.6999997e-10 -0.56031179
9.6749997e-10 -0.52971834
9.6499997e-10 -0.54118198
9.6249997e-10 -0.55029112
9.5999997e-10 -0.51658487
9.5749997e-10 -0.52539062
9.5499997e-10 -0.52603978
9.5249997e-10 -0.52545738
9.4999997e-10 -0.52424818
9.4749997e-10 -0.53820825
9.4499997e-10 -0.52549547
9.4249997e-10 -0.51292819
9.3999997e-10 -0.53578264
9.3749997e-10 -0.51320451
9.3499997e-10 -0.51148945
9.3249997e-10 -0.51558107
9.2999997e-10 -0.5121001
9.2749997e-10 -0.54340684
9.2499997e-10 -0.54277211
9.2249997e-10 -0.51668626
9.1999997e-10 -0.52211827
9.1749996e-10 -0.51698446
9.1499996e-10 -0.55872667
9.1249996e-10 -0.54024893
9.0999996e-10 -0.5544827
9.0749996e-10 -0.54038686
9.0499996e-10 -0.53776652
9.0249996e-10 -0.52068406
8.9999996e-10 -0.51039159
8.9749996e-10 -0.51667291
8.9499996e-10 -0.56382942
8.9249996e-10 -0.5312261
8.8999996e-10 -0.54797655
8.8749996e-10 -0.52178425
8.8499996e-10 -0.53668392
8.8249996e-10 -0.53853297
8.7999996e-10 -0.53465581
8.7749996e-10 -0.52225423
8.7499996e-10 -0.53897697
8.7249996e-10 -0.51899737
8.6999996e-10 -0.56146413
8.6749996e-10 -0.51774013
8.6499996e-10 -0.54484189
8.6249996e-10 -0.49712142
8.5999996e-10 -0.52044934
8.5749996e-10 -0.54519397
8.5499996e-10 -0.5713113
8.5249996e-10 -0.50342989
8.4999996e-10 -0.53547996
8.4749996e-10 -0.54845864
8.4499996e-10 -0.53854638
8.4249996e-10 -0.53559333
8.3999996e-10 -0.58185643
8.3749996e-10 -0.5526548
8.3499996e-10 -0.57332903
8.3249996e-10 -0.52862608
8.2999996e-10 -0.5633443
8.2749996e-10 -0.54526901
8.2499996e-10 -0.53795731
8.2249996e-10 -0.52895117
8.1999996e-10 -0.55152845
8.1749996e-10 -0.54554772
8.1499996e-10 -0.55653167
8.1249996e-10 -0.54518747
8.0999996e-10 -0.53986692
8.0749996e-10 -0.54051042
8.0499996e-10 -0.55773866
8.0249996e-10 -0.55049056
7.9999996e-10 -0.56332403
7.9749995e-10 -0.55253565
7.9499995e-10 -0.54454458
7.9249995e-10 -0.55870634
7.8999995e-10 -0.56182933
7.8749995e-10 -0.55315632
7.8499995e-10 -0.55354959
7.8249995e-10 -0.5536828
7.7999995e-10 -0.57362258
7.7749995e-10 -0.55858934
7.7499995e-10 -0.53812307
7.7249995e-10 -0.57099771
7.6999995e-10 -0.56616575
7.6749995e-10 -0.56102288
7.6499995e-10 -0.57773173
7.6249995e-10 -0.54950923
7.5999995e-10 -0.56882173
7.5749995e-10 -0.56673092
7.5499995e-10 -0.55707872
7.5249995e-10 -0.54323429
7.4999995e-10 -0.55780107
7.4749995e-10 -0.57500243
7.4499995e-10 -0.56324637
7.4249995e-10 -0.55796355
7.3999995e-10 -0.57051432
7.3749995e-10 -0.57157618
7.3499995e-10 -0.55438077
7.3249995e-10 -0.55542022
7.2999995e-10 -0.55148631
7.2749995e-10 -0.55871624
7.2499995e-10 -0.55718172
7.2249995e-10 -0.59774071
7.1999995e-10 -0.60322756
7.1749995e-10 -0.57584357
7.1499995e-10 -0.56594181
7.1249995e-10 -0.55465353
7.0999995e-10 -0.59288239
7.0749995e-10 -0.55315959
7.0499995e-10 -0.57171518
7.0249995e-10 -0.57998669
6.9999995e-10 -0.56935579
6.9749995e-10 -0.55198431
6.9499995e-10 -0.57494175
6.9249995e-10 -0.5700475
6.8999995e-10 -0.58952099
6.8749995e-10 -0.58312643
6.8499995e-10 -0.5855937
6.8249995e-10 -0.57317567
6.7999995e-10 -0.5782643
6.7749995e-10 -0.61564499
6.7499994e-10 -0.60828805
6.7249994e-10 -0.56978118
6.6999994e-10 -0.58724129
6.6749994e-10 -0.59000397
6.6499994e-10 -0.57567453
6.6249994e-10 -0.58537674
6.5999994e-10 -0.54809356
6.5749994e-10 -0.59884828
6.5499994e-10 -0.59824723
6.5249994e-10 -0.56622624
6.4999994e-10 -0.58812392
6.4749994e-10 -0.61066383
6.4499994e-10 -0.59307265
6.4249994e-10 -0.61161935
6.3999994e-10 -0.58573914
6.3749994e-10 -0.61563009
6.3499994e-10 -0.60963172
6.3249994e-10 -0.60401064
6.2999994e-10 -0.60991162
6.2749994e-10 -0.58758909
6.2499994e-10 -0.60670519
6.2249994e-10 -0.59301478
6.1999994e-10 -0.6049825
6.1749994e-10 -0.6369409
6.1499994e-10 -0.60425502
6.1249994e-10 -0.66150743
6.0999994e-10 -0.62081271
6.0749994e-10 -0.63180071
6.0499994e-10 -0.59494191
6.0249994e-10 -0.64691794
5.9999994e-10 -0.62207597
5.9749994e-10 -0.62193763
5.9499994e-10 -0.61339837
5.9249994e-10 -0.61817867
5.8999994e-10 -0.61589205
5.8749994e-10 -0.63086003
5.8499994e-10 -0.62332672
5.8249994e-10 -0.6224339
5.7999994e-10 -0.62411654
5.7749994e-10 -0.63344586
5.7499994e-10 -0.63121158
5.7249994e-10 -0.60015965
5.6999994e-10 -0.61612719
5.6749994e-10 -0.66620672
5.6499994e-10 -0.66857022
5.6249994e-10 -0.64059186
5.5999994e-10 -0.62600517
5.5749994e-10 -0.63366783
5.5499993e-10 -0.64222813
5.5249993e-10 -0.66363019
5.4999993e-10 -0.614025
5.4749993e-10 -0.60997814
5.4499993e-10 -0.64408398
5.4249993e-10 -0.65088505
5.3999993e-10 -0.65492606
5.3749993e-10 -0.66557175
5.3499993e-10 -0.65822667
5.3249999e-10 -0.64675075
5.2999999e-10 -0.63829243
5.2749999e-10 -0.63756323
5.2499999e-10 -0.63273668
5.2249999e-10 -0.66932857
5.1999999e-10 -0.62790227
5.1749999e-10 -0.67149675
5.1499999e-10 -0.64133561
5.1249999e-10 -0.63644344
5.0999999e-10 -0.65857494
5.0749999e-10 -0.66565537
5.0499999e-10 -0.66630667
5.0249999e-10 -0.65141577
4.9999999e-10 -0.66110444
4.9749999e-10 -0.64824891
4.9499999e-10 -0.66993582
4.9249999e-10 -0.66593367
4.8999999e-10 -0.64867282
4.8749998e-10 -0.63766986
4.8499998e-10 -0.65377545
4.8249998e-10 -0.64496911
4.7999998e-10 -0.63119054
4.7749998e-10 -0.667274
4.7499998e-10 -0.65428686
4.7249998e-10 -0.66491461
4.6999998e-10 -0.65937424
4.6749998e-10 -0.65382314
4.6499998e-10 -0.68574196
4.6249998e-10 -0.65644658
4.5999998e-10 -0.65989292
4.5749998e-10 -0.64475602
4.5499998e-10 -0.67062706
4.5249998e-10 -0.64715856
4.4999998e-10 -0.66168922
4.4749998e-10 -0.64097452
4.4499998e-10 -0.6288631
4.4249998e-10 -0.64141589
4.3999998e-10 -0.64226532
4.3749998e-10 -0.6911999
4.3499998e-10 -0.66722226
4.3249998e-10 -0.62229216
4.2999998e-10 -0.68950105
4.2749998e-10 -0.6738748
4.2499998e-10 -0.6670683
4.2249998e-10 -0.68588835
4.1999998e-10 -0.68254626
4.1749998e-10 -0.67938906
4.1499998e-10 -0.66523564
4.1249998e-10 -0.66528225
4.0999998e-10 -0.66392589
4.0749998e-10 -0.69861132
4.0499998e-10 -0.64771408
4.0249998e-10 -0.68276775
3.9999998e-10 -0.68107009
3.9749998e-10 -0.69202793
3.9499998e-10 -0.69119811
3.9249998e-10 -0.70615071
3.8999998e-10 -0.70692211
3.8749998e-10 -0.69528401
3.8499998e-10 -0.70424622
3.8249998e-10 -0.72599882
3.7999998e-10 -0.71899134
3.7749998e-10 -0.70224267
3.7499998e-10 -0.70037633
3.7249998e-10 -0.7277751
3.6999998e-10 -0.71625811
3.6749997e-10 -0.68531436
3.6499997e-10 -0.70567858
3.6249997e-10 -0.72098815
3.5999997e-10 -0.72039837
3.5749997e-10 -0.72173715
3.5499997e-10 -0.72345454
3.5249997e-10 -0.72055
3.4999997e-10 -0.72341079
3.4749997e-10 -0.7251305
3.4499997e-10 -0.71944433
3.4249997e-10 -0.75194627
3.3999997e-10 -0.73645663
3.3749997e-10 -0.75555539
3.3499997e-10 -0.73918122
3.3249997e-10 -0.73810232
3.2999997e-10 -0.74497253
3.2749997e-10 -0.73774707
3.2499997e-10 -0.75363439
3.2249997e-10 -0.7815876
3.1999997e-10 -0.78311229
3.1749997e-10 -0.75776541
3.1499997e-10 -0.74163336
3.1249997e-10 -0.7558465
3.0999997e-10 -0.80146849
3.0749997e-10 -0.77116901
3.0499997e-10 -0.77297693
3.0249997e-10 -0.76057249
2.9999997e-10 -0.75690383
2.9749997e-10 -0.76704448
2.9499997e-10 -0.75424075
2.9249997e-10 -0.77456546
2.8999997e-10 -0.73002219
2.8749997e-10 -0.78819925
2.8499997e-10 -0.76389956
2.8249997e-10 -0.81857455
2.7999997e-10 -0.76001948
2.7749997e-10 -0.79431587
2.7499997e-10 -0.76924074
2.7249997e-10 -0.79957223
2.6999997e-10 -0.77798373
2.6749997e-10 -0.81826633
2.6499997e-10 -0.81415373
2.6249997e-10 -0.79234153
2.5999997e-10 -0.78286201
2.5749997e-10 -0.79549551
2.5499997e-10 -0.79137421
2.5249997e-10 -0.79773462
2.4999997e-10 -0.81202585
2.4749996e-10 -0.79473191
2.4499996e-10 -0.81701225
2.4249996e-10 -0.81383759
2.3999996e-10 -0.8407051
2.3749996e-10 -0.8325094
2.3499996e-10 -0.8210659
2.3249996e-10 -0.87241238
2.2999996e-10 -0.83459312
2.2749996e-10 -0.84615761
2.2499996e-10 -0.83305162
2.2249996e-10 -0.83663619
2.1999996e-10 -0.86449403
2.1749996e-10 -0.85035175
2.1499996e-10 -0.88240761
2.1249996e-10 -0.88998342
2.0999996e-10 -0.86306614
2.0749996e-10 -0.89737302
2.0499996e-10 -0.92027664
2.0249996e-10 -0.93251032
1.9999996e-10 -0.91809893
1.9749996e-10 -0.93248081
1.9499996e-10 -0.93988699
1.9249996e-10 -0.91740358
1.8999996e-10 -0.95130712
1.8749996e-10 -0.97188979
1.8499996e-10 -0.92856878
1.8249996e-10 -0.94448274
1.7999996e-10 -1.0135002
1.7749996e-10 -0.95055354
1.7499996e-10 -0.97074205
1.7249996e-10 -0.96386164
1.6999996e-10 -0.99875498
1.6749996e-10 -1.0081338
1.6499996e-10 -1.030557
1.6249996e-10 -1.0106075
1.5999996e-10 -1.0146079
1.5749996e-10 -0.99256366
1.5499996e-10 -1.0225793
1.5249996e-10 -1.0565275
1.4999996e-10 -1.0136894
1.4749996e-10 -1.03122
1.4499996e-10 -1.0418783
1.4249996e-10 -1.0342013
1.3999996e-10 -1.0545406
1.3749996e-10 -1.0656133
1.3499996e-10 -1.0809572
1.3249996e-10 -1.0437731
1.2999996e-10 -1.0844769
1.2749996e-10 -1.0366266
1.2499995e-10 -1.0811743
1.2249995e-10 -1.0977749
1.1999995e-10 -1.0818896
1.1749995e-10 -1.10715
1.1499995e-10 -1.0911664
1.1249995e-10 -1.105696
1.0999995e-10 -1.0976753
1.0749995e-10 -1.149467
1.0499995e-10 -1.1522813
1.0249995e-10 -1.1494437
9.9999953e-11 -1.1208087
9.7499953e-11 -1.1273237
9.4999952e-11 -1.1128639
9.2499952e-11 -1.13625
8.9999952e-11 -1.1452703
8.7499952e-11 -1.1650741
8.4999952e-11 -1.1506513
8.2499951e-11 -1.1692619
7.9999951e-11 -1.1725445
7.7499951e-11 -1.1679873
7.4999951e-11 -1.1671898
7.249995e-11 -1.1879972
6.999995e-11 -1.1954032
6.7500006e-11 -1.1770895
6.5000005e-11 -1.1846895
6.2500005e-11 -1.2229819
6.0000005e-11 -1.2013327
5.7500005e-11 -1.2191308
5.5000005e-11 -1.2112799
5.2500004e-11 -1.2275444
5.0000004e-11 -1.2358525
4.7500004e-11 -1.2156401
4.5000004e-11 -1.2352992
4.2500004e-11 -1.2752434
4.0000003e-11 -1.2185659
3.7500003e-11 -1.2615012
3.5000003e-11 -1.241003
3.2500003e-11 -1.2507645
3.0000002e-11 -1.2881757
2.7500002e-11 -1.2874168
2.5000002e-11 -1.2712438
2.2500002e-11 -1.2440554
2.0000002e-11 -1.2414664
1.7500001e-11 -1.2772194
1.5000001e-11 -1.287881
1.2500001e-11 -1.2671623
1.0000001e-11 -1.2858962
7.5000006e-12 -1.2901385
5.0000004e-12 -1.2536306
2.5000002e-12 -1.3114556
0.0 -1.3016826
