0.0 -1.1708652
2.5000002e-12 -1.1350075
5.0000004e-12 -1.1787204
7.5000006e-12 -1.0673702
1.0000001e-11 -1.0733297
1.2500001e-11 -1.1525679
1.5000001e-11 -1.1612805
1.7500001e-11 -1.1337993
2.0000002e-11 -1.1284753
2.2500002e-11 -1.1687865
2.5000002e-11 -1.1440908
2.7500002e-11 -1.0905215
3.0000002e-11 -1.0866148
3.2500003e-11 -1.1033816
3.5000003e-11 -1.1032594
3.7500003e-11 -1.0884954
4.0000003e-11 -1.0557458
4.2500004e-11 -1.0345982
4.5000004e-11 -1.0175569
4.7500004e-11 -1.1017201
5.0000004e-11 -1.1264009
5.2500004e-11 -1.1221472
5.5000005e-11 -1.1096969
5.7500005e-11 -1.0101544
6.0000005e-11 -0.99955505
6.2500005e-11 -0.97519433
6.5000005e-11 -1.0007
6.7500006e-11 -0.98542374
6.999995e-11 -1.0370301
7.249995e-11 -1.0452222
7.4999951e-11 -0.9982267
7.7499951e-11 -0.97585797
7.9999951e-11 -0.96445477
8.2499951e-11 -0.98356628
8.4999952e-11 -1.0230358
8.7499952e-11 -0.9709155
8.9999952e-11 -0.97041559
9.2499952e-11 -0.98549581
9.4999952e-11 -0.98661345
9.7499953e-11 -0.98497885
9.9999953e-11 -1.0128328
1.0249995e-10 -1.0096902
1.0499995e-10 -0.9426617
1.0749995e-10 -0.99506444
1.0999995e-10 -0.95969689
1.1249995e-10 -0.9204151
1.1499995e-10 -0.98313618
1.1749995e-10 -0.9685809
1.1999995e-10 -0.9382869
1.2249995e-10 -0.91833222
1.2499995e-10 -0.99884152
1.2749996e-10 -0.95463556
1.2999996e-10 -0.92695493
1.3249996e-10 -0.96053886
1.3499996e-10 -0.86719286
1.3749996e-10 -0.85359633
1.3999996e-10 -0.9793452
1.4249996e-10 -0.94148636
1.4499996e-10 -0.84369433
1.4749996e-10 -0.89171624
1.4999996e-10 -0.97615921
1.5249996e-10 -0.86785519
1.5499996e-10 -0.90160245
1.5749996e-10 -0.90916634
1.5999996e-10 -0.9260577
1.6249996e-10 -0.80272448
1.6499996e-10 -0.93773025
1.6749996e-10 -0.84039408
1.6999996e-10 -0.87975925
1.7249996e-10 -0.88750368
1.7499996e-10 -0.78283346
1.7749996e-10 -0.91753668
1.7999996e-10 -0.85555559
1.8249996e-10 -0.82380986
1.8499996e-10 -0.86873937
1.8749996e-10 -0.80821979
1.8999996e-10 -0.781932
1.9249996e-10 -0.89471549
1.9499996e-10 -0.85114604
1.9749996e-10 -0.78736562
1.9999996e-10 -0.80430764
2.0249996e-10 -0.83211088
2.0499996e-10 -0.94781685
2.0749996e-10 -0.82743549
2.0999996e-10 -0.83988035
2.1249996e-10 -0.83604676
2.1499996e-10 -0.77734172
2.1749996e-10 -0.83594823
2.1999996e-10 -0.87101001
2.2249996e-10 -0.80834752
2.2499996e-10 -0.88456208
2.2749996e-10 -0.84565866
2.2999996e-10 -0.84938496
2.3249996e-10 -0.7988351
2.3499996e-10 -0.88635421
2.3749996e-10 -0.87945431
2.3999996e-10 -0.76487792
2.4249996e-10 -0.81310421
2.4499996e-10 -0.88021493
2.4749996e-10 -0.83738136
2.4999997e-10 -0.79375052
2.5249997e-10 -0.87980133
2.5499997e-10 -0.83949792
2.5749997e-10 -0.84785461
2.5999997e-10 -0.84865075
2.6249997e-10 -0.84611547
2.6499997e-10 -0.8908869
2.6749997e-10 -0.88576382
2.6999997e-10 -0.8661952
2.7249997e-10 -0.82166344
2.7499997e-10 -0.79291064
2.7749997e-10 -0.81007141
2.7999997e-10 -0.8106252
2.8249997e-10 -0.80273831
2.8499997e-10 -0.84940797
2.8749997e-10 -0.82921702
2.8999997e-10 -0.77150565
2.9249997e-10 -0.78321677
2.9499997e-10 -0.87439907
2.9749997e-10 -0.90030748
2.9999997e-10 -0.8698768
3.0249997e-10 -0.81134427
3.0499997e-10 -0.8198387
3.0749997e-10 -0.89405316
3.0999997e-10 -0.86455214
3.1249997e-10 -0.84781176
3.1499997e-10 -0.8570441
3.1749997e-10 -0.9004001
3.1999997e-10 -0.80677193
3.2249997e-10 -0.86743897
3.2499997e-10 -0.83504516
3.2749997e-10 -0.77613699
3.2999997e-10 -0.84998649
3.3249997e-10 -0.86704898
3.3499997e-10 -0.7814604
3.3749997e-10 -0.70589149
3.3999997e-10 -0.72486532
3.4249997e-10 -0.75144666
3.4499997e-10 -0.83110565
3.4749997e-10 -0.87979817
3.4999997e-10 -0.76582366
3.5249997e-10 -0.82351202
3.5499997e-10 -0.82259566
3.5749997e-10 -0.77404529
3.5999997e-10 -0.84267682
3.6249997e-10 -0.85564381
3.6499997e-10 -0.81766784
3.6749997e-10 -0.80656457
3.6999998e-10 -0.81582975
3.7249998e-10 -0.82827914
3.7499998e-10 -0.82356834
3.7749998e-10 -0.76625276
3.7999998e-10 -0.77752537
3.8249998e-10 -0.81521505
3.8499998e-10 -0.68352443
3.8749998e-10 -0.83455515
3.8999998e-10 -0.82226306
3.9249998e-10 -0.76784962
3.9499998e-10 -0.72657049
3.9749998e-10 -0.68260401
3.9999998e-10 -0.78683245
4.0249998e-10 -0.77278024
4.0499998e-10 -0.72404182
4.0749998e-10 -0.79919237
4.0999998e-10 -0.73380458
4.1249998e-10 -0.68114513
4.1499998e-10 -0.83161533
4.1749998e-10 -0.76483804
4.1999998e-10 -0.6915313
4.2249998e-10 -0.68521249
4.2499998e-10 -0.69364351
4.2749998e-10 -0.7733857
4.2999998e-10 -0.66511714
4.3249998e-10 -0.66155839
4.3499998e-10 -0.65871263
4.3749998e-10 -0.6847828
4.3999998e-10 -0.71530604
4.4249998e-10 -0.64381838
4.4499998e-10 -0.66256458
4.4749998e-10 -0.6917606
4.4999998e-10 -0.71345156
4.5249998e-10 -0.69584143
4.5499998e-10 -0.66563821
4.5749998e-10 -0.72903949
4.5999998e-10 -0.67551166
4.6249998e-10 -0.61991608
4.6499998e-10 -0.69139379
4.6749998e-10 -0.73180252
4.6999998e-10 -0.69112521
4.7249998e-10 -0.65179354
4.7499998e-10 -0.70292062
4.7749998e-10 -0.66104579
4.7999998e-10 -0.63774645
4.8249998e-10 -0.65645212
4.8499998e-10 -0.66636074
4.8749998e-10 -0.6357438
4.8999999e-10 -0.68557531
4.9249999e-10 -0.61892194
4.9499999e-10 -0.67818367
4.9749999e-10 -0.64146614
4.9999999e-10 -0.62837398
5.0249999e-10 -0.68751109
5.0499999e-10 -0.69485557
5.0749999e-10 -0.69622374
5.0999999e-10 -0.58502656
5.1249999e-10 -0.59774244
5.1499999e-10 -0.68158472
5.1749999e-10 -0.61558622
5.1999999e-10 -0.58944136
5.2249999e-10 -0.6518659
5.2499999e-10 -0.61909169
5.2749999e-10 -0.62274283
5.2999999e-10 -0.63688207
5.3249999e-10 -0.5265817
5.3499993e-10 -0.65699267
5.3749993e-10 -0.71950758
5.3999993e-10 -0.70548368
5.4249993e-10 -0.5869804
5.4499993e-10 -0.5765661
5.4749993e-10 -0.68820041
5.4999993e-10 -0.63447523
5.5249993e-10 -0.64756429
5.5499993e-10 -0.5817396
5.5749994e-10 -0.60067534
5.5999994e-10 -0.62613267
5.6249994e-10 -0.66952604
5.6499994e-10 -0.68774998
5.6749994e-10 -0.58922374
5.6999994e-10 -0.58710015
5.7249994e-10 -0.62395608
5.7499994e-10 -0.63807791
5.7749994e-10 -0.59308785
5.7999994e-10 -0.60567838
5.8249994e-10 -0.62698931
5.8499994e-10 -0.69013846
5.8749994e-10 -0.6181165
5.8999994e-10 -0.55861586
5.9249994e-10 -0.54406983
5.9499994e-10 -0.64068156
5.9749994e-10 -0.62467027
5.9999994e-10 -0.64763099
6.0249994e-10 -0.64623523
6.0499994e-10 -0.57157344
6.0749994e-10 -0.53726673
6.0999994e-10 -0.60734832
6.1249994e-10 -0.66873384
6.1499994e-10 -0.66374338
6.1749994e-10 -0.58646333
6.1999994e-10 -0.56894696
6.2249994e-10 -0.65483594
6.2499994e-10 -0.61781257
6.2749994e-10 -0.58608234
6.2999994e-10 -0.51297671
6.3249994e-10 -0.61127388
6.3499994e-10 -0.65186638
6.3749994e-10 -0.60165226
6.3999994e-10 -0.64112282
6.4249994e-10 -0.57263488
6.4499994e-10 -0.56026888
6.4749994e-10 -0.56958079
6.4999994e-10 -0.67130804
6.5249994e-10 -0.63358164
6.5499994e-10 -0.58664244
6.5749994e-10 -0.54644567
6.5999994e-10 -0.56490475
6.6249994e-10 -0.59953582
6.6499994e-10 -0.63529801
6.6749994e-10 -0.56979847
6.6999994e-10 -0.53438449
6.7249994e-10 -0.65271324
6.7499994e-10 -0.57866234
6.7749995e-10 -0.63591075
6.7999995e-10 -0.56959611
6.8249995e-10 -0.62994206
6.8499995e-10 -0.63512838
6.8749995e-10 -0.62418157
6.8999995e-10 -0.61374098
6.9249995e-10 -0.54551995
6.9499995e-10 -0.62390131
6.9749995e-10 -0.60965365
6.9999995e-10 -0.57372117
7.0249995e-10 -0.5259847
7.0499995e-10 -0.56891406
7.0749995e-10 -0.60185075
7.0999995e-10 -0.56957692
7.1249995e-10 -0.58597207
7.1499995e-10 -0.62270409
7.1749995e-10 -0.64168721
7.1999995e-10 -0.64769667
7.2249995e-10 -0.65445471
7.2499995e-10 -0.65775651
7.2749995e-10 -0.50943184
7.2999995e-10 -0.58549035
7.3249995e-10 -0.61853725
7.3499995e-10 -0.64574122
7.3749995e-10 -0.56468976
7.3999995e-10 -0.51181275
7.4249995e-10 -0.62585765
7.4499995e-10 -0.61502981
7.4749995e-10 -0.64621025
7.4999995e-10 -0.68703002
7.5249995e-10 -0.65719527
7.5499995e-10 -0.5884527
7.5749995e-10 -0.67623454
7.5999995e-10 -0.57877314
7.6249995e-10 -0.52117562
7.6499995e-10 -0.54263705
7.6749995e-10 -0.53056931
7.6999995e-10 -0.55269939
7.7249995e-10 -0.5995627
7.7499995e-10 -0.59178621
7.7749995e-10 -0.63613087
7.7999995e-10 -0.5619961
7.8249995e-10 -0.54233754
7.8499995e-10 -0.55373955
7.8749995e-10 -0.61158866
7.8999995e-10 -0.5314393
7.9249995e-10 -0.50712013
7.9499995e-10 -0.53792846
7.9749995e-10 -0.61942017
7.9999996e-10 -0.57251352
8.0249996e-10 -0.55711943
8.0499996e-10 -0.59114087
8.0749996e-10 -0.54272974
8.0999996e-10 -0.6452474
8.1249996e-10 -0.58384359
8.1499996e-10 -0.54033929
8.1749996e-10 -0.55606592
8.1999996e-10 -0.59725314
8.2249996e-10 -0.63694525
8.2499996e-10 -0.56268835
8.2749996e-10 -0.52590543
8.2999996e-10 -0.56527376
8.3249996e-10 -0.5599882
8.3499996e-10 -0.60621607
8.3749996e-10 -0.64190131
8.3999996e-10 -0.54843867
8.4249996e-10 -0.53390694
8.4499996e-10 -0.56434584
8.4749996e-10 -0.56597072
8.4999996e-10 -0.65734434
8.5249996e-10 -0.65162849
8.5499996e-10 -0.61278087
8.5749996e-10 -0.52550328
8.5999996e-10 -0.59747714
8.6249996e-10 -0.62933248
8.6499996e-10 -0.65385222
8.6749996e-10 -0.56421185
8.6999996e-10 -0.54288679
8.7249996e-10 -0.59588075
8.7499996e-10 -0.56837612
8.7749996e-10 -0.52541173
8.7999996e-10 -0.4977504
8.8249996e-10 -0.54297936
8.8499996e-10 -0.48763719
8.8749996e-10 -0.54318905
8.8999996e-10 -0.57361621
8.9249996e-10 -0.55149961
8.9499996e-10 -0.5616805
8.9749996e-10 -0.60828078
8.9999996e-10 -0.55094582
9.0249996e-10 -0.50744569
9.0499996e-10 -0.49345061
9.0749996e-10 -0.55909306
9.0999996e-10 -0.58580047
9.1249996e-10 -0.6285069
9.1499996e-10 -0.58445746
9.1749996e-10 -0.58510286
9.1999997e-10 -0.51916009
9.2249997e-10 -0.49800611
9.2499997e-10 -0.49233794
9.2749997e-10 -0.50794888
9.2999997e-10 -0.53066081
9.3249997e-10 -0.53996348
9.3499997e-10 -0.59014058
9.3749997e-10 -0.63683218
9.3999997e-10 -0.62116259
9.4249997e-10 -0.57655555
9.4499997e-10 -0.57423848
9.4749997e-10 -0.56967854
9.4999997e-10 -0.4912757
9.5249997e-10 -0.47446126
9.5499997e-10 -0.4909355
9.5749997e-10 -0.5759806
9.5999997e-10 -0.60368431
9.6249997e-10 -0.54472679
9.6499997e-10 -0.51224881
9.6749997e-10 -0.64569098
9.6999997e-10 -0.62505728
9.7249997e-10 -0.62716836
9.7499997e-10 -0.59371758
9.7749997e-10 -0.63831472
9.7999997e-10 -0.55496472
9.8249997e-10 -0.56947231
9.8499997e-10 -0.52995467
9.8749997e-10 -0.54444343
9.8999997e-10 -0.48219991
9.9249997e-10 -0.60869199
9.9499997e-10 -0.59041613
9.9749997e-10 -0.53915113
9.9999997e-10 -0.57123238
