Z (m) Frequency Shift (Hz) Z-Spectroscopy_BP_00186.dat
0.0 -1.3068086
2.5000002e-12 -1.3157306
5.0000004e-12 -1.3165526
7.5000006e-12 -1.3338977
1.0000001e-11 -1.2626505
1.2500001e-11 -1.2771082
1.5000001e-11 -1.2963606
1.7500001e-11 -1.2637142
2.0000002e-11 -1.264143
2.2500002e-11 -1.2588626
2.5000002e-11 -1.2615175
2.7500002e-11 -1.2246025
3.0000002e-11 -1.2280875
3.2500003e-11 -1.2207968
3.5000003e-11 -1.2258075
3.7500003e-11 -1.2210414
4.0000003e-11 -1.2285047
4.2500004e-11 -1.1785979
4.5000004e-11 -1.1792022
4.7500004e-11 -1.2237872
5.0000004e-11 -1.1890008
5.2500004e-11 -1.1614252
5.5000005e-11 -1.2006737
5.7500005e-11 -1.1621614
6.0000005e-11 -1.1565659
6.2500005e-11 -1.1603781
6.5000005e-11 -1.1564702
6.7500006e-11 -1.1203582
6.999995e-11 -1.1603198
7.249995e-11 -1.1127414
7.4999951e-11 -1.0920224
7.7499951e-11 -1.0779142
7.9999951e-11 -1.1260782
8.2499951e-11 -1.0963798
8.4999952e-11 -1.1015022
8.7499952e-11 -1.0745189
8.9999952e-11 -1.0991606
9.2499952e-11 -1.0688713
9.4999952e-11 -1.0814393
9.7499953e-11 -1.0680919
9.9999953e-11 -1.0678192
1.0249995e-10 -1.0935776
1.0499995e-10 -1.054786
1.0749995e-10 -1.0517827
1.0999995e-10 -1.053881
1.1249995e-10 -1.0326184
1.1499995e-10 -1.0521129
1.1749995e-10 -1.0233893
1.1999995e-10 -1.0230172
1.2249995e-10 -1.0215418
1.2499995e-10 -1.0056062
1.2749996e-10 -1.0187173
1.2999996e-10 -1.0259285
1.3249996e-10 -1.0245439
1.3499996e-10 -0.98864311
1.3749996e-10 -1.020645
1.3999996e-10 -1.1100621
1.4249996e-10 -0.96755522
1.4499996e-10 -0.94529086
1.4749996e-10 -0.97015327
1.4999996e-10 -0.98876476
1.5249996e-10 -0.97254544
1.5499996e-10 -0.96498781
1.5749996e-10 -0.97236407
1.5999996e-10 -0.95518357
1.6249996e-10 -0.9557687
1.6499996e-10 -0.943636
1.6749996e-10 -0.9468112
1.6999996e-10 -0.96951729
1.7249996e-10 -0.90790969
1.7499996e-10 -0.94599706
1.7749996e-10 -0.91827041
1.7999996e-10 -0.94679838
1.8249996e-10 -0.93844718
1.8499996e-10 -0.92081296
1.8749996e-10 -0.93253309
1.8999996e-10 -0.90860212
1.9249996e-10 -0.91946971
1.9499996e-10 -0.93522352
1.9749996e-10 -0.936643
1.9999996e-10 -0.91935241
2.0249996e-10 -0.90651762
2.0499996e-10 -0.92023051
2.0749996e-10 -0.9035607
2.0999996e-10 -0.90991247
2.1249996e-10 -0.89504838
2.1499996e-10 -0.86820197
2.1749996e-10 -0.88347542
2.1999996e-10 -0.88711399
2.2249996e-10 -0.88116664
2.2499996e-10 -0.91727012
2.2749996e-10 -0.89661437
2.2999996e-10 -0.85987782
2.3249996e-10 -0.84747785
2.3499996e-10 -0.89302415
2.3749996e-10 -0.87785202
2.3999996e-10 -0.82561529
2.4249996e-10 -0.85422516
2.4499996e-10 -0.84471977
2.4749996e-10 -0.86858898
2.4999997e-10 -0.84047794
2.5249997e-10 -0.84043664
2.5499997e-10 -0.85393602
2.5749997e-10 -0.82943636
2.5999997e-10 -0.83573145
2.6249997e-10 -0.85679436
2.6499997e-10 -0.84815502
2.6749997e-10 -0.83240813
2.6999997e-10 -0.84932142
2.7249997e-10 -0.82395816
2.7499997e-10 -0.79761469
2.7749997e-10 -0.85646534
2.7999997e-10 -0.79426098
2.8249997e-10 -0.80546415
2.8499997e-10 -0.8459686
2.8749997e-10 -0.79970354
2.8999997e-10 -0.83458483
2.9249997e-10 -0.80665308
2.9499997e-10 -0.82969481
2.9749997e-10 -0.82075781
2.9999997e-10 -0.81719154
3.0249997e-10 -0.79551131
3.0499997e-10 -0.79680902
3.0749997e-10 -0.7524485
3.0999997e-10 -0.80006719
3.1249997e-10 -0.78863168
3.1499997e-10 -0.79649377
3.1749997e-10 -0.79497522
3.1999997e-10 -0.80434489
3.2249997e-10 -0.77834159
3.2499997e-10 -0.80886263
3.2749997e-10 -0.76753718
3.2999997e-10 -0.80131185
3.3249997e-10 -0.73860568
3.3499997e-10 -0.81033462
3.3749997e-10 -0.78176457
3.3999997e-10 -0.78692502
3.4249997e-10 -0.74686527
3.4499997e-10 -0.76474303
3.4749997e-10 -0.81603616
3.4999997e-10 -0.76467866
3.5249997e-10 -0.72388303
3.5499997e-10 -0.74836737
3.5749997e-10 -0.76536179
3.5999997e-10 -0.76527274
3.6249997e-10 -0.74184746
3.6499997e-10 -0.7582404
3.6749997e-10 -0.73192459
3.6999998e-10 -0.7666409
3.7249998e-10 -0.75829756
3.7499998e-10 -0.768296
3.7749998e-10 -0.79224318
3.7999998e-10 -0.74465549
3.8249998e-10 -0.77876776
3.8499998e-10 -0.73243159
3.8749998e-10 -0.76310569
3.8999998e-10 -0.74433029
3.9249998e-10 -0.74789757
3.9499998e-10 -0.74898022
3.9749998e-10 -0.78074163
3.9999998e-10 -0.7755897
4.0249998e-10 -0.76861846
4.0499998e-10 -0.7385031
4.0749998e-10 -0.71521735
4.0999998e-10 -0.77749002
4.1249998e-10 -0.76198161
4.1499998e-10 -0.74989188
4.1749998e-10 -0.76865822
4.1999998e-10 -0.79089427
4.2249998e-10 -0.77663237
4.2499998e-10 -0.77897173
4.2749998e-10 -0.75838631
4.2999998e-10 -0.76427931
4.3249998e-10 -0.78087395
4.3499998e-10 -0.7704227
4.3749998e-10 -0.78617835
4.3999998e-10 -0.75891852
4.4249998e-10 -0.75548047
4.4499998e-10 -0.77135068
4.4749998e-10 -0.77523458
4.4999998e-10 -0.77624547
4.5249998e-10 -0.73456925
4.5499998e-10 -0.76745504
4.5749998e-10 -0.77679598
4.5999998e-10 -0.7505706
4.6249998e-10 -0.78187776
4.6499998e-10 -0.78384119
4.6749998e-10 -0.77639544
4.6999998e-10 -0.76800942
4.7249998e-10 -0.7917428
4.7499998e-10 -0.76492149
4.7749998e-10 -0.75477552
4.7999998e-10 -0.78193539
4.8249998e-10 -0.79245698
4.8499998e-10 -0.774113
4.8749998e-10 -0.742531
4.8999999e-10 -0.76982057
4.9249999e-10 -0.78727877
4.9499999e-10 -0.7412076
4.9749999e-10 -0.76294625
4.9999999e-10 -0.79608124
5.0249999e-10 -0.76669931
5.0499999e-10 -0.76176327
5.0749999e-10 -0.73775715
5.0999999e-10 -0.76417166
5.1249999e-10 -0.74494916
5.1499999e-10 -0.73045969
5.1749999e-10 -0.71263856
5.1999999e-10 -0.74879634
5.2249999e-10 -0.72007811
5.2499999e-10 -0.73733073
5.2749999e-10 -0.70549184
5.2999999e-10 -0.72586298
5.3249999e-10 -0.71292508
5.3499993e-10 -0.71426344
5.3749993e-10 -0.69760919
5.3999993e-10 -0.69195372
5.4249993e-10 -0.69502705
5.4499993e-10 -0.67289025
5.4749993e-10 -0.68866181
5.4999993e-10 -0.68379122
5.5249993e-10 -0.7041707
5.5499993e-10 -0.71049362
5.5749994e-10 -0.69773632
5.5999994e-10 -0.70455509
5.6249994e-10 -0.67878878
5.6499994e-10 -0.6821059
5.6749994e-10 -0.65344512
5.6999994e-10 -0.67891639
5.7249994e-10 -0.66280878
5.7499994e-10 -0.68297857
5.7749994e-10 -0.66366535
5.7999994e-10 -0.64704585
5.8249994e-10 -0.66462982
5.8499994e-10 -0.67020422
5.8749994e-10 -0.66780961
5.8999994e-10 -0.63849622
5.9249994e-10 -0.65570456
5.9499994e-10 -0.63518572
5.9749994e-10 -0.62751389
5.9999994e-10 -0.62543499
6.0249994e-10 -0.62583482
6.0499994e-10 -0.63744497
6.0749994e-10 -0.62420678
6.0999994e-10 -0.62130392
6.1249994e-10 -0.63743055
6.1499994e-10 -0.60867739
6.1749994e-10 -0.62275863
6.1999994e-10 -0.64786994
6.2249994e-10 -0.62872678
6.2499994e-10 -0.6247862
6.2749994e-10 -0.62245482
6.2999994e-10 -0.62309855
6.3249994e-10 -0.60719407
6.3499994e-10 -0.60945016
6.3749994e-10 -0.61174679
6.3999994e-10 -0.61733156
6.4249994e-10 -0.60738361
6.4499994e-10 -0.62290573
6.4749994e-10 -0.59683889
6.4999994e-10 -0.60990155
6.5249994e-10 -0.61886197
6.5499994e-10 -0.59751427
6.5749994e-10 -0.65396923
6.5999994e-10 -0.60934669
6.6249994e-10 -0.61850142
6.6499994e-10 -0.63883889
6.6749994e-10 -0.61254799
6.6999994e-10 -0.65237463
6.7249994e-10 -0.59394526
6.7499994e-10 -0.61147684
6.7749995e-10 -0.61220384
6.7999995e-10 -0.61278117
6.8249995e-10 -0.58468235
6.8499995e-10 -0.62222534
6.8749995e-10 -0.62706923
6.8999995e-10 -0.5713411
6.9249995e-10 -0.58872485
6.9499995e-10 -0.59911287
6.9749995e-10 -0.60006052
6.9999995e-10 -0.60934764
7.0249995e-10 -0.61453712
7.0499995e-10 -0.59531718
7.0749995e-10 -0.58515179
7.0999995e-10 -0.62168062
7.1249995e-10 -0.59442019
7.1499995e-10 -0.63794732
7.1749995e-10 -0.58687842
7.1999995e-10 -0.55309516
7.2249995e-10 -0.61250758
7.2499995e-10 -0.59684753
7.2749995e-10 -0.59367675
7.2999995e-10 -0.54787058
7.3249995e-10 -0.6000852
7.3499995e-10 -0.60523719
7.3749995e-10 -0.59391797
7.3999995e-10 -0.57527292
7.4249995e-10 -0.58023107
7.4499995e-10 -0.56912774
7.4749995e-10 -0.60007435
7.4999995e-10 -0.62005711
7.5249995e-10 -0.59413129
7.5499995e-10 -0.58163333
7.5749995e-10 -0.5606519
7.5999995e-10 -0.56649154
7.6249995e-10 -0.57070702
7.6499995e-10 -0.56070781
7.6749995e-10 -0.58233249
7.6999995e-10 -0.58113551
7.7249995e-10 -0.58810443
7.7499995e-10 -0.56260037
7.7749995e-10 -0.58648932
7.7999995e-10 -0.57776874
7.8249995e-10 -0.58911759
7.8499995e-10 -0.57666159
7.8749995e-10 -0.59322244
7.8999995e-10 -0.58207649
7.9249995e-10 -0.57387608
7.9499995e-10 -0.595644
7.9749995e-10 -0.58630276
7.9999996e-10 -0.58445388
8.0249996e-10 -0.5652312
8.0499996e-10 -0.59004104
8.0749996e-10 -0.54879546
8.0999996e-10 -0.6071257
8.1249996e-10 -0.57450855
8.1499996e-10 -0.59698218
8.1749996e-10 -0.56209368
8.1999996e-10 -0.56563687
8.2249996e-10 -0.58371776
8.2499996e-10 -0.54598314
8.2749996e-10 -0.55483031
8.2999996e-10 -0.58864266
8.3249996e-10 -0.59159291
8.3499996e-10 -0.58926994
8.3749996e-10 -0.54775822
8.3999996e-10 -0.58325034
8.4249996e-10 -0.57354432
8.4499996e-10 -0.58412695
8.4749996e-10 -0.55170137
8.4999996e-10 -0.57180482
8.5249996e-10 -0.59084904
8.5499996e-10 -0.56263161
8.5749996e-10 -0.57270783
8.5999996e-10 -0.57492125
8.6249996e-10 -0.55486697
8.6499996e-10 -0.55920464
8.6749996e-10 -0.54248488
8.6999996e-10 -0.56689084
8.7249996e-10 -0.5502249
8.7499996e-10 -0.56918979
8.7749996e-10 -0.57881856
8.7999996e-10 -0.58508587
8.8249996e-10 -0.57026327
8.8499996e-10 -0.55704105
8.8749996e-10 -0.57515442
8.8999996e-10 -0.57695901
8.9249996e-10 -0.60584462
8.9499996e-10 -0.53053534
8.9749996e-10 -0.55839896
8.9999996e-10 -0.53132737
9.0249996e-10 -0.58449417
9.0499996e-10 -0.54060489
9.0749996e-10 -0.55932319
9.0999996e-10 -0.53200364
9.1249996e-10 -0.53414696
9.1499996e-10 -0.5807671
9.1749996e-10 -0.52421373
9.1999997e-10 -0.56599927
9.2249997e-10 -0.54248476
9.2499997e-10 -0.5496394
9.2749997e-10 -0.57058328
9.2999997e-10 -0.5310576
9.3249997e-10 -0.53560263
9.3499997e-10 -0.60198671
9.3749997e-10 -0.56153512
9.3999997e-10 -0.54780197
9.4249997e-10 -0.56764972
9.4499997e-10 -0.51683718
9.4749997e-10 -0.54722464
9.4999997e-10 -0.56681532
9.5249997e-10 -0.57799697
9.5499997e-10 -0.50069129
9.5749997e-10 -0.56102967
9.5999997e-10 -0.51726407
9.6249997e-10 -0.57716846
9.6499997e-10 -0.55318815
9.6749997e-10 -0.55609679
9.6999997e-10 -0.55731398
9.7249997e-10 -0.58073074
9.7499997e-10 -0.5426113
9.7749997e-10 -0.56564134
9.7999997e-10 -0.53909194
9.8249997e-10 -0.53920835
9.8499997e-10 -0.5407266
9.8749997e-10 -0.55539584
9.8999997e-10 -0.57946718
9.9249997e-10 -0.55831367
9.9499997e-10 -0.60482007
9.9749997e-10 -0.52087307
9.9999997e-10 -0.60883552
