9.9999997e-10 -0.538894
9.9749997e-10 -0.55179501
9.9499997e-10 -0.55260777
9.9249997e-10 -0.52707994
9.8999997e-10 -0.54406369
9.8749997e-10 -0.5331189
9.8499997e-10 -0.54397303
9.8249997e-10 -0.55477333
9.7999997e-10 -0.53716791
9.7749997e-10 -0.53654522
9.7499997e-10 -0.53008527
9.7249997e-10 -0.55446255
9.6999997e-10 -0.56700945
9.6749997e-10 -0.53107274
9.6499997e-10 -0.52479833
9.6249997e-10 -0.51547217
9.5999997e-10 -0.54486084
9.5749997e-10 -0.56405181
9.5499997e-10 -0.55734235
9.5249997e-10 -0.53626812
9.4999997e-10 -0.47620425
9.4749997e-10 -0.55502188
9.4499997e-10 -0.55630893
9.4249997e-10 -0.52983183
9.3999997e-10 -0.54091632
9.3749997e-10 -0.51660401
9.3499997e-10 -0.51907539
9.3249997e-10 -0.52199453
9.2999997e-10 -0.54715419
9.2749997e-10 -0.56497866
9.2499997e-10 -0.55159932
9.2249997e-10 -0.5370335
9.1999997e-10 -0.54395449
9.1749996e-10 -0.56036645
9.1499996e-10 -0.52622223
9.1249996e-10 -0.54918933
9.0999996e-10 -0.53334284
9.0749996e-10 -0.53939033
9.0499996e-10 -0.52693391
9.0249996e-10 -0.53628963
8.9999996e-10 -0.58070594
8.9749996e-10 -0.53888494
8.9499996e-10 -0.57164341
8.9249996e-10 -0.54782706
8.8999996e-10 -0.53513569
8.8749996e-10 -0.53010893
8.8499996e-10 -0.53376389
8.8249996e-10 -0.53081059
8.7999996e-10 -0.5382973
8.7749996e-10 -0.56091893
8.7499996e-10 -0.57974339
8.7249996e-10 -0.53642505
8.6999996e-10 -0.56324923
8.6749996e-10 -0.55431283
8.6499996e-10 -0.55711746
8.6249996e-10 -0.54061627
8.5999996e-10 -0.55401272
8.5749996e-10 -0.5576207
8.5499996e-10 -0.559865
8.5249996e-10 -0.54942393
8.4999996e-10 -0.53853369
8.4749996e-10 -0.53724885
8.4499996e-10 -0.54823053
8.4249996e-10 -0.55373168
8.3999996e-10 -0.52513552
8.3749996e-10 -0.56402451
8.3499996e-10 -0.5315181
8.3249996e-10 -0.5589931
8.2999996e-10 -0.53695184
8.2749996e-10 -0.54782695
8.2499996e-10 -0.55933964
8.2249996e-10 -0.52563018
8.1999996e-10 -0.53587317
8.1749996e-10 -0.53509176
8.1499996e-10 -0.55861396
8.1249996e-10 -0.54298449
8.0999996e-10 -0.57544571
8.0749996e-10 -0.54773122
8.0499996e-10 -0.55392891
8.0249996e-10 -0.53585768
7.9999996e-10 -0.54196972
7.9749995e-10 -0.57602525
7.9499995e-10 -0.58394867
7.9249995e-10 -0.55332565
7.8999995e-10 -0.54831249
7.8749995e-10 -0.56874031
7.8499995e-10 -0.55674726
7.8249995e-10 -0.57364446
7.7999995e-10 -0.55840951
7.7749995e-10 -0.55855519
7.7499995e-10 -0.55097347
7.7249995e-10 -0.55409265
7.6999995e-10 -0.5749926
7.6749995e-10 -0.54546809
7.6499995e-10 -0.55428332
7.6249995e-10 -0.54509348
7.5999995e-10 -0.56359363
7.5749995e-10 -0.57375604
7.5499995e-10 -0.56590557
7.5249995e-10 -0.57353687
7.4999995e-10 -0.58600599
7.4749995e-10 -0.5502913
7.4499995e-10 -0.58464277
7.4249995e-10 -0.55551398
7.3999995e-10 -0.58167529
7.3749995e-10 -0.57388949
7.3499995e-10 -0.5509581
7.3249995e-10 -0.58236063
7.2999995e-10 -0.58595759
7.2749995e-10 -0.5803051
7.2499995e-10 -0.57784778
7.2249995e-10 -0.56761861
7.1999995e-10 -0.55430073
7.1749995e-10 -0.55961412
7.1499995e-10 -0.55062079
7.1249995e-10 -0.57383364
7.0999995e-10 -0.57454258
7.0749995e-10 -0.60547328
7.0499995e-10 -0.58259422
7.0249995e-10 -0.60559654
6.9999995e-10 -0.56301385
6.9749995e-10 -0.61180365
6.9499995e-10 -0.58152646
6.9249995e-10 -0.60106766
6.8999995e-10 -0.62728858
6.8749995e-10 -0.56868345
6.8499995e-10 -0.56303233
6.8249995e-10 -0.57975733
6.7999995e-10 -0.60104465
6.7749995e-10 -0.61440998
6.7499994e-10 -0.56204748
6.7249994e-10 -0.61067712
6.6999994e-10 -0.59222353
6.6749994e-10 -0.61277741
6.6499994e-10 -0.58958942
6.6249994e-10 -0.59956217
6.5999994e-10 -0.59825772
6.5749994e-10 -0.5924229
6.5499994e-10 -0.57814592
6.5249994e-10 -0.59772515
6.4999994e-10 -0.59311932
6.4749994e-10 -0.60328847
6.4499994e-10 -0.60092461
6.4249994e-10 -0.60897225
6.3999994e-10 -0.59864032
6.3749994e-10 -0.57272762
6.3499994e-10 -0.60534066
6.3249994e-10 -0.58953243
6.2999994e-10 -0.57820582
6.2749994e-10 -0.58612943
6.2499994e-10 -0.61320865
6.2249994e-10 -0.59871554
6.1999994e-10 -0.6205371
6.1749994e-10 -0.58383757
6.1499994e-10 -0.62188286
6.1249994e-10 -0.58240813
6.0999994e-10 -0.58088231
6.0749994e-10 -0.60439336
6.0499994e-10 -0.57506096
6.0249994e-10 -0.60891014
5.9999994e-10 -0.61634755
5.9749994e-10 -0.58802599
5.9499994e-10 -0.61065638
5.9249994e-10 -0.60580182
5.8999994e-10 -0.61362928
5.8749994e-10 -0.61197066
5.8499994e-10 -0.61883807
5.8249994e-10 -0.65245521
5.7999994e-10 -0.6580593
5.7749994e-10 -0.59803414
5.7499994e-10 -0.6138835
5.7249994e-10 -0.64196366
5.6999994e-10 -0.66679841
5.6749994e-10 -0.6427452
5.6499994e-10 -0.64858866
5.6249994e-10 -0.66192877
5.5999994e-10 -0.64326918
5.5749994e-10 -0.65346497
5.5499993e-10 -0.65575492
5.5249993e-10 -0.64614314
5.4999993e-10 -0.67814583
5.4749993e-10 -0.68364096
5.4499993e-10 -0.68349802
5.4249993e-10 -0.69628203
5.3999993e-10 -0.70685166
5.3749993e-10 -0.67673224
5.3499993e-10 -0.70034486
5.3249999e-10 -0.71508706
5.2999999e-10 -0.72908908
5.2749999e-10 -0.71844363
5.2499999e-10 -0.71134359
5.2249999e-10 -0.72363716
5.1999999e-10 -0.7409218
5.1749999e-10 -0.74697191
5.1499999e-10 -0.72400367
5.1249999e-10 -0.73759317
5.0999999e-10 -0.75889152
5.0749999e-10 -0.7182641
5.0499999e-10 -0.73037094
5.0249999e-10 -0.75527126
4.9999999e-10 -0.74361604
4.9749999e-10 -0.77233601
4.9499999e-10 -0.743357
4.9249999e-10 -0.77002531
4.8999999e-10 -0.77387154
4.8749998e-10 -0.74616259
4.8499998e-10 -0.77335465
4.8249998e-10 -0.759175
4.7999998e-10 -0.74858958
4.7749998e-10 -0.76200116
4.7499998e-10 -0.73982012
4.7249998e-10 -0.78816551
4.6999998e-10 -0.78782487
4.6749998e-10 -0.78271931
4.6499998e-10 -0.776218
4.6249998e-10 -0.79256541
4.5999998e-10 -0.77366495
4.5749998e-10 -0.7825135
4.5499998e-10 -0.77581728
4.5249998e-10 -0.74173838
4.4999998e-10 -0.76798707
4.4749998e-10 -0.75687468
4.4499998e-10 -0.78533351
4.4249998e-10 -0.77077723
4.3999998e-10 -0.75403959
4.3749998e-10 -0.77534389
4.3499998e-10 -0.76253551
4.3249998e-10 -0.79068714
4.2999998e-10 -0.73811072
4.2749998e-10 -0.77014244
4.2499998e-10 -0.7620157
4.2249998e-10 -0.73948407
4.1999998e-10 -0.76161206
4.1749998e-10 -0.76756799
4.1499998e-10 -0.74442643
4.1249998e-10 -0.75535101
4.0999998e-10 -0.7554515
4.0749998e-10 -0.78337294
4.0499998e-10 -0.7594763
4.0249998e-10 -0.76023823
3.9999998e-10 -0.76466638
3.9749998e-10 -0.75614566
3.9499998e-10 -0.74339151
3.9249998e-10 -0.75628036
3.8999998e-10 -0.71879262
3.8749998e-10 -0.758026
3.8499998e-10 -0.73366153
3.8249998e-10 -0.72987264
3.7999998e-10 -0.77557027
3.7749998e-10 -0.7296133
3.7499998e-10 -0.77466959
3.7249998e-10 -0.72663122
3.6999998e-10 -0.71976918
3.6749997e-10 -0.71798521
3.6499997e-10 -0.76613098
3.6249997e-10 -0.73371649
3.5999997e-10 -0.71837056
3.5749997e-10 -0.74176764
3.5499997e-10 -0.71015245
3.5249997e-10 -0.75478637
3.4999997e-10 -0.74629056
3.4749997e-10 -0.6941269
3.4499997e-10 -0.74237949
3.4249997e-10 -0.74110186
3.3999997e-10 -0.70870584
3.3749997e-10 -0.75883996
3.3499997e-10 -0.71632588
3.3249997e-10 -0.77437443
3.2999997e-10 -0.76073015
3.2749997e-10 -0.74956572
3.2499997e-10 -0.77026916
3.2249997e-10 -0.76620263
3.1999997e-10 -0.77011585
3.1749997e-10 -0.75484818
3.1499997e-10 -0.77031696
3.1249997e-10 -0.75711292
3.0999997e-10 -0.7495538
3.0749997e-10 -0.76749223
3.0499997e-10 -0.74069363
3.0249997e-10 -0.79046965
2.9999997e-10 -0.79361624
2.9749997e-10 -0.77788794
2.9499997e-10 -0.76678354
2.9249997e-10 -0.78495687
2.8999997e-10 -0.80380064
2.8749997e-10 -0.81316572
2.8499997e-10 -0.77483821
2.8249997e-10 -0.81300533
2.7999997e-10 -0.81044853
2.7749997e-10 -0.8265633
2.7499997e-10 -0.80749488
2.7249997e-10 -0.81174231
2.6999997e-10 -0.80873275
2.6749997e-10 -0.80096728
2.6499997e-10 -0.8135488
2.6249997e-10 -0.81795406
2.5999997e-10 -0.8018766
2.5749997e-10 -0.82114291
2.5499997e-10 -0.83371067
2.5249997e-10 -0.83747911
2.4999997e-10 -0.8233825
2.4749996e-10 -0.83984727
2.4499996e-10 -0.86315948
2.4249996e-10 -0.86524463
2.3999996e-10 -0.85271752
2.3749996e-10 -0.83348262
2.3499996e-10 -0.84960741
2.3249996e-10 -0.83024627
2.2999996e-10 -0.85157543
2.2749996e-10 -0.85704768
2.2499996e-10 -0.85636896
2.2249996e-10 -0.88906395
2.1999996e-10 -0.8711623
2.1749996e-10 -0.90473449
2.1499996e-10 -0.85589844
2.1249996e-10 -0.89118761
2.0999996e-10 -0.88262272
2.0749996e-10 -0.90568948
2.0499996e-10 -0.88884145
2.0249996e-10 -0.89595968
1.9999996e-10 -0.88858676
1.9749996e-10 -0.89594859
1.9499996e-10 -0.92322469
1.9249996e-10 -0.92018396
1.8999996e-10 -0.91215986
1.8749996e-10 -0.8894316
1.8499996e-10 -0.91255444
1.8249996e-10 -0.95305151
1.7999996e-10 -0.93271518
1.7749996e-10 -0.93442428
1.7499996e-10 -0.91979158
1.7249996e-10 -0.92940897
1.6999996e-10 -0.94418615
1.6749996e-10 -0.95224851
1.6499996e-10 -0.96051371
1.6249996e-10 -0.95716751
1.5999996e-10 -0.95900208
1.5749996e-10 -0.97437602
1.5499996e-10 -0.95767963
1.5249996e-10 -0.96155024
1.4999996e-10 -0.93552613
1.4749996e-10 -0.98643762
1.4499996e-10 -0.96487856
1.4249996e-10 -0.98025137
1.3999996e-10 -0.98094988
1.3749996e-10 -0.98834431
1.3499996e-10 -0.99560606
1.3249996e-10 -0.98015422
1.2999996e-10 -0.969091
1.2749996e-10 -0.99951696
1.2499995e-10 -0.99015468
1.2249995e-10 -1.0179564
1.1999995e-10 -1.0156336
1.1749995e-10 -1.0019588
1.1499995e-10 -1.0846812
1.1249995e-10 -1.0345285
1.0999995e-10 -1.0559169
1.0749995e-10 -1.0772561
1.0499995e-10 -1.0342666
1.0249995e-10 -1.0680318
9.9999953e-11 -1.0140729
9.7499953e-11 -1.0812126
9.4999952e-11 -1.0053957
9.2499952e-11 -1.0434638
8.9999952e-11 -1.0668396
8.7499952e-11 -1.0922848
8.4999952e-11 -1.0851009
8.2499951e-11 -1.0788597
7.9999951e-11 -1.0759923
7.7499951e-11 -1.0695872
7.4999951e-11 -1.1240294
7.249995e-11 -1.1045426
6.999995e-11 -1.0842228
6.7500006e-11 -1.1500149
6.5000005e-11 -1.1209054
6.2500005e-11 -1.1061606
6.0000005e-11 -1.1196303
5.7500005e-11 -1.1143353
5.5000005e-11 -1.1204768
5.2500004e-11 -1.1135885
5.0000004e-11 -1.1317171
4.7500004e-11 -1.1802282
4.5000004e-11 -1.1674668
4.2500004e-11 -1.1593864
4.0000003e-11 -1.1867155
3.7500003e-11 -1.1748846
3.5000003e-11 -1.1811563
3.2500003e-11 -1.2283038
3.0000002e-11 -1.1772238
2.7500002e-11 -1.2112797
2.5000002e-11 -1.2199534
2.2500002e-11 -1.2337869
2.0000002e-11 -1.2609118
1.7500001e-11 -1.2330033
1.5000001e-11 -1.2317015
1.2500001e-11 -1.2742521
1.0000001e-11 -1.2448941
7.5000006e-12 -1.2515785
5.0000004e-12 -1.2712789
2.5000002e-12 -1.2530481
0.0 -1.2694545
