9.9999997e-10 -0.50601763
9.9749997e-10 -0.52215612
9.9499997e-10 -0.54961371
9.9249997e-10 -0.54370147
9.8999997e-10 -0.54112232
9.8749997e-10 -0.53244621
9.8499997e-10 -0.5118553
9.8249997e-10 -0.57711124
9.7999997e-10 -0.53228146
9.7749997e-10 -0.55954808
9.7499997e-10 -0.5538035
9.7249997e-10 -0.52706587
9.6999997e-10 -0.50802571
9.6749997e-10 -0.55136925
9.6499997e-10 -0.5309605
9.6249997e-10 -0.52670103
9.5999997e-10 -0.5382455
9.5749997e-10 -0.51952016
9.5499997e-10 -0.55301285
9.5249997e-10 -0.56060851
9.4999997e-10 -0.55295897
9.4749997e-10 -0.55716383
9.4499997e-10 -0.57391495
9.4249997e-10 -0.5473327
9.3999997e-10 -0.55126309
9.3749997e-10 -0.54496199
9.3499997e-10 -0.54367137
9.3249997e-10 -0.56390035
9.2999997e-10 -0.56721681
9.2749997e-10 -0.5252791
9.2499997e-10 -0.5400846
9.2249997e-10 -0.55113971
9.1999997e-10 -0.55994815
9.1749996e-10 -0.55650502
9.1499996e-10 -0.56330651
9.1249996e-10 -0.58068693
9.0999996e-10 -0.52923584
9.0749996e-10 -0.56138796
9.0499996e-10 -0.55878818
9.0249996e-10 -0.53379881
8.9999996e-10 -0.53780717
8.9749996e-10 -0.56945741
8.9499996e-10 -0.56688422
8.9249996e-10 -0.53488672
8.8999996e-10 -0.55272973
8.8749996e-10 -0.57420254
8.8499996e-10 -0.55481142
8.8249996e-10 -0.52861691
8.7999996e-10 -0.55032837
8.7749996e-10 -0.54898429
8.7499996e-10 -0.5383386
8.7249996e-10 -0.54491842
8.6999996e-10 -0.54839414
8.6749996e-10 -0.57968879
8.6499996e-10 -0.53894478
8.6249996e-10 -0.58733451
8.5999996e-10 -0.56634772
8.5749996e-10 -0.56424749
8.5499996e-10 -0.5824517
8.5249996e-10 -0.55851418
8.4999996e-10 -0.56617767
8.4749996e-10 -0.55845129
8.4499996e-10 -0.59974897
8.4249996e-10 -0.53444058
8.3999996e-10 -0.60532343
8.3749996e-10 -0.55743414
8.3499996e-10 -0.53587586
8.3249996e-10 -0.58200574
8.2999996e-10 -0.57575381
8.2749996e-10 -0.57134318
8.2499996e-10 -0.54775119
8.2249996e-10 -0.56956995
8.1999996e-10 -0.58568931
8.1749996e-10 -0.57170647
8.1499996e-10 -0.54175359
8.1249996e-10 -0.55833763
8.0999996e-10 -0.58075577
8.0749996e-10 -0.56974745
8.0499996e-10 -0.56861854
8.0249996e-10 -0.56214541
7.9999996e-10 -0.53190422
7.9749995e-10 -0.58832788
7.9499995e-10 -0.57766712
7.9249995e-10 -0.55850327
7.8999995e-10 -0.56923193
7.8749995e-10 -0.54029059
7.8499995e-10 -0.56130451
7.8249995e-10 -0.563541
7.7999995e-10 -0.52972907
7.7749995e-10 -0.53113192
7.7499995e-10 -0.59628576
7.7249995e-10 -0.55294448
7.6999995e-10 -0.58094352
7.6749995e-10 -0.53506583
7.6499995e-10 -0.55422956
7.6249995e-10 -0.5913111
7.5999995e-10 -0.55689293
7.5749995e-10 -0.5844025
7.5499995e-10 -0.57145834
7.5249995e-10 -0.57087129
7.4999995e-10 -0.57242316
7.4749995e-10 -0.59550369
7.4499995e-10 -0.5530107
7.4249995e-10 -0.56989986
7.3999995e-10 -0.6147663
7.3749995e-10 -0.57913268
7.3499995e-10 -0.57906866
7.3249995e-10 -0.57843226
7.2999995e-10 -0.55236751
7.2749995e-10 -0.57299036
7.2499995e-10 -0.59489644
7.2249995e-10 -0.58661842
7.1999995e-10 -0.57757586
7.1749995e-10 -0.57901651
7.1499995e-10 -0.58234227
7.1249995e-10 -0.55796212
7.0999995e-10 -0.59032381
7.0749995e-10 -0.61173207
7.0499995e-10 -0.6031934
7.0249995e-10 -0.58377331
6.9999995e-10 -0.56043494
6.9749995e-10 -0.58789295
6.9499995e-10 -0.58590007
6.9249995e-10 -0.59669602
6.8999995e-10 -0.56332797
6.8749995e-10 -0.58511162
6.8499995e-10 -0.59672457
6.8249995e-10 -0.61573207
6.7999995e-10 -0.58647436
6.7749995e-10 -0.5939275
6.7499994e-10 -0.57994741
6.7249994e-10 -0.61226141
6.6999994e-10 -0.59543639
6.6749994e-10 -0.58663362
6.6499994e-10 -0.5761708
6.6249994e-10 -0.6034745
6.5999994e-10 -0.6197136
6.5749994e-10 -0.59667194
6.5499994e-10 -0.58644599
6.5249994e-10 -0.58732527
6.4999994e-10 -0.57091308
6.4749994e-10 -0.57283598
6.4499994e-10 -0.60615712
6.4249994e-10 -0.59742188
6.3999994e-10 -0.62300771
6.3749994e-10 -0.59953666
6.3499994e-10 -0.57223517
6.3249994e-10 -0.61546105
6.2999994e-10 -0.57274503
6.2749994e-10 -0.5979231
6.2499994e-10 -0.61946291
6.2249994e-10 -0.623941
6.1999994e-10 -0.59309453
6.1749994e-10 -0.61058891
6.1499994e-10 -0.57912308
6.1249994e-10 -0.57061541
6.0999994e-10 -0.59716672
6.0749994e-10 -0.58070606
6.0499994e-10 -0.59699321
6.0249994e-10 -0.59670067
5.9999994e-10 -0.58945757
5.9749994e-10 -0.59202838
5.9499994e-10 -0.58290541
5.9249994e-10 -0.61474985
5.8999994e-10 -0.58587831
5.8749994e-10 -0.61869627
5.8499994e-10 -0.60151517
5.8249994e-10 -0.60120511
5.7999994e-10 -0.59656066
5.7749994e-10 -0.59031415
5.7499994e-10 -0.60927051
5.7249994e-10 -0.64144152
5.6999994e-10 -0.6302284
5.6749994e-10 -0.60318995
5.6499994e-10 -0.62225854
5.6249994e-10 -0.61815464
5.5999994e-10 -0.63445866
5.5749994e-10 -0.6046046
5.5499993e-10 -0.61125088
5.5249993e-10 -0.61249769
5.4999993e-10 -0.59504062
5.4749993e-10 -0.6188041
5.4499993e-10 -0.6295526
5.4249993e-10 -0.63283396
5.3999993e-10 -0.62743157
5.3749993e-10 -0.67446983
5.3499993e-10 -0.64245951
5.3249999e-10 -0.65734822
5.2999999e-10 -0.62134868
5.2749999e-10 -0.64548594
5.2499999e-10 -0.65034324
5.2249999e-10 -0.64637673
5.1999999e-10 -0.66254526
5.1749999e-10 -0.65925479
5.1499999e-10 -0.68269682
5.1249999e-10 -0.64168668
5.0999999e-10 -0.66097397
5.0749999e-10 -0.66646707
5.0499999e-10 -0.70349443
5.0249999e-10 -0.68479598
4.9999999e-10 -0.69421887
4.9749999e-10 -0.67387223
4.9499999e-10 -0.70808631
4.9249999e-10 -0.69339049
4.8999999e-10 -0.67779636
4.8749998e-10 -0.69282013
4.8499998e-10 -0.72985786
4.8249998e-10 -0.69976246
4.7999998e-10 -0.7261849
4.7749998e-10 -0.6946578
4.7499998e-10 -0.7091279
4.7249998e-10 -0.71041512
4.6999998e-10 -0.69746989
4.6749998e-10 -0.72885758
4.6499998e-10 -0.73008853
4.6249998e-10 -0.75528854
4.5999998e-10 -0.73797518
4.5749998e-10 -0.72921658
4.5499998e-10 -0.72807026
4.5249998e-10 -0.7196092
4.4999998e-10 -0.73492658
4.4749998e-10 -0.75077397
4.4499998e-10 -0.74551982
4.4249998e-10 -0.73568076
4.3999998e-10 -0.73609877
4.3749998e-10 -0.76064378
4.3499998e-10 -0.77194995
4.3249998e-10 -0.7904712
4.2999998e-10 -0.77805614
4.2749998e-10 -0.77338129
4.2499998e-10 -0.77534717
4.2249998e-10 -0.75287086
4.1999998e-10 -0.75806779
4.1749998e-10 -0.76572931
4.1499998e-10 -0.77271587
4.1249998e-10 -0.76401669
4.0999998e-10 -0.75783545
4.0749998e-10 -0.77532947
4.0499998e-10 -0.80962241
4.0249998e-10 -0.80299085
3.9999998e-10 -0.77910948
3.9749998e-10 -0.78916305
3.9499998e-10 -0.77508157
3.9249998e-10 -0.81420904
3.8999998e-10 -0.78498971
3.8749998e-10 -0.77096879
3.8499998e-10 -0.74035704
3.8249998e-10 -0.78413576
3.7999998e-10 -0.80130005
3.7749998e-10 -0.77721137
3.7499998e-10 -0.77139634
3.7249998e-10 -0.82277584
3.6999998e-10 -0.7916339
3.6749997e-10 -0.7814604
3.6499997e-10 -0.7387861
3.6249997e-10 -0.78876048
3.5999997e-10 -0.76510173
3.5749997e-10 -0.77484095
3.5499997e-10 -0.79066277
3.5249997e-10 -0.77672762
3.4999997e-10 -0.76615167
3.4749997e-10 -0.75684869
3.4499997e-10 -0.76176322
3.4249997e-10 -0.77931827
3.3999997e-10 -0.76785499
3.3749997e-10 -0.79585093
3.3499997e-10 -0.77623427
3.3249997e-10 -0.77591211
3.2999997e-10 -0.79311085
3.2749997e-10 -0.78698808
3.2499997e-10 -0.75573927
3.2249997e-10 -0.74881434
3.1999997e-10 -0.78393507
3.1749997e-10 -0.7652846
3.1499997e-10 -0.76758331
3.1249997e-10 -0.77832061
3.0999997e-10 -0.79092419
3.0749997e-10 -0.7964071
3.0499997e-10 -0.80585623
3.0249997e-10 -0.78662246
2.9999997e-10 -0.80483419
2.9749997e-10 -0.79799956
2.9499997e-10 -0.81687826
2.9249997e-10 -0.79034752
2.8999997e-10 -0.82512033
2.8749997e-10 -0.77136427
2.8499997e-10 -0.79796612
2.8249997e-10 -0.76646495
2.7999997e-10 -0.79758435
2.7749997e-10 -0.82980263
2.7499997e-10 -0.81337416
2.7249997e-10 -0.81350952
2.6999997e-10 -0.85082191
2.6749997e-10 -0.80293769
2.6499997e-10 -0.8026616
2.6249997e-10 -0.82872015
2.5999997e-10 -0.82780772
2.5749997e-10 -0.82946163
2.5499997e-10 -0.81381994
2.5249997e-10 -0.82635564
2.4999997e-10 -0.83496475
2.4749996e-10 -0.81319135
2.4499996e-10 -0.83733219
2.4249996e-10 -0.85075355
2.3999996e-10 -0.84901047
2.3749996e-10 -0.86522907
2.3499996e-10 -0.84576374
2.3249996e-10 -0.84427196
2.2999996e-10 -0.81252366
2.2749996e-10 -0.86515594
2.2499996e-10 -0.85764235
2.2249996e-10 -0.85624254
2.1999996e-10 -0.86166483
2.1749996e-10 -0.87487441
2.1499996e-10 -0.88277566
2.1249996e-10 -0.85798848
2.0999996e-10 -0.89745867
2.0749996e-10 -0.88352996
2.0499996e-10 -0.89453429
2.0249996e-10 -0.87245452
1.9999996e-10 -0.9140147
1.9749996e-10 -0.89864004
1.9499996e-10 -0.89696586
1.9249996e-10 -0.88729632
1.8999996e-10 -0.91124552
1.8749996e-10 -0.88027614
1.8499996e-10 -0.93545216
1.8249996e-10 -0.91436946
1.7999996e-10 -0.92701805
1.7749996e-10 -0.91612667
1.7499996e-10 -0.9259097
1.7249996e-10 -0.92411631
1.6999996e-10 -0.92666346
1.6749996e-10 -0.94180048
1.6499996e-10 -0.95870233
1.6249996e-10 -0.94491643
1.5999996e-10 -0.94566071
1.5749996e-10 -0.94989699
1.5499996e-10 -0.95549107
1.5249996e-10 -0.96702743
1.4999996e-10 -0.96193838
1.4749996e-10 -0.97988862
1.4499996e-10 -0.96643275
1.4249996e-10 -0.96940494
1.3999996e-10 -0.99336052
1.3749996e-10 -0.9715808
1.3499996e-10 -0.97105372
1.3249996e-10 -0.98695886
1.2999996e-10 -0.98603201
1.2749996e-10 -1.0009618
1.2499995e-10 -0.99624217
1.2249995e-10 -1.0093744
1.1999995e-10 -1.0337762
1.1749995e-10 -1.0368283
1.1499995e-10 -1.0354018
1.1249995e-10 -0.97810477
1.0999995e-10 -1.0218872
1.0749995e-10 -1.0303882
1.0499995e-10 -1.0513557
1.0249995e-10 -1.0329272
9.9999953e-11 -1.0473022
9.7499953e-11 -1.0409083
9.4999952e-11 -1.0258405
9.2499952e-11 -1.0603658
8.9999952e-11 -1.073349
8.7499952e-11 -1.0535022
8.4999952e-11 -1.0937865
8.2499951e-11 -1.0768228
7.9999951e-11 -1.0799205
7.7499951e-11 -1.1127836
7.4999951e-11 -1.0639656
7.249995e-11 -1.1206943
6.999995e-11 -1.1114047
6.7500006e-11 -1.127027
6.5000005e-11 -1.1514139
6.2500005e-11 -1.1332914
6.0000005e-11 -1.1129732
5.7500005e-11 -1.1309963
5.5000005e-11 -1.1502168
5.2500004e-11 -1.1768531
5.0000004e-11 -1.1587331
4.7500004e-11 -1.1616033
4.5000004e-11 -1.171065
4.2500004e-11 -1.1839677
4.0000003e-11 -1.1775578
3.7500003e-11 -1.1899288
3.5000003e-11 -1.1929786
3.2500003e-11 -1.1925372
3.0000002e-11 -1.2463592
2.7500002e-11 -1.2156965
2.5000002e-11 -1.2156893
2.2500002e-11 -1.2281919
2.0000002e-11 -1.2462872
1.7500001e-11 -1.2399933
1.5000001e-11 -1.2479558
1.2500001e-11 -1.255905
1.0000001e-11 -1.2632074
7.5000006e-12 -1.2582432
5.0000004e-12 -1.2843
2.5000002e-12 -1.2602299
0.0 -1.2517182
