9.9999997e-10 -0.54106152
9.9749997e-10 -0.53758818
9.9499997e-10 -0.57565439
9.9249997e-10 -0.55930918
9.8999997e-10 -0.52501053
9.8749997e-10 -0.55577415
9.8499997e-10 -0.54924035
9.8249997e-10 -0.5289312
9.7999997e-10 -0.53891778
9.7749997e-10 -0.5232808
9.7499997e-10 -0.56884444
9.7249997e-10 -0.57266122
9.6999997e-10 -0.56468332
9.6749997e-10 -0.53197956
9.6499997e-10 -0.53163201
9.6249997e-10 -0.56800413
9.5999997e-10 -0.53775948
9.5749997e-10 -0.56482279
9.5499997e-10 -0.55104786
9.5249997e-10 -0.54019707
9.4999997e-10 -0.54433262
9.4749997e-10 -0.57043779
9.4499997e-10 -0.54897773
9.4249997e-10 -0.57066786
9.3999997e-10 -0.56948167
9.3749997e-10 -0.55051357
9.3499997e-10 -0.57368016
9.3249997e-10 -0.54684108
9.2999997e-10 -0.54723155
9.2749997e-10 -0.54901278
9.2499997e-10 -0.52424747
9.2249997e-10 -0.55782026
9.1999997e-10 -0.57364815
9.1749996e-10 -0.54123569
9.1499996e-10 -0.57946366
9.1249996e-10 -0.56855994
9.0999996e-10 -0.52850032
9.0749996e-10 -0.56527984
9.0499996e-10 -0.5750584
9.0249996e-10 -0.57156962
8.9999996e-10 -0.55922759
8.9749996e-10 -0.56480443
8.9499996e-10 -0.5508498
8.9249996e-10 -0.56970537
8.8999996e-10 -0.55434394
8.8749996e-10 -0.60822546
8.8499996e-10 -0.54850405
8.8249996e-10 -0.57424754
8.7999996e-10 -0.54860634
8.7749996e-10 -0.54781049
8.7499996e-10 -0.58407146
8.7249996e-10 -0.54431254
8.6999996e-10 -0.5480907
8.6749996e-10 -0.58732706
8.6499996e-10 -0.54443133
8.6249996e-10 -0.54810834
8.5999996e-10 -0.57377434
8.5749996e-10 -0.5440495
8.5499996e-10 -0.57660723
8.5249996e-10 -0.56192851
8.4999996e-10 -0.55781299
8.4749996e-10 -0.5392772
8.4499996e-10 -0.59184092
8.4249996e-10 -0.55813295
8.3999996e-10 -0.59226757
8.3749996e-10 -0.59522229
8.3499996e-10 -0.57074672
8.3249996e-10 -0.5719583
8.2999996e-10 -0.59174371
8.2749996e-10 -0.60451055
8.2499996e-10 -0.60312641
8.2249996e-10 -0.58359444
8.1999996e-10 -0.55761719
8.1749996e-10 -0.61470705
8.1499996e-10 -0.56323546
8.1249996e-10 -0.57640278
8.0999996e-10 -0.62722367
8.0749996e-10 -0.57363194
8.0499996e-10 -0.59614778
8.0249996e-10 -0.59156191
7.9999996e-10 -0.60257781
7.9749995e-10 -0.61522281
7.9499995e-10 -0.60836697
7.9249995e-10 -0.61070603
7.8999995e-10 -0.59989226
7.8749995e-10 -0.6259554
7.8499995e-10 -0.5818485
7.8249995e-10 -0.61655325
7.7999995e-10 -0.62245858
7.7749995e-10 -0.60021788
7.7499995e-10 -0.60882598
7.7249995e-10 -0.63209182
7.6999995e-10 -0.6194821
7.6749995e-10 -0.59197319
7.6499995e-10 -0.61783391
7.6249995e-10 -0.61846507
7.5999995e-10 -0.61109942
7.5749995e-10 -0.62066942
7.5499995e-10 -0.61910963
7.5249995e-10 -0.5978269
7.4999995e-10 -0.62997037
7.4749995e-10 -0.63372046
7.4499995e-10 -0.58240843
7.4249995e-10 -0.61949819
7.3999995e-10 -0.63263023
7.3749995e-10 -0.6408872
7.3499995e-10 -0.66808802
7.3249995e-10 -0.60985553
7.2999995e-10 -0.59760493
7.2749995e-10 -0.63307381
7.2499995e-10 -0.61995155
7.2249995e-10 -0.60127115
7.1999995e-10 -0.60468191
7.1749995e-10 -0.61895198
7.1499995e-10 -0.62134045
7.1249995e-10 -0.62568021
7.0999995e-10 -0.62370098
7.0749995e-10 -0.62014806
7.0499995e-10 -0.67092663
7.0249995e-10 -0.64607847
6.9999995e-10 -0.59871542
6.9749995e-10 -0.63172662
6.9499995e-10 -0.65313959
6.9249995e-10 -0.62718558
6.8999995e-10 -0.62493962
6.8749995e-10 -0.64292347
6.8499995e-10 -0.65249425
6.8249995e-10 -0.60137135
6.7999995e-10 -0.61540979
6.7749995e-10 -0.64453405
6.7499994e-10 -0.66305494
6.7249994e-10 -0.64127952
6.6999994e-10 -0.65403235
6.6749994e-10 -0.639211
6.6499994e-10 -0.63188082
6.6249994e-10 -0.63022554
6.5999994e-10 -0.6722303
6.5749994e-10 -0.68363708
6.5499994e-10 -0.67999834
6.5249994e-10 -0.6549055
6.4999994e-10 -0.66275114
6.4749994e-10 -0.61670566
6.4499994e-10 -0.63532162
6.4249994e-10 -0.6595912
6.3999994e-10 -0.6578986
6.3749994e-10 -0.67142117
6.3499994e-10 -0.63644463
6.3249994e-10 -0.6511718
6.2999994e-10 -0.63371038
6.2749994e-10 -0.64441675
6.2499994e-10 -0.64799744
6.2249994e-10 -0.66458696
6.1999994e-10 -0.64906073
6.1749994e-10 -0.62177062
6.1499994e-10 -0.63726473
6.1249994e-10 -0.677737
6.0999994e-10 -0.65840596
6.0749994e-10 -0.61697948
6.0499994e-10 -0.64717519
6.0249994e-10 -0.6690892
5.9999994e-10 -0.65443921
5.9749994e-10 -0.64208883
5.9499994e-10 -0.61838496
5.9249994e-10 -0.68463588
5.8999994e-10 -0.68017006
5.8749994e-10 -0.63645381
5.8499994e-10 -0.64673352
5.8249994e-10 -0.65131903
5.7999994e-10 -0.6606006
5.7749994e-10 -0.67997384
5.7499994e-10 -0.64695406
5.7249994e-10 -0.6526621
5.6999994e-10 -0.63612914
5.6749994e-10 -0.67690754
5.6499994e-10 -0.67908299
5.6249994e-10 -0.66701049
5.5999994e-10 -0.64181912
5.5749994e-10 -0.63228256
5.5499993e-10 -0.68582577
5.5249993e-10 -0.65923184
5.4999993e-10 -0.66879517
5.4749993e-10 -0.69809169
5.4499993e-10 -0.68086302
5.4249993e-10 -0.64069569
5.3999993e-10 -0.66080791
5.3749993e-10 -0.64191073
5.3499993e-10 -0.66552246
5.3249999e-10 -0.67163229
5.2999999e-10 -0.68578637
5.2749999e-10 -0.70563203
5.2499999e-10 -0.6710667
5.2249999e-10 -0.65002602
5.1999999e-10 -0.63541609
5.1749999e-10 -0.63959736
5.1499999e-10 -0.678581
5.1249999e-10 -0.665766
5.0999999e-10 -0.64674258
5.0749999e-10 -0.66283053
5.0499999e-10 -0.67848247
5.0249999e-10 -0.71422482
4.9999999e-10 -0.68813896
4.9749999e-10 -0.68631524
4.9499999e-10 -0.67836791
4.9249999e-10 -0.67957568
4.8999999e-10 -0.69392586
4.8749998e-10 -0.68020695
4.8499998e-10 -0.6660676
4.8249998e-10 -0.68337035
4.7999998e-10 -0.69129223
4.7749998e-10 -0.68467242
4.7499998e-10 -0.64043534
4.7249998e-10 -0.6866799
4.6999998e-10 -0.71166044
4.6749998e-10 -0.68975943
4.6499998e-10 -0.67885363
4.6249998e-10 -0.67135692
4.5999998e-10 -0.71152085
4.5749998e-10 -0.67377228
4.5499998e-10 -0.74715656
4.5249998e-10 -0.70667899
4.4999998e-10 -0.68379772
4.4749998e-10 -0.71213746
4.4499998e-10 -0.6955837
4.4249998e-10 -0.706725
4.3999998e-10 -0.72843117
4.3749998e-10 -0.73266989
4.3499998e-10 -0.74404794
4.3249998e-10 -0.70631254
4.2999998e-10 -0.70016634
4.2749998e-10 -0.70404887
4.2499998e-10 -0.72267646
4.2249998e-10 -0.70404989
4.1999998e-10 -0.72939199
4.1749998e-10 -0.73688674
4.1499998e-10 -0.74400675
4.1249998e-10 -0.69916153
4.0999998e-10 -0.72070181
4.0749998e-10 -0.72417241
4.0499998e-10 -0.74178827
4.0249998e-10 -0.68471068
3.9999998e-10 -0.71842021
3.9749998e-10 -0.73507971
3.9499998e-10 -0.7218743
3.9249998e-10 -0.71556437
3.8999998e-10 -0.73041284
3.8749998e-10 -0.722256
3.8499998e-10 -0.72805172
3.8249998e-10 -0.72172934
3.7999998e-10 -0.7420848
3.7749998e-10 -0.74666417
3.7499998e-10 -0.76385301
3.7249998e-10 -0.77633536
3.6999998e-10 -0.71917474
3.6749997e-10 -0.74136835
3.6499997e-10 -0.7647422
3.6249997e-10 -0.7341162
3.5999997e-10 -0.74691218
3.5749997e-10 -0.73566699
3.5499997e-10 -0.75745732
3.5249997e-10 -0.75290424
3.4999997e-10 -0.77843636
3.4749997e-10 -0.75131553
3.4499997e-10 -0.75233847
3.4249997e-10 -0.77425516
3.3999997e-10 -0.78345305
3.3749997e-10 -0.77370751
3.3499997e-10 -0.74213845
3.3249997e-10 -0.78469151
3.2999997e-10 -0.7970944
3.2749997e-10 -0.77656645
3.2499997e-10 -0.78202194
3.2249997e-10 -0.80013281
3.1999997e-10 -0.75825948
3.1749997e-10 -0.77811766
3.1499997e-10 -0.76621181
3.1249997e-10 -0.80076379
3.0999997e-10 -0.82267171
3.0749997e-10 -0.78558761
3.0499997e-10 -0.81387144
3.0249997e-10 -0.77335328
2.9999997e-10 -0.77187943
2.9749997e-10 -0.79115492
2.9499997e-10 -0.80705738
2.9249997e-10 -0.79587144
2.8999997e-10 -0.8077966
2.8749997e-10 -0.79581517
2.8499997e-10 -0.81843507
2.8249997e-10 -0.7728923
2.7999997e-10 -0.83081335
2.7749997e-10 -0.82167745
2.7499997e-10 -0.80363041
2.7249997e-10 -0.83117187
2.6999997e-10 -0.81228572
2.6749997e-10 -0.81174743
2.6499997e-10 -0.79999971
2.6249997e-10 -0.82202452
2.5999997e-10 -0.82137281
2.5749997e-10 -0.83051908
2.5499997e-10 -0.80618495
2.5249997e-10 -0.85037583
2.4999997e-10 -0.8270402
2.4749996e-10 -0.84829944
2.4499996e-10 -0.832578
2.4249996e-10 -0.85201854
2.3999996e-10 -0.82540399
2.3749996e-10 -0.8488341
2.3499996e-10 -0.86604375
2.3249996e-10 -0.86611962
2.2999996e-10 -0.88283306
2.2749996e-10 -0.86436039
2.2499996e-10 -0.90034568
2.2249996e-10 -0.8719691
2.1999996e-10 -0.8795827
2.1749996e-10 -0.90020126
2.1499996e-10 -0.87785
2.1249996e-10 -0.87574303
2.0999996e-10 -0.86272544
2.0749996e-10 -0.84271985
2.0499996e-10 -0.90441459
2.0249996e-10 -0.88439095
1.9999996e-10 -0.87964314
1.9749996e-10 -0.90839607
1.9499996e-10 -0.89234608
1.9249996e-10 -0.93132257
1.8999996e-10 -0.90831339
1.8749996e-10 -0.9185614
1.8499996e-10 -0.90536547
1.8249996e-10 -0.90634537
1.7999996e-10 -0.92053294
1.7749996e-10 -0.93358827
1.7499996e-10 -0.91400504
1.7249996e-10 -0.93334997
1.6999996e-10 -0.90884727
1.6749996e-10 -0.94135034
1.6499996e-10 -0.95175785
1.6249996e-10 -0.93975174
1.5999996e-10 -0.94753116
1.5749996e-10 -0.95420998
1.5499996e-10 -0.97797203
1.5249996e-10 -0.94409829
1.4999996e-10 -0.95687264
1.4749996e-10 -0.96187806
1.4499996e-10 -0.99356884
1.4249996e-10 -0.94068414
1.3999996e-10 -0.94898689
1.3749996e-10 -0.99166226
1.3499996e-10 -0.97497976
1.3249996e-10 -1.0086308
1.2999996e-10 -0.9672026
1.2749996e-10 -0.99214292
1.2499995e-10 -1.0151095
1.2249995e-10 -0.97994798
1.1999995e-10 -1.0206193
1.1749995e-10 -1.0123235
1.1499995e-10 -0.97705829
1.1249995e-10 -1.0242251
1.0999995e-10 -1.0136578
1.0749995e-10 -1.0450071
1.0499995e-10 -1.040433
1.0249995e-10 -1.0594476
9.9999953e-11 -1.0603199
9.7499953e-11 -1.0321116
9.4999952e-11 -1.0425279
9.2499952e-11 -1.0493462
8.9999952e-11 -1.0946367
8.7499952e-11 -1.0852575
8.4999952e-11 -1.0746816
8.2499951e-11 -1.1128792
7.9999951e-11 -1.100603
7.7499951e-11 -1.1349781
7.4999951e-11 -1.1397958
7.249995e-11 -1.1316272
6.999995e-11 -1.1172173
6.7500006e-11 -1.1221662
6.5000005e-11 -1.1589603
6.2500005e-11 -1.153301
6.0000005e-11 -1.1421627
5.7500005e-11 -1.1520213
5.5000005e-11 -1.1685821
5.2500004e-11 -1.1881516
5.0000004e-11 -1.1954362
4.7500004e-11 -1.2288927
4.5000004e-11 -1.2219394
4.2500004e-11 -1.2149358
4.0000003e-11 -1.2255452
3.7500003e-11 -1.22589
3.5000003e-11 -1.2382519
3.2500003e-11 -1.2374161
3.0000002e-11 -1.2681477
2.7500002e-11 -1.2676891
2.5000002e-11 -1.2964542
2.2500002e-11 -1.2614505
2.0000002e-11 -1.3150584
1.7500001e-11 -1.3092098
1.5000001e-11 -1.3466156
1.2500001e-11 -1.3290473
1.0000001e-11 -1.3576374
7.5000006e-12 -1.3627746
5.0000004e-12 -1.3586937
2.5000002e-12 -1.3733231
0.0 -1.3672489
